1.535591924863870719e-20
1.031208380086757843e-19
1.620777324115210192e-19
2.663519961500665884e-20
1.010106512428170643e-19
1.044050296841601166e-18
2.565631997090089552e-18
3.307100665548843932e-18
3.071958837156473602e-18
3.769069673985515680e-18
4.320135101707743766e-18
5.735174192249851210e-18
9.420783777427319151e-18
1.658172910544162441e-17
2.086253579346899727e-17
2.214351713640990040e-17
2.248691568765585710e-17
2.317531194766275878e-17
2.896685290695126406e-17
3.014076575566450976e-17
2.101353154599218925e-17
