-8.551737023783672544e-22
1.001274360317418391e-21
-1.561208578435930554e-20
-3.912256102963302459e-20
-8.188099048787025199e-20
-3.552277363407944408e-20
-7.528131185404225811e-21
-5.521153056480923823e-20
-1.345827930967220093e-19
-7.842606856830080075e-21
8.037003556639876771e-20
2.708918947691447711e-19
4.308164071732212981e-20
-6.634910288119503291e-19
-7.335851674220274107e-19
-4.738786264392451111e-19
-1.635747507115398647e-19
7.358903190455666019e-20
1.087349187224300574e-18
8.640765773609105871e-19
-7.473866612953104124e-19
