1.472885525160539388e-01
5.889864959798308819e-01
1.324524915253031843e+00
2.352918347430727142e+00
3.672779881314280903e+00
5.282345069164826157e+00
7.179505793062822327e+00
9.361855958560477475e+00
1.182675197515753673e+01
1.457139270078743998e+01
1.759292623682840429e+01
2.088859491725952466e+01
2.445593452944277146e+01
2.829304655684535064e+01
3.239895690050101962e+01
3.677405344289882549e+01
4.142054683486484379e+01
4.634271970484531522e+01
5.154593506680838289e+01
5.703232797123612130e+01
6.280549632513135805e+01
