-1.077082400397453513e-03
-4.310469597409655532e-03
-9.716346063392796925e-03
-1.732897435090215155e-02
-2.720240327330410157e-02
-3.941297162646393432e-02
-5.406244259307280142e-02
-7.128154890694120283e-02
-9.123371547175669616e-02
-1.141187434771662040e-01
-1.401760961128610539e-01
-1.696864296584452703e-01
-2.029668030223984176e-01
-2.403494442987465507e-01
-2.821362081583611570e-01
-3.285674979602158929e-01
-3.799584584880605909e-01
-4.369994403447770015e-01
-4.995396480695605823e-01
-5.611824851034304951e-01
-6.278800357331393300e-01
