-6.272827468855689433e-03
-1.782068598471862192e-02
-2.845967747423462299e-02
-4.067518232342083595e-02
-4.036019443761705572e-02
1.080590627499778078e+00
2.554222734484935114e-02
-2.804166006325871374e-02
2.499278575648099521e-01
3.368413086788037136e-02
-5.787689596038997179e-03
-9.544690586645679375e-02
-4.597649293984727020e-02
-4.597753246222443385e-02
-3.315685478416995069e-02
-6.991215236290890811e-01
-4.778777831874429782e-02
1.716340860323887010e-02
2.260376480731190796e+00
6.401317828090521966e-02
-2.179666810752158707e-02
1.092867872426528386e+00
1.119719655337133163e-01
-1.140991078356723767e-02
-7.903492158995903960e-01
-4.907190881223665035e-02
1.616646769979846951e-02
5.234851640740555423e-01
9.706670669759015491e-02
-1.414869295350834741e-03
-1.337570297366645899e-01
-1.064262206852295972e-01
-5.320078268720773024e-02
5.754268899115133791e-03
1.616923507361663903e-01
5.399832057240945560e-02
9.749424123500898334e-03
-3.959053468577267837e-02
-4.568280931841236375e-02
-8.996956038978280723e-02
