0.000000000000000000e+00
-1.102137004636754244e-06
-2.992086180779557416e-06
-5.454534826993471341e-06
-8.334428722951030795e-06
-1.152957739896078616e-05
-1.499238162835111091e-05
-1.872423689083182278e-05
-2.276209916691046542e-05
-2.716234849023093707e-05
-3.198566201251433288e-05
-3.728441675763009903e-05
-4.309336935501739858e-05
-4.942429648319740830e-05
-5.626498237202538305e-05
-6.358224456604650730e-05
-7.132793901842516746e-05
-7.944643043351684369e-05
-8.788197978928522153e-05
-9.658481301723149568e-05
-1.055151294198912351e-04
-1.146448273006969785e-04
-1.239571584105029827e-04
-1.334448175818023132e-04
-1.431071175574362084e-04
-1.529469067101936843e-04
-1.629677894966929832e-04
-1.731720435717896511e-04
-1.835594324832435218e-04
-1.941269245461414998e-04
-2.048691752841354523e-04
-2.157795307069131844e-04
-2.268512679442361349e-04
-2.380788037755656025e-04
-2.494586575020739275e-04
-2.609900351186052962e-04
-2.726749885678339145e-04
-2.845181815812550664e-04
-2.965263511352475871e-04
-3.087075854774036163e-04
-3.210705458624470545e-04
-3.336237436916172547e-04
-3.463749544880944525e-04
-3.593308130482135432e-04
-3.724965972960286561e-04
-3.858761782545473565e-04
-3.994720932293290960e-04
-4.132856903587428261e-04
-4.273172940869366895e-04
-4.415663498065253872e-04
-4.560315126993228006e-04
-4.706752600473412341e-04
