0.000000000000000000e+00
6.488490705599769271e-07
1.992468770414366386e-06
3.915857596458355767e-06
6.328590836259425083e-06
9.241106836252691256e-06
1.270815603841292996e-05
1.676404396840405268e-05
2.139974153351776589e-05
2.657243272551776405e-05
3.222630803808111254e-05
3.831048075990613254e-05
4.478868381519472073e-05
5.164117822217400715e-05
5.886180639577285391e-05
6.645323958153273591e-05
7.442238352308830113e-05
8.277668703962384983e-05
9.152135602883288692e-05
1.006572882800332223e-04
1.101796572854172186e-04
1.200771902760215513e-04
1.303321601081791951e-04
1.409209692247590710e-04
1.518150579250191878e-04
1.629818155877051772e-04
1.743852383248118353e-04
1.859862190482826773e-04
1.977425077665669029e-04
2.096084848279372809e-04
2.215349246617604189e-04
2.334689010986585754e-04
2.453539236683992199e-04
2.571303248621372448e-04
2.687358603757139595e-04
2.801064472031273038e-04
2.911769490503371568e-04
3.018819221142554957e-04
3.121562550761664175e-04
3.219356660506582845e-04
3.311570521857337625e-04
3.397587171687841117e-04
3.476805219459694687e-04
3.548640108377284835e-04
3.612525599910539650e-04
3.667915764219196822e-04
3.714287574289724969e-04
3.751143979839776559e-04
3.778017197482424344e-04
3.794471930264346131e-04
3.800108432171995306e-04
3.794566266943982195e-04
3.777534975035362380e-04
3.748843932936137381e-04
3.706023672549157012e-04
