9.999999999999961142e-01
9.999539700073506454e-01
9.998554978101589219e-01
9.996795143433576669e-01
9.994453011126709363e-01
9.991655113952091494e-01
9.988483760982344029e-01
9.984741854121110816e-01
9.978809149043660343e-01
9.972110203743379531e-01
9.964676885777866699e-01
9.956557790149893616e-01
9.947988076586088413e-01
9.939042740371218931e-01
9.929764819242096197e-01
9.920168674728928604e-01
9.910247826432881935e-01
9.899985100530027671e-01
9.889362668317397409e-01
9.878370037725705544e-01
9.867008897501735598e-01
9.855294574611060954e-01
9.843254538581361901e-01
9.830924794453165250e-01
9.818345163851402990e-01
9.805554416880549740e-01
9.792586047000285676e-01
9.779465231140203052e-01
9.766207236078850995e-01
9.752817262873684223e-01
9.739291500799038825e-01
9.725619016835662656e-01
9.711784047281909471e-01
9.697768279588673268e-01
9.683552796943409868e-01
9.669119479543129003e-01
9.654451787700061294e-01
9.639534968877163656e-01
9.624355817443107641e-01
9.608902163830144172e-01
9.593162278885107863e-01
9.577124355594693883e-01
9.560776184212840256e-01
9.544105079925528923e-01
9.527098065993616638e-01
9.509742268223333461e-01
9.492025445725488231e-01
9.473936568774393718e-01
9.455466356555226604e-01
9.436607700976733515e-01
9.417355919591237079e-01
9.397708785197219639e-01
9.377666215003516159e-01
9.357228859197180837e-01
9.336406900799772979e-01
