0.000000000000000000e+00
3.604766809608122013e-01
1.113405610019767789e+00
1.922874736392277129e+00
2.777751264301061340e+00
3.671953837327217585e+00
4.601438419725459639e+00
5.563226863608390360e+00
6.554981702596244020e+00
7.574786086681008612e+00
8.621017018785181563e+00
9.692266695755343164e+00
1.078729099018016413e+01
1.190497434025638057e+01
1.304430512489383531e+01
1.420435805580081734e+01
1.538428145480640552e+01
1.658328805193130506e+01
1.780064839974270541e+01
1.903568628560667975e+01
2.028777570668177788e+01
2.155633909273220183e+01
2.284084654216660226e+01
2.414081589099439640e+01
2.545581347125740024e+01
2.678545544038209414e+01
2.812940957943022369e+01
2.948739746882868928e+01
3.085919695652861350e+01
3.224464483693790839e+01
3.364363966032945541e+01
3.505614459256105420e+01
3.648219024444317427e+01
3.792187738963433219e+01
3.937537949001377058e+01
4.084294494863812020e+01
4.232489901320001024e+01
4.382164525779397479e+01
4.533366657836262448e+01
4.686152564783806440e+01
4.840586479102371698e+01
4.996740525682189116e+01
5.154694588618664852e+01
5.314536119729710606e+01
5.476359893325096095e+01
5.640267713938563077e+01
5.806368085347564545e+01
5.974775849790303539e+01
6.145611805341341949e+01
6.319002305992553659e+01
6.495078846869147071e+01
6.673977620079070050e+01
6.855839032156664814e+01
7.040807148483362710e+01
7.229029028205022200e+01
7.420653901813109599e+01
7.615832139461821271e+01
7.814713959420036815e+01
8.017447834486050340e+01
8.224178570140178124e+01
8.435045051118123638e+01
8.650177681596581181e+01
8.869695576475604071e+01
9.093703595429296627e+01
9.322289345615527623e+01
9.555520310940978845e+01
9.793441292218730609e+01
1.003607235831475464e+02
1.028340750675418747e+02
1.053541420641333559e+02
1.079203394049345093e+02
1.105318378598671245e+02
1.131875896463627384e+02
1.158863619537970919e+02
1.186267758933598770e+02
1.214073477499331375e+02
1.242265293674085171e+02
1.270827449627392127e+02
1.299744225212717765e+02
1.329000189459720218e+02
1.358580390452694928e+02
1.388470490382553919e+02
1.418656854677495858e+02
1.449126603392960817e+02
1.479867631418459553e+02
1.510868603286564849e+02
1.542118929034572830e+02
1.573608728917213284e+02
1.605328795335846053e+02
1.637270558977978112e+02
1.669426062687129502e+02
1.701787941892613958e+02
1.734349405968904136e+02
1.767104212065773936e+02
1.800046622654498378e+02
1.833171340472458724e+02
1.866473419172378101e+02
1.899948153620196365e+02
1.933590958918845786e+02
1.967397250441230199e+02
2.001362337542108207e+02
2.035481341060939542e+02
2.069749139861144158e+02
2.104160345638161687e+02
2.138709299484163466e+02
2.173390079570959017e+02
2.208196507808252136e+02
2.243122144809637462e+02
2.278160266519898016e+02
2.313303821254500008e+02
2.348545371140132261e+02
2.383877025630893058e+02
2.419290376125677540e+02
2.454776439767084071e+02
2.490325617983406801e+02
2.525927672305207921e+02
2.561571717403053867e+02
2.597246229714726269e+02
2.632939069500382061e+02
2.668637514336154481e+02
2.704328302412532707e+02
2.739997684126766444e+02
2.775631480186655153e+02
2.811215143896882296e+02
2.846733824771664558e+02
2.882172430404035595e+02
2.917515683784600355e+02
2.952748173965217688e+02
2.987854398924246198e+02
3.022818800461643605e+02
3.057625791735991925e+02
3.092259778543532320e+02
3.126705175636958529e+02
3.160946419361362700e+02
3.194967977747647865e+02
3.228754359029712191e+02
3.262290119385212961e+02
3.295559870545201306e+02
3.328548287759023196e+02
3.361240118420688532e+02
3.393620191457364399e+02
3.425673427370843456e+02
3.457384848639463257e+02
3.488739590067484642e+02
3.519722908633627867e+02
3.550320192437663422e+02
3.580516968454895732e+02
3.610298908945948710e+02
3.639651836502638957e+02
3.668561727817342444e+02
3.697014716339922416e+02
3.724997094041197556e+02
3.752495312548919060e+02
3.779495983969519557e+02
3.805985881751979036e+02
3.831951941975126488e+02
3.857381265428555821e+02
3.882261120793075975e+02
3.906578949107675953e+02
3.930322369548798065e+02
3.953479186368745673e+02
3.976037396679373614e+02
3.997985198653756811e+02
4.019310999677500149e+02
4.040003424018537999e+02
4.060051319689461593e+02
4.079443764330443969e+02
4.098170070106668845e+02
4.116219787767346361e+02
4.133582710121862647e+02
4.150248875242563145e+02
4.166208569699255122e+02
4.181452332077016081e+02
4.195970956944820500e+02
4.209755499348507328e+02
4.222797279814931812e+02
4.235087889790501094e+02
4.246619197401292922e+02
4.257383353413983968e+02
4.267372797289618234e+02
4.276580263249144309e+02
4.284998786298274354e+02
4.292621708185016587e+02
4.299442683279868902e+02
4.305455684376171348e+02
4.310655008405918238e+02
4.315035282060387658e+02
4.318591467295655661e+02
4.321318866695199858e+02
4.323213128658937308e+02
4.324270252386583024e+02
4.324486592622872081e+02
4.323858864182607249e+02
4.322384146157355076e+02
4.320059885919403087e+02
4.316883902854659709e+02
4.312854391873249256e+02
4.307969926720732587e+02
4.302229463119603565e+02
4.295632341772763425e+02
4.284473107491321571e+02
4.283070574332807610e+02
4.281820209961331329e+02
4.280687873808997779e+02
4.279707405348218003e+02
4.278915857056805407e+02
4.278339095681187700e+02
4.277990920913404693e+02
4.277876559357852102e+02
4.277997041029143475e+02
4.278352773752666849e+02
4.278945456978376001e+02
4.279778061527323416e+02
4.280853102018132859e+02
4.282169807388534082e+02
4.283720992098227498e+02
4.285490428462795762e+02
4.287451350021103735e+02
4.289566438830859170e+02
4.291789337915469105e+02
4.294067448827518092e+02
4.296345571288791234e+02
4.298569842405276518e+02
4.300691439080704299e+02
4.302669601177167351e+02
4.304473683767852208e+02
4.306084118746261424e+02
4.307492326425322062e+02
4.308699742712525449e+02
4.309716204569137972e+02
4.310557964443620449e+02
4.311245590481823342e+02
4.311801965838029673e+02
4.312250541082061659e+02
4.312613930916113532e+02
4.312912889535101613e+02
4.313165653688522525e+02
4.313387611113871571e+02
4.313591234137704760e+02
4.313786211800456840e+02
4.313979715965313630e+02
4.314176744528640484e+02
4.314380495427610072e+02
4.314592736585706234e+02
4.314814147838505392e+02
4.315044620387206464e+02
4.315283507039229107e+02
4.315529822328797422e+02
4.315782395679336787e+02
4.316039983303452914e+02
4.316301345809455938e+02
4.316565298784570359e+02
4.316830743227296807e+02
4.317096681852688675e+02
4.317362226201344697e+02
4.317626598315361548e+02
4.317889129623356439e+02
4.318149258689264229e+02
4.318406528668332385e+02
4.318660584703582117e+02
4.318911171080764007e+02
4.319158127724923020e+02
4.319401385544662162e+02
4.319640960176027420e+02
4.319876943820605675e+02
4.320109495073326116e+02
4.320338826865498731e+02
4.320565192875166076e+02
4.320788872952877000e+02
4.321010158254396742e+02
4.321229336847154627e+02
4.321446680557583591e+02
4.321662433752022707e+02
4.321876804605540201e+02
4.322089959225791063e+02
4.322302018783055928e+02
4.322513059576971273e+02
4.322723115764757722e+02
4.322932184304448811e+02
4.323140231542728316e+02
4.323347200807558011e+02
4.323553020351997702e+02
4.323757611033987587e+02
4.323960893197950099e+02
4.324162792338045165e+02
4.324363243256861438e+02
4.324562192575268682e+02
4.324759599588489323e+02
4.324955435589580475e+02
4.325149681888395889e+02
4.325342326835264544e+02
4.325533362210346127e+02
4.325722779362305914e+02
4.325910565471576206e+02
4.326096700278779394e+02
4.326281153560551047e+02
4.326463883558870975e+02
4.326644836483249037e+02
4.326823947114267526e+02
4.327001140449117997e+02
4.327176334252542915e+02
4.327349442313585541e+02
4.327520378165247621e+02
4.327689059000811085e+02
4.327855409518863894e+02
4.328019365445743460e+02
4.328180876517478737e+02
4.328339908749037477e+02
4.328496445872755203e+02
4.328650489885505976e+02
4.328802060702504377e+02
4.328951194970443339e+02
4.329097944140752929e+02
4.329242371944125125e+02
4.329384551436546076e+02
4.329524561805827716e+02
4.329662485132965912e+02
4.329798403297672849e+02
4.329932395198948711e+02
4.330064534435239239e+02
4.330194887552180489e+02
4.330323512925135674e+02
4.330450460299178985e+02
4.330575770965644438e+02
4.330699478513304825e+02
4.330821610057708426e+02
4.330942187826038321e+02
4.331061230957571979e+02
4.331178757373473331e+02
4.331294785573943500e+02
4.331409336232960641e+02
4.331522433482982706e+02
4.331634105808592494e+02
4.331744386499441362e+02
4.331853313645709704e+02
4.331960929691532556e+02
4.332067280591833196e+02
4.332172414643175671e+02
4.332276381079403222e+02
4.332379228535397147e+02
4.332481003488350098e+02
4.332581748783634907e+02
4.332681502343825741e+02
4.332780296143931196e+02
4.332878155515377898e+02
4.332975098817797175e+02
4.333071137491369313e+02
4.333166276477517158e+02
4.333260514971147472e+02
4.333353847448028091e+02
4.333446264894564024e+02
4.333537756157401191e+02
4.333628309326080625e+02
4.333717913063762808e+02
4.333806557808167099e+02
4.333894236777208562e+02
4.333980946729136008e+02
4.334066688445273599e+02
4.334151466922721738e+02
4.334235291283231959e+02
4.334318174422148218e+02
4.334400132436901458e+02
4.334481183885858968e+02
4.334561348937033927e+02
4.334640648469587063e+02
4.334719103190813598e+02
4.334796732826733887e+02
4.334873555436412289e+02
4.334949586888832300e+02
4.335024840528520258e+02
4.335099327041473316e+02
4.335173054519041216e+02
4.335246028704095806e+02
4.335318253391745316e+02
4.335389730948489841e+02
4.335460462906982002e+02
4.335530450590590021e+02
4.335599695722762590e+02
4.335668200979007452e+02
4.335735970445595058e+02
4.335803009957101040e+02
4.335869327294650475e+02
4.335934932236677923e+02
4.335999836465075532e+02
4.336064053338286612e+02
4.336127597552456905e+02
4.336190484717602658e+02
4.336252730880613626e+02
4.336314352029332895e+02
4.336375363611484772e+02
4.336435780099959629e+02
4.336495614631565445e+02
4.336554878740215599e+02
4.336613582198336871e+02
4.336671732972278619e+02
4.336729337289893920e+02
4.336786399810646913e+02
4.336842923882400100e+02
4.336898911863863759e+02
4.336954365488011831e+02
4.337009286240513006e+02
4.337063675727106329e+02
4.337117536005640090e+02
4.337170869862593463e+02
4.337223681017586046e+02
4.337275974245840189e+02
4.337327755413921295e+02
4.337379031430303939e+02
4.337429810118001114e+02
4.337480100021308544e+02
4.337529910162668898e+02
4.337579249768207887e+02
4.337628127982153501e+02
4.337676553589866444e+02
4.337724534767942828e+02
4.337772078877495687e+02
4.337819192312885548e+02
4.337865880413910986e+02
4.337912147445384790e+02
4.337957996642552416e+02
4.338003430317182278e+02
4.338048450015077719e+02
4.338093056712274347e+02
4.338137251036091584e+02
4.338181033495101246e+02
4.338224404702845050e+02
4.338267365581080526e+02
4.338309917529879840e+02
4.338352062555355815e+02
4.338393803348352549e+02
4.338435143311274373e+02
4.338476086533967759e+02
4.338516637722271412e+02
4.338556802086666266e+02
4.338596585200218669e+02
4.338635992836579476e+02
4.338675030800260970e+02
4.338713704760666587e+02
4.338752020101115932e+02
4.338789981792291428e+02
4.338827594297800943e+02
4.338864861516470910e+02
4.338901786764320718e+02
4.338938372795053056e+02
4.338974621856502267e+02
4.339010535777620134e+02
4.339046116078714590e+02
4.339081364096578568e+02
4.339116281115491915e+02
4.339150868494842825e+02
4.339185127785085001e+02
4.339219060824481176e+02
4.339252669810933298e+02
4.339285957345160227e+02
4.339318926443239093e+02
4.339351580518987248e+02
4.339383923338581326e+02
4.339415958951423136e+02
4.339447691602885016e+02
4.339479125635411947e+02
4.339510265385160892e+02
4.339541115081080989e+02
4.339571678753263768e+02
4.339601960156090854e+02
4.339631962711008555e+02
4.339661689471624868e+02
4.339691143112877398e+02
4.339720325943847001e+02
4.339749239942441363e+02
4.339777886808843164e+02
4.339806268033398169e+02
4.339834384973673878e+02
4.339862238935607479e+02
4.339889831252669410e+02
4.339917163358302901e+02
4.339944236847005641e+02
4.339971053520318947e+02
4.339997615415535961e+02
4.340023924815884016e+02
4.340049984242230039e+02
4.340075796427850605e+02
4.340101364278424967e+02
4.340126690820856084e+02
4.340151779144603097e+02
4.340176632339959042e+02
4.340201253437367086e+02
4.340225645352096535e+02
4.340249810837491395e+02
4.340273752449699032e+02
4.340297472526014531e+02
4.340320973177283577e+02
4.340344256294706611e+02
4.340367323569878408e+02
4.340390176526099140e+02
4.340412816558540499e+02
4.340435244980177458e+02
4.340457463070088693e+02
4.340479472120955506e+02
4.340501273482459510e+02
4.340522868598002333e+02
4.340544259032412242e+02
4.340565446489241026e+02
4.340586432816948559e+02
4.340607220003902285e+02
4.340627810163153981e+02
4.340648205508290403e+02
4.340668408322346181e+02
4.340688420922425053e+02
4.340708245622063259e+02
4.340727884694514387e+02
4.340747340338908202e+02
4.340766614651909094e+02
4.340785709606005867e+02
4.340804627036146712e+02
4.340823368634950157e+02
4.340841935956530619e+02
4.340860330428481006e+02
4.340878553370582722e+02
4.340896606019090314e+02
4.340914489554362490e+02
4.340932205130156376e+02
4.340949753902304451e+02
4.340967137055172316e+02
4.340984355823858891e+02
4.341001411511150536e+02
4.341018305498123482e+02
4.341035039247997815e+02
4.341051614303380006e+02
4.341068032277109410e+02
4.341084294837885977e+02
4.341100403691636416e+02
4.341116360560209273e+02
4.341132167158916673e+02
4.341147825174369927e+02
4.341163336244368907e+02
4.341178701940795008e+02
4.341193923756873119e+02
4.341209003099183406e+02
4.341223941285156798e+02
4.341238739545486851e+02
4.341253399031733693e+02
4.341267920827820035e+02
4.341282305965022488e+02
4.341296555438772202e+02
4.341310670226640696e+02
4.341324651305782254e+02
4.341338499669020052e+02
4.341352216338329981e+02
4.341365802375149769e+02
4.341379258886699972e+02
4.341392587028337289e+02
4.341405788001753194e+02
4.341418863049366905e+02
4.341431813445497028e+02
4.341444640485118498e+02
4.341457345470729479e+02
4.341469929698844226e+02
4.341482394446524040e+02
4.341494740959182081e+02
4.341506970440332793e+02
4.341519084043944758e+02
4.341531082869654483e+02
4.341542967961481736e+02
4.341554740309275076e+02
4.341566400853620848e+02
4.341577950492807076e+02
4.341589390092007648e+02
4.341600720493621566e+02
4.341611942528156760e+02
4.341623057024831382e+02
4.341634064821201946e+02
4.341644966771489180e+02
4.341655763752444273e+02
4.341666456667350076e+02
4.341677046447041448e+02
4.341687534048849102e+02
4.341697920453025290e+02
4.341708206657223172e+02
4.341718393669548846e+02
4.341728482500553810e+02
4.341738474155029053e+02
4.341748369623708186e+02
4.341758169876010243e+02
4.341767875853802252e+02
4.341777488466817090e+02
4.341787008590003438e+02
4.341796437062622545e+02
4.341805774689568125e+02
4.341815022244148849e+02
4.341824180472686976e+02
4.341833250100045234e+02
4.341842231836034216e+02
4.341851126382015877e+02
4.341859934437459856e+02
4.341868656705650551e+02
4.341877293898729704e+02
4.341885846741299702e+02
4.341894315972575100e+02
4.341902702347089189e+02
4.341911006633838497e+02
4.341919229614051119e+02
4.341927372077759060e+02
4.341935434819487227e+02
4.341943418633426859e+02
4.341951324308262201e+02
4.341959152622368947e+02
4.341966904339251982e+02
4.341974580203918777e+02
4.341982180940179319e+02
4.341989707249063599e+02
4.341997159808497599e+02
4.342004539274080344e+02
4.342011846280989289e+02
4.342019081446826476e+02
4.342026245375018902e+02
4.342033338658857247e+02
4.342040361885446487e+02
4.342047315639747467e+02
4.342054200508024451e+02
4.342061017080914667e+02
4.342067765955436016e+02
4.342074447736387128e+02
4.342081063036598039e+02
4.342087612476365734e+02
4.342094096682030795e+02
4.342100516283808815e+02
4.342106871913196642e+02
4.342113164199873836e+02
4.342119393768721807e+02
4.342125561236722433e+02
4.342131667210404657e+02
4.342137712283565634e+02
4.342143697035714354e+02
4.342149622031210470e+02
4.342155487819138671e+02
4.342161294933849263e+02
4.342167043896171776e+02
4.342172735215245893e+02
4.342178369390649095e+02
4.342183946914827857e+02
4.342189468275582840e+02
4.342194933958504066e+02
4.342200344449051954e+02
4.342205700234389951e+02
4.342211001804596435e+02
4.342216249653405384e+02
4.342221444278388276e+02
4.342226586180483423e+02
4.342231675863131386e+02
4.342236713830913573e+02
4.342241700587910032e+02
4.342246636635845221e+02
4.342251522472230931e+02
4.342256358588549574e+02
4.342261145468675068e+02
4.342265883587540429e+02
4.342270573410268071e+02
4.342275215391691177e+02
4.342279809976319029e+02
4.342284357598688871e+02
4.342288858684300976e+02
4.342293313650590107e+02
4.342297722908411970e+02
4.342302086863435306e+02
4.342306405917776146e+02
4.342310680471381374e+02
4.342314910923377056e+02
4.342319097673060355e+02
4.342323241120715238e+02
4.342327341667995597e+02
4.342331399717960494e+02
4.342335415674813248e+02
4.342339389943322203e+02
4.342343322927946474e+02
4.342347215031879841e+02
4.342351066655863292e+02
4.342354878197107269e+02
4.342358650048104209e+02
4.342362382595842973e+02
4.342366076220883997e+02
4.342369731296972759e+02
4.342373348190706110e+02
4.342376927261574338e+02
4.342380468862317571e+02
4.342383973339333352e+02
4.342387441033494611e+02
4.342390872280966505e+02
4.342394267414098294e+02
4.342397626762443679e+02
4.342400950653583891e+02
4.342404239413932032e+02
4.342407493369379381e+02
4.342410712845695571e+02
4.342413898168788364e+02
4.342417049664728665e+02
4.342420167659475965e+02
4.342423252478622544e+02
4.342426304446763652e+02
4.342429323886960901e+02
4.342432311119961241e+02
4.342435266463602375e+02
4.342438190232078910e+02
4.342441082735454643e+02
4.342443944279167454e+02
4.342446775163791131e+02
4.342449575684840966e+02
4.342452346132905632e+02
4.342455086793794408e+02
4.342457797948871985e+02
4.342460479875550163e+02
4.342463132847808538e+02
4.342465757136771458e+02
4.342468353011279305e+02
4.342470920738447830e+02
4.342473460584127452e+02
4.342475972813277849e+02
4.342478457690228311e+02
4.342480915478805059e+02
4.342483346442294305e+02
4.342485750843372898e+02
4.342488128943811034e+02
4.342490481004186336e+02
4.342492807283460365e+02
4.342495108038612557e+02
4.342497383524164434e+02
4.342499633991854466e+02
4.342501859690230503e+02
4.342504060864533812e+02
4.342506237756347218e+02
4.342508390603747443e+02
4.342510519641177780e+02
4.342512625099712977e+02
4.342514707207197944e+02
4.342516766188581414e+02
4.342518802266297939e+02
4.342520815660493554e+02
4.342522806589541915e+02
4.342524775270262012e+02
4.342526721918249564e+02
4.342528646748068013e+02
4.342530549973453162e+02
4.342532431807327953e+02
4.342534292461821792e+02
4.342536132148137540e+02
4.342537951076498075e+02
4.342539749455828542e+02
4.342541527493599460e+02
4.342543285395538533e+02
4.342545023365396446e+02
4.342546741604724048e+02
4.342548440312668845e+02
4.342550119685820960e+02
4.342551779918175043e+02
4.342553421201072865e+02
4.342555043723222639e+02
4.342556647670876373e+02
4.342558233227922528e+02
4.342559800576014482e+02
4.342561349894951945e+02
4.342562881362720759e+02
4.342564395155867487e+02
4.342565891449529545e+02
4.342567370417808661e+02
4.342568832233749845e+02
4.342570277069478379e+02
4.342571705096244727e+02
4.342573116484422826e+02
4.342574511403414590e+02
4.342575890021583405e+02
4.342577252506155219e+02
4.342578599022997423e+02
4.342579929736556323e+02
4.342581244809656482e+02
4.342582544403375664e+02
4.342583828676931148e+02
4.342585097787647896e+02
4.342586351890838614e+02
4.342587591139888445e+02
4.342588815686187900e+02
4.342590025679306791e+02
4.342591221266997650e+02
4.342592402595426506e+02
4.342593569809143332e+02
4.342594723051427650e+02
4.342595862464240781e+02
4.342596988188470846e+02
4.342598100363985623e+02
4.342599199129674616e+02
4.342600284623622429e+02
4.342601356982988818e+02
4.342602416344109315e+02
4.342603462842369026e+02
4.342604496612229923e+02
4.342605517787083045e+02
4.342606526499246797e+02
4.342607522879736734e+02
4.342608507058366740e+02
4.342609479163495507e+02
4.342610439322075990e+02
4.342611387659586626e+02
4.342612324300005184e+02
4.342613249365788874e+02
4.342614162977961314e+02
4.342615065256106845e+02
4.342615956318464896e+02
4.342616836281978294e+02
4.342617705262456411e+02
4.342618563374495011e+02
4.342619410731814469e+02
4.342620247447089241e+02
4.342621073632138291e+02
4.342621889397976247e+02
4.342622694854809424e+02
4.342623490112038098e+02
4.342624275278300274e+02
4.342625050461369369e+02
4.342625815768259940e+02
4.342626571304986101e+02
4.342627317176695101e+02
4.342628053487478610e+02
4.342628780340438084e+02
4.342629497837530721e+02
4.342630206079620052e+02
4.342630905166416824e+02
4.342631595196477292e+02
4.342632276267216866e+02
4.342632948474917498e+02
4.342633611914774860e+02
4.342634266680963719e+02
4.342634912866619175e+02
4.342635550563932156e+02
4.342636179864277892e+02
4.342636800858124388e+02
4.342637413635178518e+02
4.342638018284425243e+02
4.342638614894077591e+02
4.342639203551711944e+02
4.342639784344188456e+02
4.342640357357671519e+02
4.342640922677608160e+02
4.342641480388762147e+02
4.342642030575093486e+02
4.342642573319794792e+02
4.342643108705270265e+02
4.342643636813041894e+02
4.342644157723800049e+02
4.342644671517327879e+02
4.342645178272550197e+02
4.342645678067447079e+02
4.342646170979168687e+02
4.342646657083966488e+02
4.342647136457245551e+02
4.342647609173595811e+02
4.342648075306842088e+02
4.342648534930032724e+02
4.342648988115528823e+02
4.342649434934997998e+02
4.342649875459475197e+02
4.342650309759332572e+02
4.342650737904388620e+02
4.342651159963833720e+02
4.342651576006298910e+02
4.342651986099771193e+02
4.342652390311699264e+02
4.342652788708884373e+02
4.342653181357533185e+02
4.342653568323194690e+02
4.342653949670734619e+02
4.342654325464389444e+02
4.342654695767691351e+02
4.342655060643459137e+02
4.342655420153859041e+02
4.342655774360330270e+02
4.342656123323619113e+02
4.342656467103799969e+02
4.342656805760317411e+02
4.342657139351927640e+02
4.342657467936808189e+02
4.342657791572522115e+02
4.342658110316048123e+02
4.342658424223852762e+02
4.342658733351831302e+02
4.342659037755387317e+02
4.342659337489417339e+02
4.342659632608304605e+02
4.342659923165962823e+02
4.342660209215804912e+02
4.342660490810743568e+02
4.342660768003177623e+02
4.342661040845036382e+02
4.342661309387665369e+02
4.342661573681950244e+02
4.342661833778162190e+02
4.342662089726126169e+02
4.342662341575006621e+02
4.342662589373538822e+02
4.342662833169811165e+02
4.342663073011444794e+02
4.342663308945520271e+02
4.342663541018549722e+02
4.342663769276604171e+02
4.342663993765246460e+02
4.342664214529548872e+02
4.342664431614139744e+02
4.342664645063211424e+02
4.342664854920502080e+02
4.342665061229340040e+02
4.342665264032644927e+02
4.342665463372919135e+02
4.342665659292264877e+02
4.342665851832364297e+02
4.342666041034524937e+02
4.342666226939589365e+02
4.342666409588072156e+02
4.342666589019971752e+02
4.342666765274916543e+02
4.342666938392120528e+02
4.342667108410329888e+02
4.342667275367872435e+02
4.342667439302689445e+02
4.342667600252219700e+02
4.342667758253544434e+02
4.342667913343299233e+02
4.342668065557726322e+02
4.342668214932683668e+02
4.342668361503602910e+02
4.342668505305567237e+02
4.342668646373314232e+02
4.342668784741180161e+02
4.342668920443164779e+02
4.342669053512958612e+02
4.342669183983882704e+02
4.342669311888921584e+02
4.342669437260756808e+02
4.342669560131719777e+02
4.342669680533811629e+02
4.342669798498727687e+02
4.342669914057789242e+02
4.342670027242019160e+02
4.342670138082085032e+02
4.342670246608321918e+02
4.342670352850718700e+02
4.342670456838941391e+02
4.342670558602310393e+02
4.342670658169813578e+02
4.342670755570093775e+02
4.342670850831514144e+02
4.342670943982068366e+02
4.342671035049471584e+02
4.342671124061118917e+02
4.342671211044105348e+02
4.342671296025256424e+02
4.342671379031068568e+02
4.342671460087827313e+02
4.342671539221458374e+02
4.342671616457697041e+02
4.342671691821960849e+02
4.342671765339418926e+02
4.342671837034951636e+02
4.342671906933232435e+02
4.342671975058590306e+02
4.342672041435163806e+02
4.342672106086774875e+02
4.342672169036994774e+02
4.342672230309141810e+02
4.342672289926246094e+02
4.342672347911082511e+02
4.342672404286168444e+02
4.342672459073760365e+02
4.342672512295833940e+02
4.342672563974143713e+02
4.342672614130177067e+02
4.342672662785188322e+02
4.342672709960153270e+02
4.342672755675887970e+02
4.342672799952885612e+02
4.342672842811501823e+02
4.342672884271798921e+02
4.342672924353670396e+02
4.342672963076742008e+02
4.342673000460484900e+02
4.342673036524126928e+02
4.342673071286666868e+02
4.342673104766929555e+02
4.342673136983499944e+02
4.342673167954775408e+02
4.342673197698934473e+02
4.342673226233932837e+02
4.342673253577545438e+02
4.342673279747302786e+02
4.342673304760552355e+02
4.342673328634450627e+02
4.342673351385902833e+02
4.342673373031659025e+02
4.342673393588262343e+02
4.342673413072039921e+02
4.342673431499138701e+02
4.342673448885522021e+02
4.342673465246975866e+02
4.342673480599088407e+02
4.342673494957270464e+02
4.342673508336761188e+02
4.342673520752650802e+02
4.342673532219786239e+02
4.342673542752956450e+02
4.342673552366669014e+02
4.342673561075336579e+02
4.342673568893184779e+02
4.342673575834272697e+02
4.342673581912482064e+02
4.342673587141550229e+02
4.342673591535042306e+02
4.342673595106356856e+02
4.342673597868733850e+02
4.342673599835260347e+02
4.342673601018838667e+02
4.342673601432242094e+02
4.342673601088073383e+02
4.342673599998761915e+02
4.342673598176634755e+02
4.342673595633828540e+02
4.342673592382341212e+02
4.342673588434038834e+02
4.342673583800637971e+02
4.342673578493709101e+02
4.342673572524690258e+02
4.342673565904894986e+02
4.342673558645469143e+02
4.342673550757473890e+02
4.342673542251798153e+02
4.342673533139206938e+02
4.342673523430353271e+02
4.342673513135736130e+02
4.342673502265766388e+02
4.342673490830653691e+02
4.342673478840566190e+02
4.342673466305478769e+02
4.342673453235274224e+02
4.342673439639700632e+02
4.342673425528379312e+02
4.342673410910815619e+02
4.342673395796405202e+02
4.342673380194383981e+02
4.342673364113919661e+02
4.342673347564029882e+02
4.342673330553644178e+02
4.342673313091548266e+02
4.342673295186451696e+02
4.342673276846931572e+02
4.342673258081470635e+02
4.342673238898436807e+02
4.342673219306092847e+02
4.342673199312615111e+02
4.342673178926040691e+02
4.342673158154356656e+02
4.342673137005389208e+02
4.342673115486924758e+02
4.342673093606593397e+02
4.342673071371976334e+02
4.342673048790495045e+02
4.342673025869560206e+02
4.342673002616391500e+02
4.342672979038173366e+02
4.342672955141984517e+02
4.342672930934793385e+02
4.342672906423477457e+02
4.342672881614851690e+02
4.342672856515600301e+02
4.342672831132350666e+02
4.342672805471611355e+02
4.342672779539832391e+02
4.342672753343369436e+02
4.342672726888497436e+02
4.342672700181394703e+02
4.342672673228175881e+02
4.342672646034851596e+02
4.342672618607367667e+02
4.342672590951609095e+02
4.342672563073337528e+02
4.342672534978283920e+02
4.342672506672050758e+02
4.342672478160225182e+02
4.342672449448257339e+02
4.342672420541550196e+02
4.342672391445452149e+02
4.342672362165203594e+02
4.342672332705978420e+02
4.342672303072882301e+02
4.342672273270963501e+02
4.342672243305166830e+02
4.342672213180399581e+02
4.342672182901475253e+02
4.342672152473158462e+02
4.342672121900139928e+02
4.342672091187037040e+02
4.342672060338397841e+02
4.342672029358733425e+02
4.342671998252468484e+02
4.342671967023962338e+02
4.342671935677525425e+02
4.342671904217386327e+02
4.342671872647772489e+02
4.342671840972749919e+02
4.342671809196406230e+02
4.342671777322767639e+02
4.342671745355734174e+02
4.342671713299228600e+02
4.342671681157062267e+02
4.342671648933018673e+02
4.342671616630794915e+02
4.342671584254078425e+02
4.342671551806455454e+02
4.342671519291470759e+02
4.342671486712654882e+02
4.342671454073401378e+02
4.342671421377144156e+02
4.342671388627191504e+02
4.342671355826867625e+02
4.342671322979381330e+02
4.342671290087921534e+02
4.342671257155642479e+02
4.342671224185629626e+02
4.342671191180946266e+02
4.342671158144549963e+02
4.342671125079426702e+02
4.342671091988454464e+02
4.342671058874514074e+02
4.342671025740423829e+02
4.342670992588919034e+02
4.342670959422755459e+02
4.342670926244614975e+02
4.342670893057120907e+02
4.342670859862862471e+02
4.342670826664414676e+02
4.342670793464270673e+02
4.342670760264909973e+02
4.342670727068750693e+02
4.342670693878194470e+02
4.342670660695575862e+02
4.342670627523208395e+02
4.342670594363349892e+02
4.342670561218265561e+02
4.342670528090117159e+02
4.342670494981080083e+02
4.342670461893249012e+02
4.342670428828749323e+02
4.342670395789589293e+02
4.342670362777809032e+02
4.342670329795366229e+02
4.342670296844218569e+02
4.342670263926276562e+02
4.342670231043401827e+02
4.342670198197455420e+02
4.342670165390235297e+02
4.342670132623514974e+02
4.342670099899059437e+02
4.342670067218543863e+02
4.342670034583691177e+02
4.342670001996125961e+02
4.342669969457472803e+02
4.342669936969311948e+02
4.342669904533217391e+02
4.342669872150712536e+02
4.342669839823290658e+02
4.342669807552431394e+02
4.342669775339570037e+02
4.342669743186127107e+02
4.342669711093499245e+02
4.342669679063014314e+02
4.342669647096043946e+02
4.342669615193867685e+02
4.342669583357788952e+02
4.342669551589034427e+02
4.342669519888863761e+02
4.342669488258462707e+02
4.342669456699009061e+02
4.342669425211682892e+02
4.342669393797577868e+02
4.342669362457825173e+02
4.342669331193505968e+02
4.342669300005669584e+02
4.342669268895356254e+02
4.342669237863588023e+02
4.342669206911345441e+02
4.342669176039586318e+02
4.342669145249291205e+02
4.342669114541357089e+02
4.342669083916691761e+02
4.342669053376180841e+02
4.342669022920692328e+02
4.342668992551055567e+02
4.342668962268108999e+02
4.342668932072629104e+02
4.342668901965427040e+02
4.342668871947238927e+02
4.342668842018823057e+02
4.342668812180916120e+02
4.342668782434199102e+02
4.342668752779369470e+02
4.342668723217116735e+02
4.342668693748055375e+02
4.342668664372852732e+02
4.342668635092114755e+02
4.342668605906444554e+02
4.342668576816414543e+02
4.342668547822617029e+02
4.342668518925563603e+02
4.342668490125822700e+02
4.342668461423888857e+02
4.342668432820275370e+02
4.342668404315483599e+02
4.342668375909954648e+02
4.342668347604163728e+02
4.342668319398541144e+02
4.342668291293524589e+02
4.342668263289533002e+02
4.342668235386933588e+02
4.342668207586137896e+02
4.342668179887518818e+02
4.342668152291404340e+02
4.342668124798174745e+02
4.342668097408123913e+02
4.342668070121607116e+02
4.342668042938911412e+02
4.342668015860311357e+02
4.342667988886115609e+02
4.342667962016570300e+02
4.342667935251939753e+02
4.342667908592466688e+02
4.342667882038377343e+02
4.342667855589904207e+02
4.342667829247243390e+02
4.342667803010588727e+02
4.342667776880136898e+02
4.342667750856054454e+02
4.342667724938528409e+02
4.342667699127658807e+02
4.342667673423652559e+02
4.342667647826600614e+02
4.342667622336646787e+02
4.342667596953889984e+02
4.342667571678446166e+02
4.342667546510405145e+02
4.342667521449846504e+02
4.342667496496839590e+02
4.342667471651485585e+02
4.342667446913798130e+02
4.342667422283841461e+02
4.342667397761664461e+02
4.342667373347284752e+02
4.342667349040734734e+02
4.342667324842026915e+02
4.342667300751159587e+02
4.342667276768139573e+02
4.342667252892957777e+02
4.342667229125581798e+02
4.342667205466005953e+02
4.342667181914186472e+02
4.342667158470077311e+02
4.342667135133632996e+02
4.342667111904823400e+02
4.342667088783556437e+02
4.342667065769755936e+02
4.342667042863390066e+02
4.342667020064336612e+02
4.342666997372521109e+02
4.342666974787848631e+02
4.342666952310221404e+02
4.342666929939512670e+02
4.342666907675642847e+02
4.342666885518476647e+02
4.342666863467863436e+02
4.342666841523704306e+02
4.342666819685847486e+02
4.342666797954165645e+02
4.342666776328489391e+02
4.342666754808666383e+02
4.342666733394569860e+02
4.342666712085991207e+02
4.342666690882795137e+02
4.342666669784793498e+02
4.342666648791807802e+02
4.342666627903649896e+02
4.342666607120151525e+02
4.342666586441091567e+02
4.342666565866283008e+02
4.342666545395545086e+02
4.342666525028636215e+02
4.342666504765378477e+02
4.342666484605530854e+02
4.342666464548894965e+02
4.342666444595233770e+02
4.342666424744321603e+02
4.342666404995944731e+02
4.342666385349842813e+02
4.342666365805802116e+02
4.342666346363569119e+02
4.342666327022894279e+02
4.342666307783551360e+02
4.342666288645253871e+02
4.342666269607775575e+02
4.342666250670841350e+02
4.342666231834215296e+02
4.342666213097588184e+02
4.342666194460730367e+02
4.342666175923365586e+02
4.342666157485206782e+02
4.342666139145986790e+02
4.342666120905414004e+02
4.342666102763232630e+02
4.342666084719138553e+02
4.342666066772841305e+02
4.342666048924074289e+02
4.342666031172529983e+02
4.342666013517905412e+02
4.342665995959922043e+02
4.342665978498266668e+02
4.342665961132651091e+02
4.342665943862780296e+02
4.342665926688316063e+02
4.342665909608978723e+02
4.342665892624467574e+02
4.342665875734429051e+02
4.342665858938598262e+02
4.342665842236635854e+02
4.342665825628228049e+02
4.342665809113067894e+02
4.342665792690820581e+02
4.342665776361174039e+02
4.342665760123804262e+02
4.342665743978385535e+02
4.342665727924601242e+02
4.342665711962111459e+02
4.342665696090573988e+02
4.342665680309719960e+02
4.342665664619137260e+02
4.342665649018558724e+02
4.342665633507623966e+02
4.342665618085995902e+02
4.342665602753339726e+02
4.342665587509326315e+02
4.342665572353624839e+02
4.342665557285884574e+02
4.342665542305765598e+02
4.342665527412932533e+02
4.342665512607048299e+02
4.342665497887766151e+02
4.342665483254739911e+02
4.342665468707640457e+02
4.342665454246106833e+02
4.342665439869800821e+02
4.342665425578389886e+02
4.342665411371501136e+02
4.342665397248822501e+02
4.342665383209976540e+02
4.342665369254635834e+02
4.342665355382438861e+02
4.342665341593048538e+02
4.342665327886117552e+02
4.342665314261283811e+02
4.342665300718200001e+02
4.342665287256548368e+02
4.342665273875931007e+02
4.342665260576045512e+02
4.342665247356498526e+02
4.342665234216970589e+02
4.342665221157097903e+02
4.342665208176526903e+02
4.342665195274930170e+02
4.342665182451932537e+02
4.342665169707190671e+02
4.342665157040350437e+02
4.342665144451074184e+02
4.342665131939008916e+02
4.342665119503780602e+02
4.342665107145072625e+02
4.342665094862525734e+02
4.342665082655759079e+02
4.342665070524469115e+02
4.342665058468289772e+02
4.342665046486852702e+02
4.342665034579825942e+02
4.342665022746874115e+02
4.342665010987616370e+02
4.342664999301734383e+02
4.342664987688843894e+02
4.342664976148648748e+02
4.342664964680764115e+02
4.342664953284848366e+02
4.342664941960569536e+02
4.342664930707574058e+02
4.342664919525502683e+02
4.342664908414026854e+02
4.342664897372798123e+02
4.342664886401483955e+02
4.342664875499715436e+02
4.342664864667171400e+02
4.342664853903493736e+02
4.342664843208368097e+02
4.342664832581410792e+02
4.342664822022314866e+02
4.342664811530735278e+02
4.342664801106323011e+02
4.342664790748735300e+02
4.342664780457650977e+02
4.342664770232722162e+02
4.342664760073612342e+02
4.342664749979986709e+02
4.342664739951513297e+02
4.342664729987860710e+02
4.342664720088676518e+02
4.342664710253638987e+02
4.342664700482426952e+02
4.342664690774691962e+02
4.342664681130121949e+02
4.342664671548362776e+02
4.342664662029094984e+02
4.342664652572002524e+02
4.342664643176748314e+02
4.342664633843000956e+02
4.342664624570430192e+02
4.342664615358738729e+02
4.342664606207563338e+02
4.342664597116618665e+02
4.342664588085564219e+02
4.342664579114068033e+02
4.342664570201831680e+02
4.342664561348509551e+02
4.342664552553810609e+02
4.342664543817403455e+02
4.342664535138972042e+02
4.342664526518194066e+02
4.342664517954774510e+02
4.342664509448376293e+02
4.342664500998698713e+02
4.342664492605432542e+02
4.342664484268253773e+02
4.342664475986854882e+02
4.342664467760947673e+02
4.342664459590204729e+02
4.342664451474313978e+02
4.342664443412986657e+02
4.342664435405907852e+02
4.342664427452780274e+02
4.342664419553285029e+02
4.342664411707134491e+02
4.342664403914034210e+02
4.342664396173663022e+02
4.342664388485737845e+02
4.342664380849965937e+02
4.342664373266031816e+02
4.342664365733646150e+02
4.342664358252533248e+02
4.342664350822377060e+02
4.342664343442899622e+02
4.342664336113790569e+02
4.342664328834773073e+02
4.342664321605568603e+02
4.342664314425868497e+02
4.342664307295398203e+02
4.342664300213876913e+02
4.342664293180994264e+02
4.342664286196503554e+02
4.342664279260089870e+02
4.342664272371496850e+02
4.342664265530419243e+02
4.342664258736593297e+02
4.342664251989758668e+02
4.342664245289594191e+02
4.342664238635852598e+02
4.342664232028277524e+02
4.342664225466555195e+02
4.342664218950429245e+02
4.342664212479638763e+02
4.342664206053897260e+02
4.342664199672956329e+02
4.342664193336530616e+02
4.342664187044349546e+02
4.342664180796178357e+02
4.342664174591704978e+02
4.342664168430696918e+02
4.342664162312911458e+02
4.342664156238031410e+02
4.342664150205843612e+02
4.342664144216074646e+02
4.342664138268471561e+02
4.342664132362763212e+02
4.342664126498705173e+02
4.342664120676042785e+02
4.342664114894517411e+02
4.342664109153898835e+02
4.342664103453903977e+02
4.342664097794298641e+02
4.342664092174833286e+02
4.342664086595264621e+02
4.342664081055345946e+02
4.342664075554830561e+02
4.342664070093462669e+02
4.342664064671022857e+02
4.342664059287242253e+02
4.342664053941904285e+02
4.342664048634764526e+02
4.342664043365570024e+02
4.342664038134089424e+02
4.342664032940103880e+02
4.342664027783363281e+02
4.342664022663612400e+02
4.342664017580679001e+02
4.342664012534266931e+02
4.342664007524190879e+02
4.342664002550193345e+02
4.342663997612055482e+02
4.342663992709557874e+02
4.342663987842460074e+02
4.342663983010556876e+02
4.342663978213604423e+02
4.342663973451390689e+02
4.342663968723696257e+02
4.342663964030293755e+02
4.342663959370966040e+02
4.342663954745494834e+02
4.342663950153660721e+02
4.342663945595260202e+02
4.342663941070067040e+02
4.342663936577862955e+02
4.342663932118438197e+02
4.342663927691592107e+02
4.342663923297118345e+02
4.342663918934767935e+02
4.342663914604384559e+02
4.342663910305728905e+02
4.342663906038598043e+02
4.342663901802795294e+02
4.342663897598116023e+02
4.342663893424337402e+02
4.342663889281295724e+02
4.342663885168765319e+02
4.342663881086526203e+02
4.342663877034437974e+02
4.342663873012232898e+02
4.342663869019784215e+02
4.342663865056831582e+02
4.342663861123226070e+02
4.342663857218751673e+02
4.342663853343219671e+02
4.342663849496458397e+02
4.342663845678247299e+02
4.342663841888411866e+02
4.342663838126766791e+02
4.342663834393111415e+02
4.342663830687272366e+02
4.342663827009063198e+02
4.342663823358296895e+02
4.342663819734788149e+02
4.342663816138358470e+02
4.342663812568824824e+02
4.342663809026007584e+02
4.342663805509715189e+02
4.342663802019804962e+02
4.342663798556052370e+02
4.342663795118323833e+02
4.342663791706413576e+02
4.342663788320165850e+02
4.342663784959398754e+02
4.342663781623944601e+02
4.342663778313616376e+02
4.342663775028274813e+02
4.342663771767716412e+02
4.342663768531800770e+02
4.342663765320345988e+02
4.342663762133183809e+02
4.342663758970148820e+02
4.342663755831098342e+02
4.342663752715830583e+02
4.342663749624218212e+02
4.342663746556073079e+02
4.342663743511258190e+02
4.342663740489591646e+02
4.342663737490920539e+02
4.342663734515106171e+02
4.342663731561953568e+02
4.342663728631351887e+02
4.342663725723097627e+02
4.342663722837084492e+02
4.342663719973127172e+02
4.342663717131077306e+02
4.342663714310793353e+02
4.342663711512116151e+02
4.342663708734896773e+02
4.342663705978989697e+02
4.342663703244239173e+02
4.342663700530521851e+02
4.342663697837659811e+02
4.342663695165514923e+02
4.342663692513957585e+02
4.342663689882845119e+02
4.342663687272014954e+02
4.342663684681327823e+02
4.342663682110653554e+02
4.342663679559855154e+02
4.342663677028784832e+02
4.342663674517293657e+02
4.342663672025276469e+02
4.342663669552551937e+02
4.342663667099021154e+02
4.342663664664536327e+02
4.342663662248949095e+02
4.342663659852150886e+02
4.342663657473987087e+02
4.342663655114353105e+02
4.342663652773071021e+02
4.342663650450056707e+02
4.342663648145165780e+02
4.342663645858254426e+02
4.342663643589218054e+02
4.342663641337911145e+02
4.342663639104218873e+02
4.342663636888014480e+02
4.342663634689155856e+02
4.342663632507548073e+02
4.342663630343044474e+02
4.342663628195527963e+02
4.342663626064897926e+02
4.342663623950987812e+02
4.342663621853724294e+02
4.342663619772962988e+02
4.342663617708586798e+02
4.342663615660491132e+02
4.342663613628540134e+02
4.342663611612628074e+02
4.342663609612642972e+02
4.342663607628454656e+02
4.342663605659973314e+02
4.342663603707054563e+02
4.342663601769612001e+02
4.342663599847514888e+02
4.342663597940668296e+02
4.342663596048948307e+02
4.342663594172249191e+02
4.342663592310470904e+02
4.342663590463484411e+02
4.342663588631206721e+02
4.342663586813505390e+02
4.342663585010296288e+02
4.342663583221464592e+02
4.342663581446886383e+02
4.342663579686499133e+02
4.342663577940164714e+02
4.342663576207783080e+02
4.342663574489267262e+02
4.342663572784507551e+02
4.342663571093406176e+02
4.342663569415860252e+02
4.342663567751756091e+02
4.342663566101015817e+02
4.342663564463536545e+02
4.342663562839223346e+02
4.342663561227940363e+02
4.342663559629660313e+02
4.342663558044235401e+02
4.342663556471587754e+02
4.342663554911616188e+02
4.342663553364221798e+02
4.342663551829338076e+02
4.342663550306846219e+02
4.342663548796661530e+02
4.342663547298692492e+02
4.342663545812844745e+02
4.342663544339050077e+02
4.342663542877183431e+02
4.342663541427165228e+02
4.342663539988939760e+02
4.342663538562376289e+02
4.342663537147404895e+02
4.342663535743949410e+02
4.342663534351908083e+02
4.342663532971192240e+02
4.342663531601737645e+02
4.342663530243437435e+02
4.342663528896223966e+02
4.342663527560003445e+02
4.342663526234703113e+02
4.342663524920224063e+02
4.342663523616508883e+02
4.342663522323455254e+02
4.342663521040978480e+02
4.342663519769035929e+02
4.342663518507503682e+02
4.342663517256329442e+02
4.342663516015427376e+02
4.342663514784715630e+02
4.342663513564120308e+02
4.342663512353567512e+02
4.342663511152982210e+02
4.342663509962279136e+02
4.342663508781382689e+02
4.342663507610240572e+02
4.342663506448758426e+02
4.342663505296860080e+02
4.342663504154473344e+02
4.342663503021551037e+02
4.342663501897982314e+02
4.342663500783727955e+02
4.342663499678693597e+02
4.342663498582815009e+02
4.342663497496033642e+02
4.342663496418279010e+02
4.342663495349449931e+02
4.342663494289520258e+02
4.342663493238388810e+02
4.342663492196030006e+02
4.342663491162324476e+02
4.342663490137236977e+02
4.342663489120692475e+02
4.342663488112618779e+02
4.342663487112979510e+02
4.342663486121675760e+02
4.342663485138650685e+02
4.342663484163851990e+02
4.342663483197204641e+02
4.342663482238664301e+02
4.342663481288130924e+02
4.342663480345578932e+02
4.342663479410935565e+02
4.342663478484134316e+02
4.342663477565112089e+02
4.342663476653810903e+02
4.342663475750186421e+02
4.342663474854142578e+02
4.342663473965656067e+02
4.342663473084662655e+02
4.342663472211084468e+02
4.342663471344872050e+02
4.342663470485982771e+02
4.342663469634340458e+02
4.342663468789895660e+02
4.342663467952589826e+02
4.342663467122370093e+02
4.342663466299187576e+02
4.342663465482957008e+02
4.342663464673665885e+02
4.342663463871232352e+02
4.342663463075614345e+02
4.342663462286752178e+02
4.342663461504576503e+02
4.342663460729079929e+02
4.342663459960160139e+02
4.342663459197789280e+02
4.342663458441936086e+02
4.342663457692503926e+02
4.342663456949464944e+02
4.342663456212769688e+02
4.342663455482373820e+02
4.342663454758217085e+02
4.342663454040252873e+02
4.342663453328424339e+02
4.342663452622693967e+02
4.342663451923017419e+02
4.342663451229326483e+02
4.342663450541604107e+02
4.342663449859753655e+02
4.342663449183788202e+02
4.342663448513623052e+02
4.342663447849213298e+02
4.342663447190526540e+02
4.342663446537505934e+02
4.342663445890125331e+02
4.342663445248300036e+02
4.342663444612030617e+02
4.342663443981251703e+02
4.342663443355919526e+02
4.342663442735993158e+02
4.342663442121406092e+02
4.342663441512162308e+02
4.342663440908183929e+02
4.342663440309436282e+02
4.342663439715886398e+02
4.342663439127471179e+02
4.342663438544180394e+02
4.342663437965941284e+02
4.342663437392740207e+02
4.342663436824498149e+02
4.342663436261226479e+02
4.342663435702857555e+02
4.342663435149328279e+02
4.342663434600655705e+02
4.342663434056747747e+02
4.342663433517598151e+02
4.342663432983149505e+02
4.342663432453371684e+02
4.342663431928235696e+02
4.342663431407689245e+02
4.342663430891697089e+02
4.342663430380226828e+02
4.342663429873232417e+02
4.342663429370708172e+02
4.342663428872570535e+02
4.342663428378822346e+02
4.342663427889403351e+02
4.342663427404303889e+02
4.342663426923451766e+02
4.342663426446849257e+02
4.342663425974444635e+02
4.342663425506187878e+02
4.342663425042077847e+02
4.342663424582066227e+02
4.342663424126109248e+02
4.342663423674185310e+02
4.342663423226256327e+02
4.342663422782288762e+02
4.342663422342263857e+02
4.342663421906119652e+02
4.342663421473858989e+02
4.342663421045420478e+02
4.342663420620797297e+02
4.342663420199927486e+02
4.342663419782815026e+02
4.342663419369408757e+02
4.342663418959689920e+02
4.342663418553591441e+02
4.342663418151133214e+02
4.342663417752267492e+02
4.342663417356943683e+02
4.342663416965165197e+02
4.342663416576870077e+02
4.342663416192061163e+02
4.342663415810684455e+02
4.342663415432725174e+02
4.342663415058146370e+02
4.342663414686931560e+02
4.342663414319046638e+02
4.342663413954449538e+02
4.342663413593141399e+02
4.342663413235069356e+02
4.342663412880216356e+02
4.342663412528551703e+02
4.342663412180065734e+02
4.342663411834716953e+02
4.342663411492474097e+02
4.342663411153315565e+02
4.342663410817223735e+02
4.342663410484157680e+02
4.342663410154128769e+02
4.342663409827047758e+02
4.342663409502943637e+02
4.342663409181777752e+02
4.342663408863510881e+02
4.342663408548144162e+02
4.342663408235619045e+02
4.342663407925942920e+02
4.342663407619078839e+02
4.342663407315005202e+02
4.342663407013687333e+02
4.342663406715118981e+02
4.342663406419273997e+02
4.342663406126119980e+02
4.342663405835632489e+02
4.342663405547808111e+02
4.342663405262603078e+02
4.342663404980010569e+02
4.342663404699991361e+02
4.342663404422540339e+02
4.342663404147629080e+02
4.342663403875239965e+02
4.342663403605333770e+02
4.342663403337919590e+02
4.342663403072962751e+02
4.342663402810410389e+02
4.342663402550298883e+02
4.342663402292569117e+02
4.342663402037217111e+02
4.342663401784207053e+02
4.342663401533540082e+02
4.342663401285170153e+02
4.342663401039109772e+02
4.342663400795311759e+02
4.342663400553761903e+02
4.342663400314450541e+02
4.342663400077350389e+02
4.342663399842453487e+02
4.342663399609714361e+02
4.342663399379155180e+02
4.342663399150715691e+02
4.342663398924420335e+02
4.342663398700201469e+02
4.342663398478077283e+02
4.342663398258021630e+02
4.342663398040008360e+02
4.342663397824040885e+02
4.342663397610065203e+02
4.342663397398099505e+02
4.342663397188108547e+02
4.342663396980076982e+02
4.342663396773987188e+02
4.342663396569834049e+02
4.342663396367585165e+02
4.342663396167225756e+02
4.342663395968754685e+02
4.342663395772138983e+02
4.342663395577373535e+02
4.342663395384420255e+02
4.342663395193300744e+02
4.342663395003972369e+02
4.342663394816424898e+02
4.342663394630634457e+02
4.342663394446608436e+02
4.342663394264307044e+02
4.342663394083737103e+02
4.342663393904862232e+02
4.342663393727682433e+02
4.342663393552181788e+02
4.342663393378335286e+02
4.342663393206144633e+02
4.342663393035567196e+02
4.342663392866620597e+02
4.342663392699274709e+02
4.342663392533527258e+02
4.342663392369337316e+02
4.342663392206717390e+02
4.342663392045652699e+02
4.342663391886113686e+02
4.342663391728101487e+02
4.342663391571581997e+02
4.342663391416575109e+02
4.342663391263026256e+02
4.342663391110961015e+02
4.342663390960346987e+02
4.342663390811190425e+02
4.342663390663433916e+02
4.342663390517108155e+02
4.342663390372181311e+02
4.342663390228652247e+02
4.342663390086498794e+02
4.342663389945720382e+02
4.342663389806275518e+02
4.342663389668190916e+02
4.342663389531431903e+02
4.342663389395984836e+02
4.342663389261857674e+02
4.342663389129014035e+02
4.342663388997463585e+02
4.342663388867172216e+02
4.342663388738161530e+02
4.342663388610385482e+02
4.342663388483846916e+02
4.342663388358536167e+02
4.342663388234452668e+02
4.342663388111564586e+02
4.342663387989878174e+02
4.342663387869368421e+02
4.342663387750031347e+02
4.342663387631860132e+02
4.342663387514846818e+02
4.342663387398969235e+02
4.342663387284220562e+02
4.342663387170592841e+02
4.342663387058087778e+02
4.342663386946676383e+02
4.342663386836359223e+02
4.342663386727116972e+02
4.342663386618946788e+02
4.342663386511836734e+02
4.342663386405799884e+02
4.342663386300786215e+02
4.342663386196804822e+02
4.342663386093855706e+02
4.342663385991916130e+02
4.342663385890981544e+02
4.342663385791049677e+02
4.342663385692098359e+02
4.342663385594138958e+02
4.342663385497136233e+02
4.342663385401094729e+02
4.342663385306007626e+02
4.342663385211858440e+02
4.342663385118659107e+02
4.342663385026370975e+02
4.342663384935000295e+02
4.342663384844551047e+02
4.342663384754991398e+02
4.342663384666332149e+02
4.342663384578546584e+02
4.342663384491646639e+02
4.342663384405606735e+02
4.342663384320441082e+02
4.342663384236118418e+02
4.342663384152637036e+02
4.342663384070003758e+02
4.342663383988193573e+02
4.342663383907205343e+02
4.342663383827027133e+02
4.342663383747660646e+02
4.342663383669088262e+02
4.342663383591311117e+02
4.342663383514313864e+02
4.342663383438102755e+02
4.342663383362655622e+02
4.342663383287978149e+02
4.342663383214044188e+02
4.342663383140856013e+02
