0.000000000000000000e+00
-2.240743886734009038e-03
-6.814809641371155635e-03
-1.155918794735910637e-02
-1.645207349118038564e-02
-2.148259917151307263e-02
-2.664470235082916361e-02
-3.193525771968097615e-02
-3.735310831729066194e-02
-4.289836239435373955e-02
-4.857187375264970797e-02
-5.437488895465492078e-02
-6.030883145706411597e-02
-6.637518571938016976e-02
-7.257544797724335695e-02
-7.891111780062942671e-02
-8.538371152380364038e-02
-9.199478377445302613e-02
-9.874594661565083697e-02
-1.056388777137726720e-01
-1.126753099195809682e-01
-1.198569951360184405e-01
-1.271856356276259703e-01
-1.346627762996490674e-01
-1.422896521378334000e-01
-1.500669861565029350e-01
-1.579947351357873231e-01
-1.660717832110663039e-01
-1.742955873963865088e-01
-1.826617843472604363e-01
-1.911637743719438731e-01
-1.997923067232250105e-01
-2.085350994429973071e-01
-2.173765369778379863e-01
-2.262974987056622922e-01
-2.352753802313714004e-01
-2.442843753104284588e-01
-2.532960876010861284e-01
-2.622805359650897117e-01
-2.712076026127760997e-01
-2.800489481577415063e-01
-2.887803807494719877e-01
-2.973846183662089970e-01
-3.058543267021605061e-01
-3.141952547185837830e-01
-3.224292333468383731e-01
-3.305967590412706159e-01
-3.387588624936483939e-01
-3.469979716217608257e-01
-3.554175198311213535e-01
-3.641401269223365489e-01
-3.733042610179495568e-01
-3.830594009077685769e-01
-3.935597736418685599e-01
-4.049567909125926235e-01
-4.173903030597330144e-01
-4.309787655075751900e-01
-4.458083996501045476e-01
-4.619214748800004600e-01
-4.793039814016992750e-01
-4.978732196894952722e-01
-5.174661764386883078e-01
-5.378299201145182451e-01
-5.586155326457173942e-01
-5.793771931107585260e-01
-5.995778593523937161e-01
-6.186025071249332541e-01
-6.357790837643051418e-01
-6.504062716435328184e-01
-6.617859659131681838e-01
-6.692572680748298808e-01
-6.722280701044383022e-01
-6.702002377662665822e-01
-6.627851509659876683e-01
-6.497078264668516567e-01
-6.307996635694053111e-01
-6.059815023071450923e-01
-5.752397436060618929e-01
-5.385986230446633272e-01
-4.960915467082713803e-01
-4.477340298691387943e-01
-3.935004595768987201e-01
-3.333066069526466890e-01
-2.669993299257384933e-01
-1.943540589375061245e-01
-1.150795191210818302e-01
-2.882803841839631787e-02
6.479089869640120014e-02
1.661962765809903431e-01
2.758223339955065967e-01
3.941077441975266993e-01
5.214875706788006937e-01
6.583875347673711076e-01
8.052194020062870550e-01
9.623758411721610173e-01
1.130223080206746999e+00
1.309090088020866460e+00
1.499253697988478962e+00
1.700919873130942506e+00
1.914202133639832937e+00
2.139099093506047211e+00
2.375474115216547943e+00
2.623041089517300861e+00
2.881360836132444092e+00
3.149852123975961149e+00
3.427819608182289812e+00
3.714498297224054113e+00
4.009111100470363453e+00
4.310933331661431112e+00
4.619356415458810261e+00
4.933942817450656548e+00
5.254465368462774677e+00
5.580926340941118724e+00
5.913554361382239222e+00
6.252780034201805393e+00
6.599193662595780552e+00
6.953490452058190385e+00
7.316409884350719040e+00
7.688676365303990679e+00
8.070947642992905458e+00
8.463775894200693983e+00
8.867584063813069406e+00
9.282657497787567991e+00
9.709148675496351188e+00
1.014709133615485825e+01
1.059641968114368638e+01
1.105698855424924432e+01
1.152859132995445179e+01
1.201097339511625250e+01
1.250384032779305699e+01
1.300686094907786128e+01
1.351966620393915264e+01
1.404184524713889459e+01
1.457294017582353263e+01
1.511244063919070868e+01
1.565977918677867819e+01
1.621432781611702012e+01
1.677539584412602380e+01
1.734222900286061986e+01
1.791400954800360523e+01
1.848985713737465630e+01
1.906883024475837374e+01
1.964992789032112341e+01
2.023209147686372944e+01
2.081420652230474388e+01
2.139510408409807951e+01
2.197356169352235611e+01
2.254830366771460604e+01
2.311800074796965987e+01
2.368126912101146786e+01
2.423666900261167712e+01
2.478270308156731971e+01
2.531781521329810403e+01
2.584038979387304380e+01
2.634875222077815238e+01
2.684117075381925588e+01
2.731585993800280221e+01
2.777098556687839448e+01
2.820467098328141020e+01
2.861500437008427866e+01
2.900004660376476551e+01
2.935783924139995804e+01
2.968641228326537629e+01
2.998379147929413335e+01
3.024800509988094532e+01
3.047709023883652435e+01
3.066909883229226352e+01
3.082210364620883070e+01
3.093420450109537967e+01
3.100353497226848276e+01
3.102826974001141025e+01
3.100663268382476190e+01
3.093690573374030350e+01
3.081743842221234786e+01
3.064665802902044334e+01
3.042308018100936806e+01
3.014531975473616399e+01
2.981210192898726064e+01
2.942227323827248142e+01
2.897481248353221872e+01
2.846884135751014355e+01
2.790363463946533784e+01
2.727862980680924920e+01
2.659343590280263925e+01
2.584784149279249732e+01
2.504182154012119099e+01
2.417554303979193264e+01
2.324936926459793085e+01
2.226386250622226726e+01
2.121978523079320667e+01
2.011809961286962789e+01
1.895996545851733117e+01
1.774673658981799917e+01
1.647995577248838117e+01
1.516134836284692256e+01
1.379281482553119531e+01
1.237642231967663520e+01
1.091439554722944649e+01
9.409107051417549883e+00
7.863067137894915959e+00
6.282579435206002927e+00
4.657062426952393253e+00
2.995818358838960194e+00
1.302181395173761302e+00
-4.207298345365302339e-01
-2.170101644072417457e+00
-3.943390412094572639e+00
-5.738280306875026326e+00
-7.552637902215110444e+00
-9.384435358151449691e+00
-1.123159766179264807e+01
-1.309172984120527872e+01
-1.496170872452205458e+01
-1.683717622039677053e+01
-1.871202876580412067e+01
-2.057803791852103359e+01
-2.242474208874949682e+01
-2.423971194787577588e+01
-2.600921861047521588e+01
-2.771924289692947241e+01
-2.935668087724661746e+01
-3.091054876816122032e+01
-3.237298317991661634e+01
-3.373987149458650947e+01
-3.501101998800811543e+01
-3.618985439589346242e+01
-3.728272776032827096e+01
-3.829796692352880427e+01
-3.924481349167945154e+01
-4.013240784104948489e+01
-4.096893312949532628e+01
-4.176099139979123720e+01
-4.251323713023469963e+01
-4.322825409166466670e+01
-4.390663444534914106e+01
-4.454720606340003997e+01
-4.514735329776488015e+01
-4.570338415798187270e+01
-4.621090877741187342e+01
-4.666520631745129322e+01
-4.706156739446828396e+01
-4.739560541356428303e+01
-4.766353282298314298e+01
-4.786239814911164103e+01
-4.799027809291055746e+01
-4.804641736929301032e+01
-4.803130847164010220e+01
-4.794670478688357207e+01
-4.779556357962314905e+01
-4.758191994647893353e+01
-4.731069822554206894e+01
-4.698747269716977826e+01
-4.661819392286247421e+01
-4.620890010375779866e+01
-4.576543401499327501e+01
-4.529318529347261801e+01
-4.479687529181404670e+01
-4.428039773434591098e+01
-4.374672352042364309e+01
-4.319787275732397802e+01
-4.263495197771317180e+01
-4.205824993428211656e+01
-4.146738167372575390e+01
-4.086146796430534778e+01
-4.023933565518734667e+01
-3.959972415618881314e+01
-3.894148384720108425e+01
-3.826375370767220829e+01
-3.756610762624467270e+01
-3.684866151572725812e+01
-3.611213633067484352e+01
-3.535787517150635040e+01
-3.458781568216380720e+01
-3.380442173794631344e+01
-3.301058082819372430e+01
-3.220947543666051160e+01
-3.140443801791144551e+01
-3.059879979840059150e+01
-2.979574358147726798e+01
-2.899817002881536609e+01
-2.820858559606949711e+01
-2.742901852215828740e+01
-2.666096714507443721e+01
-2.590538249808741966e+01
-2.516268479176443407e+01
-2.443281116841137646e+01
-2.371529017171781106e+01
-2.300933682208659548e+01
-2.231396111518409953e+01
-2.162808221550415055e+01
-2.095064060944963558e+01
-2.028070098653637388e+01
-1.961753957480857480e+01
-1.896071097982371612e+01
-1.831009116209759213e+01
-1.766589491649989441e+01
-1.702866797104343277e+01
-1.639925548383240539e+01
-1.577875018453363509e+01
-1.516842459153775735e+01
-1.456965257704320038e+01
-1.398382600824965039e+01
-1.341227225279328650e+01
-1.285617801425530615e+01
-1.231652429579276031e+01
-1.179403633753702252e+01
-1.128915120922192727e+01
-1.080200445090838457e+01
-1.033243583138334998e+01
-9.880013024699337620e+00
-9.444070872221686841e+00
-9.023762970036273146e+00
-8.618121651061755983e+00
-8.226122052554273978e+00
-7.846745883627306739e+00
-7.479040726810694650e+00
-7.122171194085808565e+00
-6.775458967328404469e+00
-6.438409628116573913e+00
-6.110725157450303868e+00
-5.792301991538579387e+00
-5.483215488145617655e+00
-5.183692525438289067e+00
-4.894074668857854249e+00
-4.614774860343914042e+00
-4.346230882553186348e+00
-4.088858918054484093e+00
-3.843010365831673880e+00
-3.608934715538396176e+00
-3.386750746426002934e+00
-3.176427656601902072e+00
-2.977776989254380169e+00
-2.790455457663369998e+00
-2.613978034281672080e+00
-2.447740006912340505e+00
-2.291046160216069438e+00
-2.143144842802541916e+00
-2.003264450607389335e+00
-1.870649802925242966e+00
-1.744596004999891647e+00
-1.624477664352184547e+00
-1.509771731855380494e+00
-1.400072740925452308e+00
-1.295099779583551936e+00
-1.194695112025783601e+00
-1.098814927489854654e+00
-1.007513199093466483e+00
-9.209200516702935602e-01
-8.392163423450824666e-01
-7.626063343768123559e-01
-6.912903882768546282e-01
-6.254395062223920831e-01
-5.651733592687833152e-01
-5.105431195441951786e-01
-4.615200375968697699e-01
-4.179902763669360866e-01
-3.797560695144284182e-01
-3.465428426253538419e-01
-3.180115500966280706e-01
-2.937751619581945306e-01
-2.734180017008611685e-01
-2.565165010671535128e-01
-2.426599045185753312e-01
-2.314695235133399365e-01
-2.226152990949685773e-01
-2.158286662614159468e-01
-2.109110064525339112e-01
-2.077373021841140144e-01
-2.062549474929937787e-01
-2.064779961392559926e-01
-2.084774241616287327e-01
-2.123682268315292276e-01
-2.182943477586150038e-01
-2.264125406524613027e-01
-2.368762887041384602e-01
-2.498208540342830020e-01
-2.653504074766033227e-01
-2.835280076906769864e-01
-3.043689738757393570e-01
-3.278379440571370651e-01
-3.538496504079944316e-01
-3.822731911650407710e-01
-4.129393528588138906e-01
-4.456503503307658320e-01
-4.801912163565020819e-01
-5.163419950874867936e-01
-5.538898754555248161e-01
-5.926404425896976136e-01
-6.324273200767720482e-01
-6.731196158416992148e-01
-7.146267584196266398e-01
-7.569005036681346610e-01
-7.999340934069891773e-01
-8.437587397010020140e-01
-8.884377824774674082e-01
-9.340590099773180555e-01
-9.807257349209521635e-01
-1.028547278138944421e+00
-1.077629523518226051e+00
-1.128066175278945593e+00
-1.179931274215391568e+00
-1.233273421021578997e+00
-1.288112020441701588e+00
-1.344435710428683706e+00
-1.402202985752580844e+00
-1.461344877441092649e+00
-1.521769416054780777e+00
-1.583367498571419674e+00
-1.646019699618705090e+00
-1.709603524147723874e+00
-1.774000589984780163e+00
-1.839103255547286153e+00
-1.904820266203159917e+00
-1.971081077427527362e+00
-2.037838616712008388e+00
-2.105070362522837968e+00
-2.172777737037904444e+00
-2.240983924115028003e+00
-2.309730325629516301e+00
-2.379071952332481032e+00
-2.449072105249399556e+00
-2.519796736355999656e+00
-2.591308882663042823e+00
-2.663663546260522708e+00
-2.736903346912185953e+00
-2.811055207834840530e+00
-2.886128254284130890e+00
-2.962113015032286967e+00
-3.038981924833194626e+00
-3.116691037962027622e+00
-3.195182784978612744e+00
-3.274389541056336839e+00
-3.354237729427325121e+00
-3.434652158749827322e+00
-3.515560290238283869e+00
-3.596896147996744730e+00
-3.678603622344269297e+00
-3.760638967556303669e+00
-3.842972358657902987e+00
-3.925588440982437533e+00
-4.008485877902160155e+00
-4.091675969217703823e+00
-4.175180473126090419e+00
-4.259028812958547405e+00
-4.343254883809947842e+00
-4.427893692759994337e+00
-4.512978067307471974e+00
-4.598535652736870816e+00
-4.684586389930018413e+00
-4.771140624676547759e+00
-4.858197950580347424e+00
-4.945746833220027838e+00
-5.033765008812679298e+00
-5.122220597958346389e+00
-5.211073829171994021e+00
-5.300279230245450890e+00
-5.389788119120680676e+00
-5.479551213419370015e+00
-5.569521176532816753e+00
-5.659654930808756035e+00
-5.749915590710770630e+00
-5.840273901084856334e+00
-5.930709103937147120e+00
-6.021209198983797251e+00
-6.111770606142556517e+00
-6.202397277996738012e+00
-6.293099345708242254e+00
-6.383891410301089309e+00
-6.474790610057880258e+00
-6.565814605050263708e+00
-6.656979619293338146e+00
-6.748298671183533770e+00
-6.839780104786541415e+00
-6.931426509399443603e+00
-7.023234084618934503e+00
-7.115192475748926881e+00
-7.207285071204410087e+00
-7.299489722647479084e+00
-7.391779821410011664e+00
-7.484125643423624297e+00
-7.576495860180955333e+00
-7.668859106310605966e+00
-7.761185494953224406e+00
-7.853447980253918104e+00
-7.945623480834228758e+00
-8.037693697895292644e+00
-8.129645585051775925e+00
-8.221471452543482883e+00
-8.313168713891627704e+00
-8.404739307122270020e+00
-8.496188843308459582e+00
-8.587525551703492965e+00
-8.678759101522928177e+00
-8.769899385506278122e+00
-8.860955349470600595e+00
-8.951933945559233052e+00
-9.042839274944299177e+00
-9.133671970485750080e+00
-9.224428851254742767e+00
-9.315102860905767557e+00
-9.405683282494010200e+00
-9.496156203339978674e+00
-9.586505187961961383e+00
-9.676712104644821011e+00
-9.766758042892092817e+00
-9.856624255593942507e+00
-9.946293060551795406e+00
-1.003574864185395654e+01
-1.012497770033780853e+01
-1.021396991537574195e+01
-1.030271819385370691e+01
-1.039121869848861479e+01
-1.047947066221837531e+01
-1.056747601019071681e+01
-1.065523882288738378e+01
-1.074276468312706356e+01
-1.083005995630821872e+01
-1.091713105525860783e+01
-1.100398374018629966e+01
-1.109062250001716166e+01
-1.117705005325211687e+01
-1.126326699772869233e+01
-1.134927162637160336e+01
-1.143505991474876282e+01
-1.152062567399735826e+01
-1.160596085155515311e+01
-1.169105595331643599e+01
-1.177590055303187455e+01
-1.186048385069824462e+01
-1.194479523982010960e+01
-1.202882484425242637e+01
-1.211256398944601642e+01
-1.219600557840806232e+01
-1.227914435065855514e+01
-1.236197701124831383e+01
-1.244450222630052849e+01
-1.252672049066995896e+01
-1.260863388197265067e+01
-1.269024572219302627e+01
-1.277156017363773799e+01
-1.285258179930923461e+01
-1.293331511891341279e+01
-1.301376419088916236e+01
-1.309393224760606245e+01
-1.317382140635186261e+01
-1.325343247248133594e+01
-1.333276484428392905e+01
-1.341181652167398397e+01
-1.349058421383512041e+01
-1.356906353421237554e+01
-1.364724926593510190e+01
-1.372513567659837008e+01
-1.380271685884838462e+01
-1.387998707235578877e+01
-1.395694106387719557e+01
-1.403357434428210126e+01
-1.410988340545799247e+01
-1.418586586464789434e+01
-1.426152052934219228e+01
-1.433684738146155269e+01
-1.441184748514842795e+01
-1.448652282748844300e+01
-1.456087610576628322e+01
-1.463491047776085452e+01
-1.470862929361771876e+01
-1.478203582822118278e+01
-1.485513303221421211e+01
-1.492792331772869829e+01
-1.500040839209623300e+01
-1.507258914862893562e+01
-1.514446561966337867e+01
-1.521603699239619800e+01
-1.528730168380229770e+01
-1.535825746702590777e+01
-1.542890163859976838e+01
-1.549923121313076990e+01
-1.556924313131605686e+01
-1.563893446629066375e+01
-1.570830261435457942e+01
-1.577734545775041397e+01
-1.584606148936757108e+01
-1.591444989252727282e+01
-1.598251057215634319e+01
-1.605024413716682830e+01
-1.611765183723707651e+01
-1.618473546013808573e+01
-1.625149719817989080e+01
-1.631793949406608135e+01
-1.638406487754667751e+01
-1.644987580429574336e+01
-1.651537450788453043e+01
-1.658056287433407761e+01
-1.664544234697450520e+01
-1.671001386658633692e+01
-1.677427784971308711e+01
-1.683823420477443733e+01
-1.690188238350140182e+01
-1.696522146260923591e+01
-1.702825024892086958e+01
-1.709096739974387447e+01
-1.715337154977538603e+01
-1.721546143539882223e+01
-1.727723600818109162e+01
-1.733869453014438022e+01
-1.739983664504825356e+01
-1.746066242185293049e+01
-1.752117236844173931e+01
-1.758136741589686380e+01
-1.764124887563070843e+01
-1.770081837329894370e+01
-1.776007776498107660e+01
-1.781902904207913707e+01
-1.787767423179906245e+01
-1.793601530016997003e+01
-1.799405406415917241e+01
-1.805179211837719322e+01
-1.810923078086932492e+01
-1.816637106074995245e+01
-1.822321364915700315e+01
-1.827975893301942278e+01
-1.833600702977071251e+01
-1.839195783987645427e+01
-1.844761111275977328e+01
-1.850296652101599193e+01
-1.855802373767664903e+01
-1.861278251091567881e+01
-1.866724273136213696e+01
-1.872140448758375442e+01
-1.877526810653523626e+01
-1.882883417672371706e+01
-1.888210355328709511e+01
-1.893507734530021480e+01
-1.898775688687709362e+01
-1.904014369482058555e+01
-1.909223941600265562e+01
-1.914404576873357655e+01
-1.919556448213711519e+01
-1.924679723784663565e+01
-1.929774561790713960e+01
-1.934841106204106609e+01
-1.939879483690680217e+01
-1.944889801898079895e+01
-1.949872149147159917e+01
-1.954826595510792231e+01
-1.959753195136670456e+01
-1.964651989602293725e+01
-1.969523012037387844e+01
-1.974366291693411313e+01
-1.979181858638884250e+01
-1.983969748230856567e+01
-1.988730005101808729e+01
-1.993462686376631154e+01
-1.998167863937766242e+01
-2.002845625642430605e+01
-2.007496075421181558e+01
-2.012119332309993069e+01
-2.016715528531523205e+01
-2.021284806778203347e+01
-2.025827316920435806e+01
-2.030343212400117636e+01
-2.034832646535664935e+01
-2.039295769029877192e+01
-2.043732722883316910e+01
-2.048143641912656676e+01
-2.052528649029477492e+01
-2.056887855342506555e+01
-2.061221360133475855e+01
-2.065529251650553988e+01
-2.069811608650240942e+01
-2.074068502536448477e+01
-2.078299999926650798e+01
-2.082506165467481196e+01
-2.086687064672605629e+01
-2.090842766609313230e+01
-2.094973346238384693e+01
-2.099078886276447520e+01
-2.103159478460213450e+01
-2.107215224154157340e+01
-2.111246234290274515e+01
-2.115252628664791246e+01
-2.119234534664747116e+01
-2.123192085542603991e+01
-2.127125418358821207e+01
-2.131034671764916766e+01
-2.134919983764530116e+01
-2.138781489619691456e+01
-2.142619320032281394e+01
-2.146433599712383966e+01
-2.150224446417325908e+01
-2.153991970505671816e+01
-2.157736275014491412e+01
-2.161457456233108587e+01
-2.165155604714993842e+01
-2.168830806636566422e+01
-2.172483145398683746e+01
-2.176112703347843080e+01
-2.179719563502379742e+01
-2.183303811150449292e+01
-2.186865535229173929e+01
-2.190404829394600483e+01
-2.193921792719470432e+01
-2.197416529984974431e+01
-2.200889151570152080e+01
-2.204339772953795773e+01
-2.207768513881404715e+01
-2.211175497270085089e+01
-2.214560847931045373e+01
-2.217924691206940224e+01
-2.221267151619781544e+01
-2.224588351620906224e+01
-2.227888410523337370e+01
-2.231167443679140661e+01
-2.234425561951582040e+01
-2.237662871506023521e+01
-2.240879473912411868e+01
-2.244075466552521902e+01
-2.247250943276344515e+01
-2.250405995266146419e+01
-2.253540712030354598e+01
-2.256655182459775233e+01
-2.259749495868425129e+01
-2.262823742948540939e+01
-2.265878016577261178e+01
-2.268912412431541270e+01
-2.271927029362564099e+01
-2.274921969533716037e+01
-2.277897338303409924e+01
-2.280853243880926584e+01
-2.283789796788119020e+01
-2.286707109164569829e+01
-2.289605293976535449e+01
-2.292484464184263970e+01
-2.295344731925911219e+01
-2.298186207773886736e+01
-2.301009000109809222e+01
-2.303813214655173169e+01
-2.306598954188768857e+01
-2.309366318453578515e+01
-2.312115404255609974e+01
-2.314846305746567623e+01
-2.317559114846642387e+01
-2.320253921793334939e+01
-2.322930815754693867e+01
-2.325589885480394514e+01
-2.328231219922861328e+01
-2.330854908809737935e+01
-2.333461043113675260e+01
-2.336049715401924232e+01
-2.338621020040011445e+01
-2.341175053239703630e+01
-2.343711912968871047e+01
-2.346231698711540048e+01
-2.348734511123223001e+01
-2.351220451595372651e+01
-2.353689621759758666e+01
-2.356142122989155041e+01
-2.358578055899329229e+01
-2.360997519912950793e+01
-2.363400612889978447e+01
-2.365787430871114339e+01
-2.368158067917926246e+01
-2.370512616085341051e+01
-2.372851165504971505e+01
-2.375173804569533331e+01
-2.377480620213657403e+01
-2.379771698256263335e+01
-2.382047123778977493e+01
-2.384306981524457569e+01
-2.386551356270865654e+01
-2.388780333171854409e+01
-2.390993998025743394e+01
-2.393192437483378399e+01
-2.395375739138592053e+01
-2.397543991558177368e+01
-2.399697284198828129e+01
-2.401835707250086216e+01
-2.403959351415090850e+01
-2.406068307634023995e+01
-2.408162666780555128e+01
-2.410242519361281666e+01
-2.412307955209689680e+01
-2.414359063235974645e+01
-2.416395931208097636e+01
-2.418418645610410067e+01
-2.420427291559508376e+01
-2.422421952804523926e+01
-2.424402711784216535e+01
-2.426369649760914626e+01
-2.428322846993046369e+01
-2.430262382952219014e+01
-2.432188336559170239e+01
-2.434100786423385898e+01
-2.435999811070826127e+01
-2.437885489143491213e+01
-2.439757899556786924e+01
-2.441617121612682695e+01
-2.443463235053098970e+01
-2.445296320057803996e+01
-2.447116457191498284e+01
-2.448923727296920561e+01
-2.450718211354467257e+01
-2.452499990312088585e+01
-2.454269144898825061e+01
-2.456025755437997304e+01
-2.457769901671736079e+01
-2.459501662605543970e+01
-2.461221116392067643e+01
-2.462928340244241099e+01
-2.464623410397808811e+01
-2.466306402118755159e+01
-2.467977389748318728e+01
-2.469636446788922512e+01
-2.471283646016200919e+01
-2.472919059615674087e+01
-2.474542759327698604e+01
-2.476154816593373198e+01
-2.477755302690883354e+01
-2.479344288853974376e+01
-2.480921846364617522e+01
-2.482488046612854760e+01
-2.484042961124129079e+01
-2.485586661556567378e+01
-2.487119219655249935e+01
-2.488640707190245394e+01
-2.490151195862551958e+01
-2.491650757201432498e+01
-2.493139462449056509e+01
-2.494617382446335796e+01
-2.496084587534130605e+01
-2.497541147457059196e+01
-2.498987131296729558e+01
-2.500422607431772803e+01
-2.501847643511575825e+01
-2.503262306472026921e+01
-2.504666662566768309e+01
-2.506060777423425634e+01
-2.507444716115583105e+01
-2.508818543249401500e+01
-2.510182323051600406e+01
-2.511536119458941130e+01
-2.512879996200246069e+01
-2.514214016866702650e+01
-2.515538244963079251e+01
-2.516852743946850524e+01
-2.518157577233324673e+01
-2.519452808196439264e+01
-2.520738500137133542e+01
-2.522014716239971222e+01
-2.523281519517627203e+01
-2.524538972746051968e+01
-2.525787138393309306e+01
-2.527026078557048550e+01
-2.528255854894609911e+01
-2.529476528579237993e+01
-2.530688160257670916e+01
-2.531890810024327720e+01
-2.533084537421143523e+01
-2.534269401436955604e+01
-2.535445460540802287e+01
-2.536612772713556296e+01
-2.537771395494218041e+01
-2.538921386035383421e+01
-2.540062801158819639e+01
-2.541195697405998999e+01
-2.542320131093708824e+01
-2.543436158346617049e+01
-2.544543835137221777e+01
-2.545643217300721517e+01
-2.546734360536976283e+01
-2.547817320414281994e+01
-2.548892152341346673e+01
-2.549958911542677242e+01
-2.551017653029060739e+01
-2.552068431547195360e+01
-2.553111301548176471e+01
-2.554146317139895928e+01
-2.555173532056301156e+01
-2.556192999623436890e+01
-2.557204772741300758e+01
-2.558208903870217910e+01
-2.559205445028601389e+01
-2.560194447802848572e+01
-2.561175963361091590e+01
-2.562150042481579248e+01
-2.563116735577023064e+01
-2.564076092734495660e+01
-2.565028163742687184e+01
-2.565972998131877603e+01
-2.566910645199345709e+01
-2.567841154034806550e+01
-2.568764573538862805e+01
-2.569680952433935772e+01
-2.570590339266726687e+01
-2.571492782401941213e+01
-2.572388330012955748e+01
-2.573277030063417214e+01
-2.574158930284227154e+01
-2.575034078151611538e+01
-2.575902520861649236e+01
-2.576764305303436231e+01
-2.577619478046739232e+01
-2.578468085312442781e+01
-2.579310172974817306e+01
-2.580145786544267139e+01
-2.580974971176499366e+01
-2.581797771672677300e+01
-2.582614232495359374e+01
-2.583424397782698634e+01
-2.584228311367070319e+01
-2.585026016797195325e+01
-2.585817557359808916e+01
-2.586602976099436546e+01
-2.587382315835066038e+01
-2.588155619178678535e+01
-2.588922928541978763e+01
-2.589684286143540248e+01
-2.590439734012215922e+01
-2.591189313981709574e+01
-2.591933067680935210e+01
-2.592671036529156936e+01
-2.593403261717674013e+01
-2.594129784197212985e+01
-2.594850644664836636e+01
-2.595565883547874364e+01
-2.596275540991973685e+01
-2.596979656854983887e+01
-2.597678270696934533e+01
-2.598371421782644575e+01
-2.599059149076998665e+01
-2.599741491256628478e+01
-2.600418486712709409e+01
-2.601090173564512043e+01
-2.601756589671845177e+01
-2.602417772645611649e+01
-2.603073759865117154e+01
-2.603724588488756808e+01
-2.604370295465344043e+01
-2.605010917539920001e+01
-2.605646491268765885e+01
-2.606277053013167233e+01
-2.606902638945661010e+01
-2.607523285046659112e+01
-2.608139027099593932e+01
-2.608749900684313161e+01
-2.609355941169997095e+01
-2.609957183706609385e+01
-2.610553663215557663e+01
-2.611145414384202468e+01
-2.611732471654499932e+01
-2.612314869225662051e+01
-2.612892641043026742e+01
-2.613465820804992745e+01
-2.614034441959699961e+01
-2.614598537710890014e+01
-2.615158141023670169e+01
-2.615713284630652424e+01
-2.616264001041986376e+01
-2.616810322551771151e+01
-2.617352281248332702e+01
-2.617889909019737615e+01
-2.618423237565230011e+01
-2.618952298395299749e+01
-2.619477122840089578e+01
-2.619997742048667533e+01
-2.620514186992278383e+01
-2.621026488459989423e+01
-2.621534677057212548e+01
-2.622038783205164236e+01
-2.622538837129923195e+01
-2.623034868863015845e+01
-2.623526908236129884e+01
-2.624014984873758749e+01
-2.624499128192417174e+01
-2.624979367398606200e+01
-2.625455731483975796e+01
-2.625928249232219969e+01
-2.626396949215188670e+01
-2.626861859795735654e+01
-2.627323009137666077e+01
-2.627780425203900450e+01
-2.628234135764773782e+01
-2.628684168403464128e+01
-2.629130550523854026e+01
-2.629573309349547117e+01
-2.630012471934321638e+01
-2.630448065164000582e+01
-2.630880115755633142e+01
-2.631308650265486904e+01
-2.631733695082681379e+01
-2.632155276434377811e+01
-2.632573420378315632e+01
-2.632988152807297411e+01
-2.633399499442617753e+01
-2.633807485830993755e+01
-2.634212137346628424e+01
-2.634613479181564344e+01
-2.635011536353931660e+01
-2.635406333696175807e+01
-2.635797895862862106e+01
-2.636186247329186472e+01
-2.636571412391640479e+01
-2.636953415168363790e+01
-2.637332279608773433e+01
-2.637708029488214834e+01
-2.638080688418006048e+01
-2.638450279847415914e+01
-2.638816827065397774e+01
-2.639180353206802465e+01
-2.639540881253401494e+01
-2.639898434038656205e+01
-2.640253034244494756e+01
-2.640604704407610370e+01
-2.640953466918074355e+01
-2.641299344017420481e+01
-2.641642357802334118e+01
-2.641982530218348302e+01
-2.642319883061543351e+01
-2.642654437978035276e+01
-2.642986216461133608e+01
-2.643315239850369380e+01
-2.643641529332575146e+01
-2.643965105937911630e+01
-2.644285990546370613e+01
-2.644604203882795446e+01
-2.644919766519427640e+01
-2.645232698881000033e+01
-2.645543021242951909e+01
-2.645850753735436456e+01
-2.646155916345804826e+01
-2.646458528921556308e+01
-2.646758611170673703e+01
-2.647056182668683277e+01
-2.647351262853828757e+01
-2.647643871033915275e+01
-2.647934026388179518e+01
-2.648221747961940764e+01
-2.648507054675604877e+01
-2.648789965315904738e+01
-2.649070498543846952e+01
-2.649348672888260126e+01
-2.649624506749006514e+01
-2.649898018394611654e+01
-2.650169225961849406e+01
-2.650438147457191462e+01
-2.650704800753908330e+01
-2.650969203595383306e+01
-2.651231373593492435e+01
-2.651491328228144084e+01
-2.651749084854452576e+01
-2.652004660694524318e+01
-2.652258072849741666e+01
-2.652509338292861685e+01
-2.652758473875951495e+01
-2.653005496329512880e+01
-2.653250422267188924e+01
-2.653493268181239273e+01
-2.653734050451953408e+01
-2.653972785341960616e+01
-2.654209489001232214e+01
-2.654444177466740484e+01
-2.654676866662754264e+01
-2.654907572398741422e+01
-2.655136310376781239e+01
-2.655363096182765048e+01
-2.655587945289590834e+01
-2.655810873061221855e+01
-2.656031894745535737e+01
-2.656251025480986527e+01
-2.656468280291250039e+01
-2.656683674089379110e+01
-2.656897221676695153e+01
-2.657108937743635124e+01
-2.657318836874117096e+01
-2.657526933536945535e+01
-2.657733242099618565e+01
-2.657937776821137277e+01
-2.658140551855666445e+01
-2.658341581254393304e+01
-2.658540878964970489e+01
-2.658738458836330665e+01
-2.658934334614957606e+01
-2.659128519950417058e+01
-2.659321028391701702e+01
-2.659511873392420966e+01
-2.659701068306378602e+01
-2.659888626392751121e+01
-2.660074560812597610e+01
-2.660258884631645060e+01
-2.660441610817343872e+01
-2.660622752243739342e+01
-2.660802321685349625e+01
-2.660980331824174527e+01
-2.661156795245506146e+01
-2.661331724438088031e+01
-2.661505131799788160e+01
-2.661677029631033520e+01
-2.661847430141824589e+01
-2.662016345447858612e+01
-2.662183787576128680e+01
-2.662349768461120902e+01
-2.662514299949191354e+01
-2.662677393797969216e+01
-2.662839061679073893e+01
-2.662999315175585480e+01
-2.663158165785290521e+01
-2.663315624923052383e+01
-2.663471703917400646e+01
-2.663626414012662735e+01
-2.663779766373488656e+01
-2.663931772075346771e+01
-2.664082442117910432e+01
-2.664231787411915775e+01
-2.664379818791894650e+01
-2.664526547006181545e+01
-2.664671982723325527e+01
-2.664816136531226221e+01
-2.664959018934780488e+01
-2.665100640361026763e+01
-2.665241011155171691e+01
-2.665380141583750628e+01
-2.665518041834468477e+01
-2.665654722017831091e+01
-2.665790192165434291e+01
-2.665924462234829662e+01
-2.666057542104834965e+01
-2.666189441581684605e+01
-2.666320170396750200e+01
-2.666449738206989650e+01
-2.666578154596129480e+01
-2.666705429077723011e+01
-2.666831571091421438e+01
-2.666956590006861916e+01
-2.667080495120274009e+01
-2.667203295660561935e+01
-2.667325000783648647e+01
-2.667445619578035121e+01
-2.667565161058763579e+01
-2.667683634175386942e+01
-2.667801047806938186e+01
-2.667917410763556063e+01
-2.668032731786126988e+01
-2.668147019549894594e+01
-2.668260282660872917e+01
-2.668372529659103520e+01
-2.668483769017063878e+01
-2.668594009143447465e+01
-2.668703258380219268e+01
-2.668811525003735596e+01
-2.668918817229331353e+01
-2.669025143205726636e+01
-2.669130511021438679e+01
-2.669234928699773945e+01
-2.669338404205632287e+01
-2.669440945439231427e+01
-2.669542560241637830e+01
-2.669643256393652564e+01
-2.669743041615453194e+01
-2.669841923567048525e+01
-2.669939909848460502e+01
-2.670037008003447454e+01
-2.670133225513114894e+01
-2.670228569802895890e+01
-2.670323048238009278e+01
-2.670416668127688808e+01
-2.670509436721545171e+01
-2.670601361214534109e+01
-2.670692448742869374e+01
-2.670782706387029748e+01
-2.670872141171827252e+01
-2.670960760066509465e+01
-2.671048569986197663e+01
-2.671135577790209936e+01
-2.671221790285528641e+01
-2.671307214222969151e+01
-2.671391856304330759e+01
-2.671475723175024086e+01
-2.671558821430852504e+01
-2.671641157614647000e+01
-2.671722738217721371e+01
-2.671803569680241708e+01
-2.671883658394301619e+01
-2.671963010697339769e+01
-2.672041632878921291e+01
-2.672119531180260310e+01
-2.672196711789752044e+01
-2.672273180849549590e+01
-2.672348944451096031e+01
-2.672424008638017767e+01
-2.672498379405135438e+01
-2.672572062700334072e+01
-2.672645064423130634e+01
-2.672717390425799522e+01
-2.672789046513815947e+01
-2.672860038447117859e+01
-2.672930371937559357e+01
-2.673000052653321745e+01
-2.673069086216816004e+01
-2.673137478205239859e+01
-2.673205234150395881e+01
-2.673272359541584819e+01
-2.673338859824059455e+01
-2.673404740397580781e+01
-2.673470006621562334e+01
-2.673534663810528400e+01
-2.673598717236291122e+01
-2.673662172130690351e+01
-2.673725033681228069e+01
-2.673787307034262994e+01
-2.673848997295465324e+01
-2.673910109527480472e+01
-2.673970648754226431e+01
-2.674030619957420640e+01
-2.674090028079285730e+01
-2.674148878021372866e+01
-2.674207174645266605e+01
-2.674264922773909348e+01
-2.674322127190191623e+01
-2.674378792639254243e+01
-2.674434923826044042e+01
-2.674490525418741527e+01
-2.674545602048658566e+01
-2.674600158305020159e+01
-2.674654198746208067e+01
-2.674707727887124520e+01
-2.674760750211271443e+01
-2.674813270163133438e+01
-2.674865292151270069e+01
-2.674916820548702390e+01
-2.674967859693111905e+01
-2.675018413885567270e+01
-2.675068487394122485e+01
-2.675118084449616163e+01
-2.675167209250861333e+01
-2.675215865958904260e+01
-2.675264058704601666e+01
-2.675311791580475074e+01
-2.675359068649089522e+01
-2.675405893938767576e+01
-2.675452271442901520e+01
-2.675498205122903528e+01
-2.675543698908984425e+01
-2.675588756696839710e+01
-2.675633382351605860e+01
-2.675677579705848075e+01
-2.675721352560412925e+01
-2.675764704684763728e+01
-2.675807639818276584e+01
-2.675850161668353167e+01
-2.675892273912603514e+01
-2.675933980196936091e+01
-2.675975284139582300e+01
-2.676016189326571748e+01
-2.676056699314779053e+01
-2.676096817632213742e+01
-2.676136547778946806e+01
-2.676175893221329716e+01
-2.676214857402226244e+01
-2.676253443733236281e+01
-2.676291655597708541e+01
-2.676329496350945192e+01
-2.676366969319678901e+01
-2.676404077804625103e+01
-2.676440825076969077e+01
-2.676477214381895919e+01
-2.676513248935685851e+01
-2.676548931931699826e+01
-2.676584266530517198e+01
-2.676619255870957659e+01
-2.676653903065550821e+01
-2.676688211197387091e+01
-2.676722183326785398e+01
-2.676755822487319847e+01
-2.676789131687240797e+01
-2.676822113909616974e+01
-2.676854772113011904e+01
-2.676887109229630823e+01
-2.676919128168475481e+01
-2.676950831813644527e+01
-2.676982223024856467e+01
-2.677013304637597457e+01
-2.677044079464468496e+01
-2.677074550293173161e+01
-2.677104719887574902e+01
-2.677134590988265472e+01
-2.677164166315105831e+01
-2.677193448561371270e+01
-2.677222440399452807e+01
-2.677251144478549350e+01
-2.677279563425400966e+01
-2.677307699845357547e+01
-2.677335556320258547e+01
-2.677363135410496398e+01
-2.677390439655016507e+01
-2.677417471571141050e+01
-2.677444233654046002e+01
-2.677470728379938691e+01
-2.677496958200418931e+01
-2.677522925549465072e+01
-2.677548632837812193e+01
-2.677574082457687155e+01
-2.677599276780250648e+01
-2.677624218155244762e+01
-2.677648908914437698e+01
-2.677673351367428722e+01
-2.677697547805678369e+01
-2.677721500500439333e+01
-2.677745211702881534e+01
-2.677768683646411318e+01
-2.677791918543056227e+01
-2.677814918588620685e+01
-2.677837685956797031e+01
-2.677860222805134072e+01
-2.677882531271620792e+01
-2.677904613476550821e+01
-2.677926471519788265e+01
-2.677948107485462970e+01
-2.677969523439378463e+01
-2.677990721428295728e+01
-2.678011703482468420e+01
-2.678032471613789767e+01
-2.678053027817145448e+01
-2.678073374071914259e+01
-2.678093512336113236e+01
-2.678113444554730904e+01
-2.678133172654452210e+01
-2.678152698545255816e+01
-2.678172024120834749e+01
-2.678191151258124592e+01
-2.678210081817508126e+01
-2.678228817644048831e+01
-2.678247360565751478e+01
-2.678265712395716491e+01
-2.678283874930309594e+01
-2.678301849950537417e+01
-2.678319639223013837e+01
-2.678337244496162839e+01
-2.678354667506039277e+01
-2.678371909972111098e+01
-2.678388973598805478e+01
-2.678405860075804412e+01
-2.678422571078323244e+01
-2.678439108266582025e+01
-2.678455473286334154e+01
-2.678471667768002362e+01
-2.678487693330447428e+01
-2.678503551574914354e+01
-2.678519244090728080e+01
-2.678534772452695734e+01
-2.678550138220981580e+01
-2.678565342944057193e+01
-2.678580388154790626e+01
-2.678595275373049844e+01
-2.678610006106134733e+01
-2.678624581846071351e+01
-2.678639004074477725e+01
-2.678653274258323336e+01
-2.678667393849707423e+01
-2.678681364291861655e+01
-2.678695187014375279e+01
-2.678708863430483689e+01
-2.678722394942701612e+01
-2.678735782942732158e+01
-2.678749028811870403e+01
-2.678762133911686760e+01
-2.678775099599829446e+01
-2.678787927216285425e+01
-2.678800618092060404e+01
-2.678813173544637039e+01
-2.678825594881436700e+01
-2.678837883396715824e+01
-2.678850040374123864e+01
-2.678862067084514820e+01
-2.678873964790653872e+01
-2.678885734738605606e+01
-2.678897378169318699e+01
-2.678908896308104204e+01
-2.678920290371917190e+01
-2.678931561564655794e+01
-2.678942711081879224e+01
-2.678953740106521764e+01
-2.678964649811598520e+01
-2.678975441358966236e+01
-2.678986115902102938e+01
-2.678996674580793069e+01
-2.679007118527692910e+01
-2.679017448862509809e+01
-2.679027666698164012e+01
-2.679037773133779865e+01
-2.679047769261137546e+01
-2.679057656161432988e+01
-2.679067434907443612e+01
-2.679077106557787147e+01
-2.679086672167358074e+01
-2.679096132778192896e+01
-2.679105489422937580e+01
-2.679114743125757059e+01
-2.679123894900618552e+01
-2.679132945754372486e+01
-2.679141896681483104e+01
-2.679150748670758730e+01
-2.679159502698388451e+01
-2.679168159735172594e+01
-2.679176720741520512e+01
-2.679185186668706820e+01
-2.679193558459405722e+01
-2.679201837048742618e+01
-2.679210023362168158e+01
-2.679218118316879327e+01
-2.679226122822205980e+01
-2.679234037779377786e+01
-2.679241864079278912e+01
-2.679249602608268788e+01
-2.679257254241156261e+01
-2.679264819846014234e+01
-2.679272300283696495e+01
-2.679279696406626954e+01
-2.679287009057850355e+01
-2.679294239075898076e+01
-2.679301387289501690e+01
-2.679308454518468352e+01
-2.679315441577989532e+01
-2.679322349273752479e+01
-2.679329178405640732e+01
-2.679335929763738022e+01
-2.679342604132739325e+01
-2.679349202290643461e+01
-2.679355725005154909e+01
-2.679362173040090056e+01
-2.679368547151278790e+01
-2.679374848086365546e+01
-2.679381076588174437e+01
-2.679387233389581979e+01
-2.679393319220275771e+01
-2.679399334799626331e+01
-2.679405280844122217e+01
-2.679411158059929221e+01
-2.679416967148415551e+01
-2.679422708804810327e+01
-2.679428383716668804e+01
-2.679433992566106326e+01
-2.679439536028894508e+01
-2.679445014772562672e+01
-2.679450429461485328e+01
-2.679455780752414285e+01
-2.679461069293859055e+01
-2.679466295732191838e+01
-2.679471460704866104e+01
-2.679476564844861741e+01
-2.679481608776546864e+01
-2.679486593123630200e+01
-2.679491518498008418e+01
-2.679496385509565926e+01
-2.679501194762292471e+01
-2.679505946852100351e+01
-2.679510642371599261e+01
-2.679515281907725921e+01
-2.679519866039635190e+01
-2.679524395343696597e+01
-2.679528870389782469e+01
-2.679533291741154244e+01
-2.679537659958145923e+01
-2.679541975593753023e+01
-2.679546239195997259e+01
-2.679550451309853543e+01
-2.679554612471872588e+01
-2.679558723215961891e+01
-2.679562784070100179e+01
-2.679566795556030456e+01
-2.679570758193068514e+01
-2.679574672493896514e+01
-2.679578538966040924e+01
-2.679582358113685814e+01
-2.679586130434199731e+01
-2.679589856422688854e+01
-2.679593536566983403e+01
-2.679597171352088480e+01
-2.679600761257125896e+01
-2.679604306757136101e+01
-2.679607808323339668e+01
-2.679611266420863558e+01
-2.679614681511748131e+01
-2.679618054052917842e+01
-2.679621384497420422e+01
-2.679624673293176329e+01
-2.679627920884047398e+01
-2.679631127709745897e+01
-2.679634294206005052e+01
-2.679637420804942849e+01
-2.679640507931844695e+01
-2.679643556010915972e+01
-2.679646565461359842e+01
-2.679649536696263112e+01
-2.679652470128746700e+01
-2.679655366163876806e+01
-2.679658225205361077e+01
-2.679661047651660510e+01
-2.679663833898837311e+01
-2.679666584336968072e+01
-2.679669299354270606e+01
-2.679671979333818399e+01
-2.679674624656263404e+01
-2.679677235697346305e+01
-2.679679812829022012e+01
-2.679682356421869827e+01
-2.679684866838857715e+01
-2.679687344444221253e+01
-2.679689789594237936e+01
-2.679692202644139343e+01
-2.679694583945462227e+01
-2.679696933845644935e+01
-2.679699252688635625e+01
-2.679701540816006400e+01
-2.679703798565299167e+01
-2.679706026270241637e+01
-2.679708224262429894e+01
-2.679710392869355928e+01
-2.679712532414737325e+01
-2.679714643220683001e+01
-2.679716725605027250e+01
-2.679718779883432944e+01
-2.679720806365770613e+01
-2.679722805363019233e+01
-2.679724777179069406e+01
-2.679726722118124371e+01
-2.679728640478163015e+01
-2.679730532557130118e+01
-2.679732398647757918e+01
-2.679734239041488308e+01
-2.679736054026136571e+01
-2.679737843886061910e+01
-2.679739608904776560e+01
-2.679741349359534297e+01
-2.679743065528771240e+01
-2.679744757685278955e+01
-2.679746426100365397e+01
-2.679748071042098445e+01
-2.679749692776590564e+01
-2.679751291566583404e+01
-2.679752867671919603e+01
-2.679754421350497751e+01
-2.679755952858033652e+01
-2.679757462446667660e+01
-2.679758950366408499e+01
-2.679760416863337014e+01
-2.679761862185335985e+01
-2.679763286572421066e+01
-2.679764690265727722e+01
-2.679766073502412382e+01
-2.679767436517579426e+01
-2.679768779544457402e+01
-2.679770102813682797e+01
-2.679771406552288227e+01
-2.679772690987181250e+01
-2.679773956341432495e+01
-2.679775202835878645e+01
-2.679776430690537836e+01
-2.679777640120033766e+01
-2.679778831341241130e+01
-2.679780004564958062e+01
-2.679781160002039542e+01
-2.679782297860219842e+01
-2.679783418345095924e+01
-2.679784521660980090e+01
-2.679785608008967301e+01
-2.679786677588907651e+01
-2.679787730598388862e+01
-2.679788767232400915e+01
-2.679789787684842395e+01
-2.679790792147639422e+01
-2.679791780809500779e+01
-2.679792753857930165e+01
-2.679793711479453577e+01
-2.679794653856498599e+01
-2.679795581171663343e+01
-2.679796493604931129e+01
-2.679797391333818268e+01
-2.679798274534550728e+01
-2.679799143381734439e+01
-2.679799998048133602e+01
-2.679800838703584986e+01
-2.679801665518050413e+01
-2.679802478657984466e+01
-2.679803278288829915e+01
-2.679804064574796030e+01
-2.679804837677505702e+01
-2.679805597757496116e+01
-2.679806344972712395e+01
-2.679807079480946186e+01
-2.679807801437158332e+01
-2.679808510994979542e+01
-2.679809208306653545e+01
-2.679809893521297681e+01
-2.679810566790439452e+01
-2.679811228258614619e+01
-2.679811878072996478e+01
-2.679812516377774045e+01
-2.679813143314993340e+01
-2.679813759026012576e+01
-2.679814363650763198e+01
-2.679814957327141656e+01
-2.679815540191407308e+01
-2.679816112380086679e+01
-2.679816674025175871e+01
-2.679817225260740088e+01
-2.679817766216149266e+01
-2.679818297022256957e+01
-2.679818817806409470e+01
-2.679819328696248704e+01
-2.679819829815994581e+01
-2.679820321290668517e+01
-2.679820803242279226e+01
-2.679821275793113955e+01
-2.679821739062026609e+01
-2.679822193169786715e+01
-2.679822638232462850e+01
-2.679823074365737057e+01
-2.679823501686541931e+01
-2.679823920306841956e+01
-2.679824330340301231e+01
-2.679824731897434731e+01
-2.679825125089092808e+01
-2.679825510023681545e+01
-2.679825886809214808e+01
-2.679826255551625991e+01
-2.679826616356933755e+01
-2.679826969329229769e+01
-2.679827314571150509e+01
-2.679827652185269926e+01
-2.679827982272479403e+01
-2.679828304930799732e+01
-2.679828620261736205e+01
-2.679828928360905138e+01
-2.679829229324502649e+01
-2.679829523249071599e+01
-2.679829810228687847e+01
-2.679830090356892924e+01
-2.679830363723993969e+01
-2.679830630424726223e+01
-2.679830890545804323e+01
-2.679831144179115654e+01
-2.679831391411602226e+01
-2.679831632330075308e+01
-2.679831867022261349e+01
-2.679832095573266315e+01
-2.679832318065581376e+01
-2.679832534584818404e+01
-2.679832745213053613e+01
-2.679832950030470329e+01
-2.679833149119195923e+01
-2.679833342558555387e+01
-2.679833530427475807e+01
-2.679833712803542767e+01
-2.679833889764199739e+01
-2.679834061385406585e+01
-2.679834227742458097e+01
-2.679834388910313692e+01
-2.679834544962056952e+01
-2.679834695971396741e+01
-2.679834842008739315e+01
-2.679834983147003413e+01
-2.679835119455651693e+01
-2.679835251003737540e+01
-2.679835377860774770e+01
-2.679835500095214229e+01
-2.679835617772607748e+01
-2.679835730960894580e+01
-2.679835839725183178e+01
-2.679835944130422831e+01
-2.679836044239561943e+01
-2.679836140118555932e+01
-2.679836231827709980e+01
-2.679836319430523872e+01
-2.679836402987211841e+01
-2.679836482558880562e+01
-2.679836558204794983e+01
-2.679836629984686169e+01
-2.679836697956534408e+01
-2.679836762178729259e+01
-2.679836822707238753e+01
-2.679836879599753274e+01
-2.679836932910626501e+01
-2.679836982695866254e+01
-2.679837029010252536e+01
-2.679837071906598567e+01
-2.679837111438666852e+01
-2.679837147659304719e+01
-2.679837180619074388e+01
-2.679837210370567391e+01
-2.679837236963970781e+01
-2.679837260449869518e+01
-2.679837280876375871e+01
-2.679837298294398806e+01
-2.679837312750959200e+01
-2.679837324293737311e+01
-2.679837332970492980e+01
-2.679837338827184112e+01
-2.679837341910649684e+01
-2.679837342265409461e+01
-2.679837339937364504e+01
-2.679837334970164875e+01
-2.679837327408682768e+01
-2.679837317294038712e+01
-2.679837304671968923e+01
-2.679837289582900439e+01
-2.679837272068198217e+01
-2.679837252170807460e+01
-2.679837229930126341e+01
-2.679837205387252652e+01
-2.679837178581220769e+01
-2.679837149551735820e+01
-2.679837118336854473e+01
-2.679837084976219330e+01
-2.679837049506784297e+01
-2.679837011965878446e+01
-2.679836972390705796e+01
-2.679836930817788243e+01
-2.679836887282726821e+01
-2.679836841821116877e+01
-2.679836794468440075e+01
-2.679836745259024156e+01
-2.679836694227515181e+01
-2.679836641406831177e+01
-2.679836586831220302e+01
-2.679836530532742245e+01
-2.679836472545406423e+01
-2.679836412899896914e+01
-2.679836351628614466e+01
-2.679836288762214735e+01
-2.679836224333109840e+01
-2.679836158369568011e+01
-2.679836090903478407e+01
-2.679836021964899828e+01
-2.679835951580753317e+01
-2.679835879782604025e+01
-2.679835806597952796e+01
-2.679835732055238395e+01
-2.679835656182098091e+01
-2.679835579006055468e+01
-2.679835500554787586e+01
-2.679835420854777794e+01
-2.679835339932077432e+01
-2.679835257813556382e+01
-2.679835174524350805e+01
-2.679835090090375616e+01
-2.679835004535715370e+01
-2.679834917886478252e+01
-2.679834830166930715e+01
-2.679834741399849918e+01
-2.679834651610445917e+01
-2.679834560821655032e+01
-2.679834469057027491e+01
-2.679834376337959156e+01
-2.679834282688511848e+01
-2.679834188131280825e+01
-2.679834092686422764e+01
-2.679833996377175254e+01
-2.679833899224217930e+01
-2.679833801248491909e+01
-2.679833702470943990e+01
-2.679833602912759716e+01
-2.679833502592623518e+01
-2.679833401532056314e+01
-2.679833299749640219e+01
-2.679833197264912314e+01
-2.679833094097659796e+01
-2.679832990266095294e+01
-2.679832885789005559e+01
-2.679832780685154603e+01
-2.679832674971140705e+01
-2.679832568667063697e+01
-2.679832461788475939e+01
-2.679832354353885648e+01
-2.679832246380578908e+01
-2.679832137883317955e+01
-2.679832028881537553e+01
-2.679831919390449002e+01
-2.679831809424928224e+01
-2.679831699002471623e+01
-2.679831588138341658e+01
-2.679831476848102056e+01
-2.679831365146446842e+01
-2.679831253049349016e+01
-2.679831140570513526e+01
-2.679831027724577552e+01
-2.679830914527542518e+01
-2.679830800991175010e+01
-2.679830687131004652e+01
-2.679830572960452173e+01
-2.679830458492773460e+01
-2.679830343741355136e+01
-2.679830228719208662e+01
-2.679830113440254991e+01
-2.679829997915686590e+01
-2.679829882159134513e+01
-2.679829766183024731e+01
-2.679829649998310970e+01
-2.679829533618112691e+01
-2.679829417054492069e+01
-2.679829300317288698e+01
-2.679829183420844174e+01
-2.679829066373065416e+01
-2.679828949187992748e+01
-2.679828831874743855e+01
-2.679828714445034166e+01
-2.679828596908038207e+01
-2.679828479276409325e+01
-2.679828361558600136e+01
-2.679828243764899298e+01
-2.679828125906317382e+01
-2.679828007991011418e+01
-2.679827890030185245e+01
-2.679827772032422217e+01
-2.679827654006521698e+01
-2.679827535962806451e+01
-2.679827417910166787e+01
-2.679827299856060563e+01
-2.679827181811015180e+01
-2.679827063782397545e+01
-2.679826945779046810e+01
-2.679826827808784628e+01
-2.679826709880495628e+01
-2.679826592002217467e+01
-2.679826474180970308e+01
-2.679826356424985079e+01
-2.679826238741992483e+01
-2.679826121139399220e+01
-2.679826003623782071e+01
-2.679825886204167773e+01
-2.679825768885734760e+01
-2.679825651676515008e+01
-2.679825534582749924e+01
-2.679825417611675675e+01
-2.679825300770414742e+01
-2.679825184063571442e+01
-2.679825067498825319e+01
-2.679824951082628104e+01
-2.679824834821522472e+01
-2.679824718719436305e+01
-2.679824602783901355e+01
-2.679824487020709967e+01
-2.679824371435591956e+01
-2.679824256033310803e+01
-2.679824140819761169e+01
-2.679824025800985510e+01
-2.679823910981298241e+01
-2.679823796366093802e+01
-2.679823681961528337e+01
-2.679823567770426962e+01
-2.679823453799917843e+01
-2.679823340053309266e+01
-2.679823226535722824e+01
-2.679823113252155053e+01
-2.679823000206840788e+01
-2.679822887403133791e+01
-2.679822774846923039e+01
-2.679822662542085254e+01
-2.679822550491701350e+01
-2.679822438701694409e+01
-2.679822327174224483e+01
-2.679822215913975469e+01
-2.679822104924460291e+01
-2.679821994209635250e+01
-2.679821883773377067e+01
-2.679821773618846237e+01
-2.679821663749407890e+01
-2.679821554169211595e+01
-2.679821444880235504e+01
-2.679821335886987299e+01
-2.679821227191962407e+01
-2.679821118797883628e+01
-2.679821010709906659e+01
-2.679820902928247506e+01
-2.679820795456771521e+01
-2.679820688299156473e+01
-2.679820581457130402e+01
-2.679820474933296737e+01
-2.679820368731577673e+01
-2.679820262852126689e+01
-2.679820157300213168e+01
-2.679820052076149750e+01
-2.679819947183472095e+01
-2.679819842623169279e+01
-2.679819738399459084e+01
-2.679819634512074344e+01
-2.679819530964840624e+01
-2.679819427759917971e+01
-2.679819324897027855e+01
-2.679819222381382815e+01
-2.679819120212476946e+01
-2.679819018392788621e+01
-2.679818916923892402e+01
-2.679818815808135923e+01
-2.679818715046093303e+01
-2.679818614640549868e+01
-2.679818514592000156e+01
-2.679818414902860013e+01
-2.679818315573601240e+01
-2.679818216605690395e+01
-2.679818118001941230e+01
-2.679818019761853520e+01
-2.679817921887121202e+01
-2.679817824379705371e+01
-2.679817727240106251e+01
-2.679817630469017331e+01
-2.679817534068911300e+01
-2.679817438038935506e+01
-2.679817342381630851e+01
-2.679817247096684696e+01
-2.679817152185944451e+01
-2.679817057649614753e+01
-2.679816963489088266e+01
-2.679816869704296778e+01
-2.679816776296223679e+01
-2.679816683266784594e+01
-2.679816590614808547e+01
-2.679816498341733677e+01
-2.679816406447923782e+01
-2.679816314934134880e+01
-2.679816223800548869e+01
-2.679816133047961557e+01
-2.679816042677020960e+01
-2.679815952686510627e+01
-2.679815863078789562e+01
-2.679815773853476912e+01
-2.679815685009930348e+01
-2.679815596550236023e+01
-2.679815508472182728e+01
-2.679815420778174939e+01
-2.679815333467576011e+01
-2.679815246539726559e+01
-2.679815159995871454e+01
-2.679815073835459316e+01
-2.679814988059104053e+01
-2.679814902665543741e+01
-2.679814817655767456e+01
-2.679814733030298157e+01
-2.679814648787510123e+01
-2.679814564927664833e+01
-2.679814481451955999e+01
-2.679814398359121697e+01
-2.679814315648502543e+01
-2.679814233321258143e+01
-2.679814151375285292e+01
-2.679814069812442767e+01
-2.679813988631082111e+01
-2.679813907831783126e+01
-2.679813827412107230e+01
-2.679813747374629429e+01
-2.679813667717240833e+01
-2.679813588439782279e+01
-2.679813509542378824e+01
-2.679813431023649173e+01
-2.679813352883553534e+01
-2.679813275122432970e+01
-2.679813197738394592e+01
-2.679813120731648723e+01
-2.679813044101945252e+01
-2.679812967848187100e+01
-2.679812891970084365e+01
-2.679812816466761660e+01
-2.679812741337769921e+01
-2.679812666582347447e+01
-2.679812592200050858e+01
-2.679812518190340143e+01
-2.679812444552180750e+01
-2.679812371284822348e+01
-2.679812298388111458e+01
-2.679812225860177932e+01
-2.679812153701652733e+01
-2.679812081911751420e+01
-2.679812010488376472e+01
-2.679811939430891243e+01
-2.679811868740137015e+01
-2.679811798413851420e+01
-2.679811728451642239e+01
-2.679811658852491973e+01
-2.679811589616019774e+01
-2.679811520740383912e+01
-2.679811452225942503e+01
-2.679811384070978875e+01
-2.679811316274668798e+01
-2.679811248836267623e+01
-2.679811181755263760e+01
-2.679811115029133362e+01
-2.679811048659587414e+01
-2.679810982642510453e+01
-2.679810916980108004e+01
-2.679810851668855776e+01
-2.679810786709128934e+01
-2.679810722098852693e+01
-2.679810657839203714e+01
-2.679810593925975581e+01
-2.679810530360663279e+01
-2.679810467141697927e+01
-2.679810404266930846e+01
-2.679810341736640567e+01
-2.679810279549150209e+01
-2.679810217703470698e+01
-2.679810156198630011e+01
-2.679810095033360540e+01
