5.202041202048476035e-05
2.940228759049276475e-04
5.197002934162071527e-03
6.188112287103863379e-02
1.098552099398922635e-02
-2.906213848884670048e-01
-5.214658695302356595e-01
2.445113672252651860e+00
6.046121734061037145e+00
-4.450973907685807696e+00
-4.364516302016089355e+01
2.447904304719790858e+01
-2.806138862166307035e+01
3.588889586549311161e+01
-3.469054206829684261e+01
2.784964425624747264e+01
1.066699426957777206e+02
-1.074840778783889732e+02
1.031329934137251314e+02
-1.300227572973939232e+02
-8.633787356066432039e+01
1.961509160615468090e+02
-2.265140478459027520e+02
2.349690613636010426e+02
-2.391936682309739410e+02
2.361875203712242239e+02
-2.335489149936552735e+02
2.208289459237466303e+02
-1.964371737926484514e+02
1.846167345108604820e+02
2.769812509945705870e+02
-3.110078450728223629e+02
3.081514377227130126e+02
-3.069786924154282133e+02
2.966391126050892808e+02
-2.990074399009183139e+02
3.036067182060822915e+02
-2.999158123388217518e+02
2.959753088066063924e+02
-2.808142657327361462e+02
