1.382696949897020977e-06
8.121171233758828442e-06
1.891896336998693403e-05
2.647816124958455984e-05
2.734029996769459008e-05
2.526741626404386469e-05
2.411443292650189508e-05
2.344225842754658451e-05
2.306610595491547099e-05
2.287000804823333382e-05
2.277393357502653681e-05
2.272783163240973766e-05
2.270447607743897100e-05
2.269094254909150154e-05
2.268181915705404258e-05
2.267505686433896753e-05
2.266988640685525046e-05
2.266594581128269763e-05
2.266298455964153185e-05
2.266079125125800589e-05
2.265918627200536596e-05
2.265802367274893727e-05
2.265718943542176946e-05
2.265659661216795482e-05
2.265617973238419613e-05
2.265588986165806642e-05
2.265569068111901338e-05
2.265555547685436935e-05
2.265546482297921228e-05
2.265540477910230510e-05
2.265536548277767101e-05
