-3.807579679716804443e-05
-1.044849431399074108e-04
-1.095089910951417425e-04
-1.011149671577743705e-05
1.679832931658222601e-04
3.628625339026005526e-04
5.298655429967083844e-04
6.505374972649058700e-04
7.266975642378963127e-04
7.698075849969195691e-04
7.923968582303382580e-04
8.039175496249123358e-04
8.100751840957309000e-04
8.137626112841941537e-04
8.162451756066295546e-04
8.180240045416081783e-04
8.193081556178785380e-04
8.202166257934910510e-04
8.208424771292576654e-04
8.212642313308597848e-04
8.215446452473646605e-04
8.217302253218494029e-04
8.218533328082920945e-04
8.219355319317226110e-04
8.219908552012920346e-04
8.220283705474012862e-04
8.220539682795801033e-04
8.220715194408933580e-04
8.220836009985889314e-04
8.220919469324658706e-04
8.220977326609602617e-04
