0.000000000000000000e+00
4.763289215465460556e-15
1.186965498316940815e-13
5.298785408698441745e-13
1.467032816807011782e-12
3.131222605417607251e-12
5.653071727722637168e-12
9.080161829969340640e-12
1.337868724003229898e-11
1.844022729284983638e-11
2.409421160575092706e-11
3.012754835556156042e-11
3.630882236771682145e-11
4.241190878490500283e-11
4.823463803977528328e-11
5.361061980819655077e-11
5.841450696039919906e-11
6.256210121687787041e-11
6.600696510748060404e-11
6.873504222455285393e-11
7.075848991699308846e-11
7.210958536958862408e-11
7.283523034240552417e-11
7.299229798728696417e-11
7.264385535477227471e-11
7.185617373588067409e-11
7.069639550772879010e-11
6.923072582621617301e-11
6.752302933940385082e-11
6.563375306862799476e-11
6.361910983343375401e-11
6.153048134709527908e-11
5.941401193026140496e-11
5.731037667034413526e-11
5.525470494923872247e-11
5.327664536846947585e-11
5.140055374037060598e-11
4.964578423016169400e-11
4.802705776652254888e-11
4.655488429618019191e-11
4.523601350976931931e-11
4.407389266504459865e-11
9767980173e-06
-2.989301422787484609e-06
