0.000000000000000000e+00
-7.414739869727366696e-06
-1.595206129783311431e-05
-2.549373524886635242e-05
-3.580136818804119055e-05
-4.692202865461684902e-05
-5.890621354720955292e-05
-7.158282755314763829e-05
-8.460979123066654614e-05
-9.760653776629437241e-05
-1.102391178524673272e-04
-1.222427454197389819e-04
-1.334129748013059349e-04
-1.435934898209918374e-04
-1.526707893256302074e-04
-1.605738062129661063e-04
-1.672734552649059159e-04
-1.727792304267372278e-04
-1.771327969908391669e-04
-1.804000050814001926e-04
-1.826628825654206417e-04
-1.840126556844655435e-04
-1.845442757348242965e-04
-1.843525278936529574e-04
-1.835295621480742762e-04
-1.821635591386951668e-04
-1.803381914592634488e-04
-1.781325524633789535e-04
-1.756212774433281768e-04
-1.728746741455923215e-04
-1.699587658569800760e-04
-1.669352246735182610e-04
-1.638612133355030263e-04
-1.607891754812012066e-04
-1.577666167755039002e-04
-1.548359104475403880e-04
-1.520341515923347424e-04
-1.493930769662284999e-04
-1.469390559323435113e-04
-1.446931541704468270e-04
-1.426712660689019130e-04
-1.408843112323839421e-04
