-3.834659330621478112e-05
-1.056406275208986861e-04
-1.120288745387164743e-04
-1.377860672786614205e-05
1.637165559617439028e-04
3.584081211215467129e-04
5.254481538295864129e-04
6.462293537440377605e-04
7.224913593482911595e-04
7.656712191131551321e-04
7.883001685753084683e-04
7.998401988947428107e-04
8.060058965894382641e-04
8.096960684452421441e-04
8.121792613996472662e-04
8.139580550626800441e-04
8.152420517048661764e-04
8.161504001177082501e-04
8.167761772019605307e-04
8.171978876014031595e-04
8.174782726152474968e-04
