1.382021279721230414e-06
8.117087595209064425e-06
1.890995906180064671e-05
2.647193940424751401e-05
2.734046063213234099e-05
2.527087195877623357e-05
2.412057149172511098e-05
2.345032021556467020e-05
2.307535725339276750e-05
2.287995954007818758e-05
2.278431205460772709e-05
2.273849565305528274e-05
2.271535032255857188e-05
2.270198068806788790e-05
2.269298679896603938e-05
2.268632545080199510e-05
2.268123173241596275e-05
2.267734787619974323e-05
2.267442745573056113e-05
2.267226278685416249e-05
2.267067740751546904e-05
