4.163284892281169824e+00
1.224465921549555958e+01
1.790681918839719344e+01
1.731147771156981463e+01
1.480704026739718238e+01
1.450529828117209696e+01
1.436561797126774742e+01
1.429823471137232538e+01
1.426678385097806689e+01
1.425260485480873029e+01
1.424633107904746687e+01
1.424354388597214260e+01
1.424226958082804195e+01
1.424165818432317110e+01
1.424134804129649901e+01
1.424118259719298507e+01
1.424109092724728143e+01
1.424103882360538265e+01
1.424100872176207488e+01
1.424099114297025537e+01
1.424098079661610683e+01
