-3.117532923433849468e-03
3.295303272430510910e-02
1.804825188772856970e-01
3.690217142946360940e-01
5.047116572810064206e-01
5.973257130034659301e-01
6.594121002343009685e-01
7.011037304450549179e-01
7.290273147901249473e-01
7.473220031859881818e-01
7.589228893109318808e-01
7.660762860487494441e-01
7.704346570266979999e-01
7.731104618009511098e-01
7.747906902180556887e-01
7.758746909502085565e-01
7.765894855904644789e-01
7.770666993163134473e-01
7.773865738366054767e-01
7.776007894998808734e-01
7.777439020081359233e-01
