-7.999993977486843328e-06
-2.399993758787421979e-05
-4.799972187344554671e-05
-7.999962145551503686e-05
-1.200030149694181572e-04
-1.680251450709624634e-04
-2.241111997057068151e-04
-2.883572265684563696e-04
-3.609031979142917636e-04
-4.418393986495931227e-04
-5.309725591911777353e-04
-6.274842808326126830e-04
-7.296804818657181375e-04
-8.351660123686969204e-04
-9.416890940732676246e-04
-1.048480013118193235e-03
-1.157353546985057796e-03
-1.272650574778672094e-03
-1.399672265277944602e-03
-1.542404095420459335e-03
-1.702120787961005797e-03
-1.877991522311633259e-03
-2.069184525540943616e-03
-2.276579125567888481e-03
-2.502499519558526887e-03
-2.748814438481025826e-03
-3.015432997979869932e-03
-3.300813602244852610e-03
-3.603896631652281357e-03
-3.925272779240015879e-03
-4.266289262574720145e-03
-4.627222606177966609e-03
-5.006745285729551943e-03
-5.403312484449476587e-03
-5.816725991337282249e-03
-6.247956989445914780e-03
-6.697565515175076152e-03
-7.164835786769826846e-03
-7.648712549194709026e-03
-8.149131459526646332e-03
-8.666736295403593485e-03
-9.201132108775223958e-03
-9.749869676693088266e-03
-1.030953074350809268e-02
-1.087770809128567155e-02
-1.145381267211503448e-02
-1.203848507196970952e-02
-1.263314115695546996e-02
-1.324034449709032835e-02
-1.386372501872590660e-02
-1.450629983918079804e-02
-1.516841515242172908e-02
-1.584769477550079797e-02
-1.654132330662454534e-02
-1.724823144261046839e-02
-1.796896486340621157e-02
-1.870386828045600067e-02
-1.945189119477358855e-02
-2.021094669502414634e-02
-2.097873726129784178e-02
-2.175307416202954328e-02
-2.253209327855514033e-02
-2.331480078960763633e-02
-2.410115739640017463e-02
-2.489097255179134258e-02
-2.568271225634227370e-02
-2.647406195299075934e-02
-2.726398358168864375e-02
-2.805371514607941236e-02
-2.884518067730885982e-02
-2.963855338980320858e-02
-3.043178981464721850e-02
-3.122235603559531461e-02
-3.200876021532788468e-02
-3.279033848974068077e-02
-3.356641965247167403e-02
-3.433659701545301729e-02
-3.510189114014612699e-02
-3.586522403010912463e-02
-3.663055670808033903e-02
-3.740146568831055618e-02
-3.817997981719358641e-02
-3.896595428315316467e-02
-3.975737974595282276e-02
-4.055196788992411483e-02
-4.134905959350137356e-02
-4.214989899934197537e-02
-4.295576391100353747e-02
-4.376605574889090577e-02
-4.457858760142029142e-02
-4.539146978119391190e-02
-4.620408655583987251e-02
-4.701633214739298766e-02
-4.782785346314479685e-02
-4.863863454062804237e-02
-4.944975342576561628e-02
-5.026270550897245226e-02
-5.107806658935647864e-02
-5.189560288119048764e-02
-5.271591155650294513e-02
-5.354125244899753111e-02
-5.437409832913429192e-02
-5.521492273680072421e-02
-5.606173540464026023e-02
-5.691179747569707209e-02
-5.776377243826819052e-02
-5.861865038548005197e-02
-5.947920187519598056e-02
-6.034866892764646079e-02
-6.122961242984895081e-02
-6.212362794118646281e-02
-6.303182444818829222e-02
-6.395500182244051590e-02
-6.489283148788443922e-02
-6.584305894371368650e-02
-6.680235020551605896e-02
-6.776843695182425964e-02
-6.874115523452035970e-02
-6.972104002255724575e-02
-7.070717851340664606e-02
-7.169682366020954656e-02
-7.268682852423621887e-02
-7.367494879644062578e-02
-7.466004435373926884e-02
-7.564196315678638205e-02
-7.662154257185814499e-02
-7.759997261914958200e-02
-7.857749611655227839e-02
-7.955307376091298732e-02
-8.052591182036671069e-02
-8.149701098825315460e-02
-8.246833910082322638e-02
-8.344024764948548833e-02
-8.441024330350603566e-02
-8.537459218578564990e-02
-8.633080246803186142e-02
-8.727847181255925235e-02
-8.821850317896097471e-02
-8.915235755435022003e-02
-9.008193114272422530e-02
-9.100915741577191020e-02
-9.193487657578884586e-02
-9.285789876153793809e-02
-9.377533071224601613e-02
-9.468400543085933596e-02
-9.558180814779461409e-02
-9.646783588943567966e-02
-9.734142062237599591e-02
-9.820115671015718084e-02
-9.904508050714330714e-02
