0.000000000000000000e+00
-7.883161291520270983e-06
-2.475861404909478726e-05
-5.060194631650122651e-05
-8.481711396132014195e-05
-1.267773640150247840e-04
-1.759944508670328455e-04
-2.321449600652899549e-04
-2.950666267459742622e-04
-3.647202266289874587e-04
-4.411187069475645079e-04
-5.242520450731311078e-04
-6.140348544639777188e-04
-7.102853814002938956e-04
-8.127296681640101134e-04
-9.210201507410605178e-04
-1.034760200638815478e-03
-1.153529744328232872e-03
-1.276909363908527344e-03
-1.404501073400980446e-03
-1.535944197888208448e-03
-1.670925218264238685e-03
-1.809181280662611191e-03
-1.950498096328122074e-03
-2.094703768029625417e-03
-2.241660557647258151e-03
-2.391256510550481690e-03
-2.543398458362123096e-03
-2.698007291310504895e-03
-2.855015747381490707e-03
-3.014368432152972604e-03
-3.176023402316525187e-03
-3.339954509088354818e-03
-3.506153660615600118e-03
-3.674632342130735359e-03
-3.845421940254405060e-03
-4.018572687519068355e-03
-4.194151268209942232e-03
-4.372237352389342704e-03
-4.552919432911963979e-03
-4.736290352763427615e-03
-4.922442952482740212e-03
-5.111466107865127693e-03
-5.303441801255743063e-03
