0.000000000000000000e+00
-3.506290987134024560e-07
-8.318641498353569171e-07
-7.296547727592128076e-07
5.979259550523079363e-07
3.491100724022585286e-06
8.029793070113800814e-06
1.412411410777059631e-05
2.157953978894250853e-05
3.014364762075315635e-05
3.954804971912225339e-05
4.954712989423692586e-05
5.994850493824160545e-05
7.063044430435523580e-05
8.154476559496149518e-05
9.270701618512903444e-05
1.041779088231364328e-04
1.160408348881013008e-04
1.283800298950284701e-04
1.412629396884609314e-04
1.547289030734022997e-04
1.687847720812107074e-04
1.834068015342674239e-04
1.985472314507204683e-04
2.141435046898386668e-04
2.301280584727853054e-04
2.464369292108869428e-04
2.630159787315673780e-04
2.798241878462819554e-04
2.968340624032628390e-04
3.140296815708870344e-04
3.314031578207497666e-04
3.489504358134331912e-04
3.666672314108964585e-04
3.845457607771437278e-04
4.025726241125942000e-04
4.207279600929138882e-04
4.389857761199187389e-04
4.573151557537496548e-04
4.756819504397706024e-04
4.940506372693946992e-04
5.123859658813439489e-04
5.306542295108861856e-04
5.488229328094081918e-04
