9.999999999999961142e-01
9.999044758758856011e-01
9.997440327542986838e-01
9.995322841430198668e-01
9.993157504699381466e-01
9.990939261906909286e-01
9.988566354793222413e-01
9.985749277027602400e-01
9.982759793396281944e-01
9.979192909765978170e-01
9.975299834066847504e-01
9.971042366956816005e-01
9.966397882309877554e-01
9.961364165208953514e-01
9.955959168174316476e-01
9.950217441534737750e-01
9.944184879741360117e-01
9.937912964839490382e-01
9.931453323943767453e-01
9.924853198544373312e-01
9.918152247078609873e-01
9.911380891298742224e-01
9.904560166424393186e-01
9.897702829734903451e-01
9.890815244593609279e-01
9.883899615928686266e-01
9.876956083208924264e-01
9.869984356893157784e-01
9.862984716516876027e-01
9.855958351646086912e-01
9.848907090520240271e-01
9.841832800402924297e-01
9.834736560339223388e-01
9.827617833953028459e-01
9.820473824108720828e-01
9.813299128682279049e-01
9.806085726904578692e-01
9.798823176619995134e-01
9.791499110575726528e-01
9.784099955201684962e-01
9.775836497585614904e-01
9.767437478736673562e-01
9.758903280345656572e-01
9.750227717720115761e-01
