0.000000000000000000e+00
1.000000000000000021e-02
2.000000000000000042e-02
2.999999999999999889e-02
4.000000000000000083e-02
5.000000000000000278e-02
6.000000000000000472e-02
7.000000000000000666e-02
8.000000000000000167e-02
8.999999999999999667e-02
9.999999999999999167e-02
1.099999999999999867e-01
1.199999999999999817e-01
1.299999999999999767e-01
1.399999999999999856e-01
1.499999999999999944e-01
1.600000000000000033e-01
1.700000000000000122e-01
1.800000000000000211e-01
1.900000000000000300e-01
2.000000000000000389e-01
2.100000000000000477e-01
2.200000000000000566e-01
2.300000000000000655e-01
2.400000000000000744e-01
2.500000000000000555e-01
2.600000000000000644e-01
2.700000000000000733e-01
2.800000000000000822e-01
2.900000000000000910e-01
3.000000000000000999e-01
3.100000000000001088e-01
3.200000000000001177e-01
3.300000000000001266e-01
3.400000000000001354e-01
3.500000000000001443e-01
3.600000000000001532e-01
3.700000000000001621e-01
3.800000000000001710e-01
3.900000000000001799e-01
4.000000000000001887e-01
4.100000000000001976e-01
4.200000000000002065e-01
4.300000000000002154e-01
