0.000000000000000000e+00
8.734893718840442550e-03
-1.232068441500686340e-01
-1.531584498089400004e-01
-1.572792732499589674e-01
-1.558794344708026858e-01
-3.007297665222069538e-01
-1.327391299771146338e+00
-4.363384575368777440e+00
-1.537529473222460474e+01
-2.361293327917407794e+02
-2.758547786626424931e+04
-3.679452653321115375e+08
-8.633074084532518000e+15
1.047070525962531568e+34
2.307946208437919628e+67
-1.800621675564810392e+136
-4.488256613499785780e+272
nan
nan
nan
nan
nan
nan
nan
nan
nan
nan
nan
nan
nan
nan
nan
nan
nan
nan
nan
nan
nan
nan
nan
nan
nan
nan
nan
nan
nan
nan
nan
nan
nan
nan
nan
nan
nan
nan
nan
nan
nan
nan
nan
nan
nan
nan
nan
nan
nan
nan
nan
nan
nan
nan
nan
nan
nan
nan
nan
nan
nan
nan
nan
nan
nan
nan
nan
nan
nan
nan
nan
nan
nan
nan
nan
nan
nan
nan
nan
nan
nan
