2.139207144194779175e+01
2.217389551998674158e+00
1.099881831709436319e+00
1.003337596618410377e+00
1.020564945792123090e+00
1.087507254957678082e+00
1.261506486084334799e+00
1.482419582913935496e+00
1.578014894950989566e+00
1.243689656517223519e+00
2.180249889886960091e+01
-1.765373942284755685e+03
-1.091710418173845410e+08
-4.487467683620808000e+16
-2.971259878034360071e+33
-2.668751102506818106e+67
-3.075499456639764887e+135
-8.016224495673999540e+271
nan
nan
nan
nan
nan
nan
nan
nan
nan
nan
nan
nan
nan
nan
nan
nan
nan
nan
nan
nan
nan
nan
nan
nan
nan
nan
nan
nan
nan
nan
nan
nan
nan
nan
nan
nan
nan
nan
nan
nan
nan
nan
nan
nan
nan
nan
nan
nan
nan
nan
nan
nan
nan
nan
nan
nan
nan
nan
nan
nan
nan
nan
nan
nan
nan
nan
nan
nan
nan
nan
nan
nan
nan
nan
nan
nan
nan
nan
nan
nan
nan
