0.000000000000000000e+00
1.698028641332630234e-08
4.332375255494550549e-08
7.415419332923640152e-08
1.061812983862623487e-07
1.373277276772718344e-07
1.667392943642262083e-07
1.946579274951815705e-07
2.221117119227545241e-07
2.505495009839109466e-07
2.815085654263282723e-07
3.163426983538997676e-07
3.560201262362865787e-07
4.010044717832327018e-07
4.512294820848961783e-07
5.061633982948823630e-07
5.649407630964271208e-07
6.265278562853819079e-07
6.898865369318912753e-07
7.541083267603098329e-07
8.185020164823233088e-07
8.826300149408558825e-07
9.462984991211123753e-07
1.009512965810887034e-06
1.072413861983560771e-06
1.135207009568190616e-06
1.198101265929993946e-06
1.261262117575840535e-06
1.324785547008335002e-06
1.388692322223591110e-06
1.452939457629611000e-06
1.517443380441161751e-06
1.582108446337310117e-06
1.646854778588619634e-06
1.711640667457071555e-06
1.776476571884376815e-06
1.841429707058587934e-06
1.906619931878058782e-06
1.972208925825718231e-06
2.038385346108076993e-06
2.105348782550685465e-06
2.173294973602230567e-06
2.242404065673134692e-06
2.312832866336955330e-06
2.384711225449440520e-06
2.458142006493895949e-06
2.533203665653700012e-06
2.609954262623450445e-06
2.688435768435052327e-06
2.768677755974935077e-06
2.850699886210108944e-06
2.934512961643096138e-06
3.020118642434303615e-06
3.107508163101386420e-06
3.196660524071773105e-06
3.287540662143540938e-06
3.380098041003420352e-06
3.474265977404420605e-06
3.569961862377444715e-06
3.667088281500835078e-06
3.765534908886331239e-06
3.865180962048123371e-06
3.965897965270995208e-06
4.067552573415300717e-06
4.170009249751017400e-06
4.273132651689399874e-06
4.376789648174666557e-06
4.480850956425651975e-06
4.585192435435984306e-06
4.689696104233438490e-06
4.794250962938469924e-06
4.898753688871866405e-06
5.003109260126647235e-06
5.107231534177089422e-06
5.211043783582684830e-06
5.314479169710560517e-06
5.417481121862662219e-06
5.520003583416850811e-06
5.622011091251275945e-06
5.723478662765452894e-06
5.824391479002949993e-06
5.924744366982605231e-06
6.024541097887458424e-06
6.123793528509073529e-06
6.222520619370235215e-06
6.320747366883899610e-06
6.418503684596229732e-06
6.515823265313457619e-06
6.612742450524391169e-06
6.709299127876181238e-06
6.805531671167140466e-06
6.901477934903162974e-06
6.997174310710706262e-06
7.092654852243054408e-06
7.187950474753715498e-06
7.283088235028874063e-06
7.378090699152034752e-06
7.472975404486900368e-06
7.567754422570828036e-06
7.662434028797267946e-06
7.757014482420078612e-06
7.851489919823476625e-06
7.945848359949948291e-06
8.040071818897953550e-06
8.134136528046658938e-06
8.228013247947469161e-06
8.321667667715487894e-06
8.415060879686215464e-06
8.508149916912811120e-06
8.600888341278019138e-06
8.693226869991134428e-06
8.785114027907614569e-06
8.876496814673604790e-06
8.967321375060263670e-06
9.057533662017572994e-06
9.147080082502556943e-06
9.235908116603149461e-06
9.323966902309979764e-06
9.411207776667307839e-06
9.497584767101827584e-06
9.583055026902003592e-06
9.667579210428833467e-06
9.751121783199510608e-06
9.833651265107730841e-06
9.915140404558843302e-06
9.995566284289576580e-06
1.007491035892164085e-05
1.015315842659405577e-05
1.023030053865463043e-05
1.030633084989029971e-05
1.038124741591163061e-05
1.045505194185608022e-05
1.052774948896921996e-05
1.059934814652361655e-05
1.066985867406697735e-05
1.073929412174586925e-05
1.080766943667235058e-05
1.087500105998735728e-05
1.094130652391702647e-05
1.100660405269239489e-05
1.107091217599553558e-05
1.113424935850064873e-05
1.119663365150721674e-05
1.125808237255503173e-05
1.131861181435663582e-05
1.137823698930973961e-05
1.143697140943922627e-05
1.149482690651896483e-05
1.155181349077853392e-05
1.160793925148001404e-05
1.166321029652979673e-05
1.171763073299034196e-05
1.177120268440172575e-05
1.182392634556808356e-05
1.187580007008872788e-05
1.192682048862984998e-05
1.197698265585274039e-05
1.202628021978322075e-05
1.207470561271016451e-05
1.212225025679981757e-05
1.216890478315645859e-05
1.221465925743321080e-05
1.225950341066756655e-05
1.230342686873176052e-05
1.234641937923606910e-05
1.238847102999614791e-05
1.242957245676977126e-05
1.246971503830594654e-05
1.250889107362546089e-05
1.254709394199165752e-05
1.258431824096558626e-05
1.262055990369313961e-05
1.265581629208752163e-05
1.269008626622159038e-05
1.272337023070804143e-05
1.275567015584545827e-05
1.278698957667114488e-05
1.281733356853360353e-05
1.284670870135617934e-05
1.287512297504643244e-05
1.290258573578876763e-05
1.292910757623650258e-05
1.295470022265778884e-05
1.297937640905892814e-05
1.300314974317031100e-05
1.302603456451290715e-05
1.304804579825099085e-05
1.306919880663585182e-05
1.308950924161933668e-05
1.310899289898154479e-05
1.312766557710614982e-05
1.314554294322084118e-05
1.316264040702439595e-05
1.317897300455940200e-05
1.319455529310389387e-05
1.320940125936902739e-05
1.322352424010481816e-05
1.323693685698508844e-05
1.324965096585551118e-05
1.326167762026075585e-05
1.327302705032934959e-05
1.328370865491472255e-05
1.329373100772813813e-05
1.330310187643517777e-05
1.331182825386456999e-05
1.331991640031493821e-05
1.332737189580890025e-05
1.333419970102788500e-05
1.334040422557339956e-05
1.334598940189282417e-05
1.335095876451311358e-05
1.335531553138547407e-05
1.335906268709684846e-05
1.336220306622266257e-05
1.336473943549312578e-05
1.336667457350540788e-05
1.336801134704264592e-05
1.336875278183695361e-05
1.336890212853276436e-05
1.336846292181388141e-05
1.336743903231006683e-05
1.336583471070057494e-05
1.336365462359223346e-05
1.336090388090533332e-05
9998799053e-02
-7.543799550167637480e-02
-7.544794466105302078e-02
-7.545479098865180700e-02
-7.545857267614017316e-02
-7.545932770331267858e-02
-7.545709384514874551e-02
-7.545190867878488750e-02
-7.544380959025429045e-02
