0.000000000000000000e+00
-4.258137918860272340e-07
-1.091415351054388130e-06
-1.273100745832846192e-06
-3.109141848517314454e-07
2.141588899440989100e-06
6.162769273839434556e-06
1.166013787010797628e-05
1.843794345304659960e-05
2.624370252337338390e-05
3.480945262503803408e-05
4.389008773526217216e-05
5.329367872278728904e-05
6.289885380263835119e-05
7.265767121989579207e-05
8.258578106381225640e-05
9.274385731606329074e-05
1.032151365978969682e-04
1.140836414984946361e-04
1.254166299458847557e-04
1.372533719246660277e-04
1.496008576401303863e-04
1.624357547859358729e-04
1.757110249882086310e-04
1.893651510631355931e-04
2.033319031709653253e-04
2.175489013268057240e-04
2.319637879586252565e-04
2.465374659744064278e-04
2.612444574376467294e-04
2.760709027569402787e-04
2.910110018113969891e-04
3.060627901551136597e-04
3.212240711655625918e-04
3.364891347082677982e-04
3.518466386778551286e-04
3.672787655072246829e-04
3.827615355073847093e-04
3.982659940574680363e-04
4.137599046950501372e-04
4.292095735478700081e-04
4.445814877625035009e-04
4.598435489575428158e-04
4.749657971041912363e-04
4.899206279558481533e-04
5.046825916642272728e-04
5.192279119373289630e-04
5.335338831793726144e-04
5.475782907379407290e-04
5.613389656290021989e-04
5.747935397390888015e-04
5.879194203352478432e-04
6.006939618627262032e-04
6.130947838468207931e-04
6.251001689456270891e-04
6.366894733127493071e-04
6.478434919038298951e-04
6.585447379621733053e-04
6.687776159137007485e-04
6.785284859669942588e-04
6.877856339297413850e-04
6.965391695172830572e-04
7.047808803076150092e-04
7.125040674091061635e-04
7.197033832885457900e-04
7.263746855319722345e-04
7.325149122743930454e-04
7.381219783483216300e-04
7.431946864292785166e-04
7.477326449472246166e-04
7.517361846379319243e-04
7.552062666247079002e-04
7.581443785971903656e-04
7.605524185242633741e-04
7.624325685320127626e-04
7.637871640465447240e-04
7.646185646782100104e-04
7.649290339272886256e-04
7.647206336162082037e-04
7.639951383227628094e-04
7.627539730022253606e-04
7.609981752194601781e-04
7.587283818054562463e-04
7.559448383865996577e-04
7.526474296875757279e-04
7.488357272712511383e-04
7.445090522355948337e-04
7.396665500260446099e-04
7.343072749114071306e-04
7.284302820099911686e-04
7.220347253901923364e-04
7.151199601401761951e-04
7.076856472939380659e-04
6.997318599490300484e-04
6.912591887928686571e-04
6.822688454738677633e-04
6.727627614147534390e-04
6.627436804418314949e-04
6.522152431426269520e-04
6.411820609813512770e-04
6.296497787695382519e-04
6.176251236286127823e-04
6.051159397326557688e-04
5.921312080229951778e-04
5.786810504829686605e-04
5.647767189064888246e-04
5.504305686544737428e-04
5.356560175944761375e-04
5.204674913318735590e-04
5.048803556737807693e-04
4.889108374509633457e-04
4.725759352681715379e-04
4.558933212991611800e-04
4.388812360098985426e-04
4.215583774357511016e-04
4.039437867345197939e-04
3.860567317600325783e-04
3.679165907229618444e-04
3.495427374705740780e-04
3.309544296077013043e-04
3.121707028141948231e-04
2.932102711752276923e-04
2.740914353122899196e-04
2.548320001311932086e-04
2.354492029413316151e-04
2.159596521287850514e-04
1.963792779994357797e-04
1.767232955695798198e-04
1.570061790920062878e-04
1.372416492235175526e-04
1.174426713009581045e-04
9.762146537256464118e-05
7.778952668926378646e-05
5.795765538219363857e-05
3.813599544347951733e-05
1.833408125692388268e-05
-1.439110159059058758e-06
-2.117510079685067334e-05
-4.086585034983534868e-05
-6.050369163471520467e-05
-8.008126564265676461e-05
-9.959145601240210373e-05
-1.190273249163139441e-04
-1.383820521376461334e-04
-1.576488767114849366e-04
-1.768210440576490153e-04
-1.958917575794458569e-04
-2.148541372619630532e-04
-2.337011840852734775e-04
-2.524257524263389231e-04
-2.710205289904648934e-04
-2.894780201609196144e-04
-3.077905460971575176e-04
-3.259502431182801545e-04
-3.439490726068090433e-04
-3.617788368062201739e-04
-3.794312016835556592e-04
-3.968977245305266169e-04
-4.141698876394179531e-04
-4.312391354487865006e-04
-4.480969162038795695e-04
-4.647347255089985941e-04
-4.811441526936200905e-04
-4.973169273757004636e-04
-5.132449671134094778e-04
-5.289204237856478478e-04
-5.443357286382897444e-04
-5.594836359138335774e-04
-5.743572626144789403e-04
-5.889501257539275390e-04
-6.032561747462429061e-04
-6.172698202161481899e-04
-6.309859572818879046e-04
-6.443999838042577125e-04
-6.575078140486561662e-04
-6.703058859524494784e-04
-6.827911639164594825e-04
-6.949611356120802838e-04
-7.068138037504801633e-04
-7.183476736798556465e-04
-7.295617356076933464e-04
-7.404554427662990998e-04
-7.510286865983175275e-04
-7.612817676943220034e-04
-7.712153649222741559e-04
-7.808305017293102690e-04
-7.901285110945803622e-04
-7.991109993314455141e-04
-8.077798100303598509e-04
-8.161369872542741750e-04
-8.241847394769928180e-04
-8.319254053298770447e-04
-8.393614200989547034e-04
-8.464952844699828944e-04
-8.533295355204222792e-04
-8.598667209540283938e-04
-8.661093754476670943e-04
-8.720600004079377037e-04
-8.777210470676898415e-04
-8.830949027205768501e-04
-8.881838809184052419e-04
-8.929902142286396836e-04
-8.975160505463289536e-04
-9.017634526188295476e-04
-9.057344004891928601e-04
-9.094307966546203359e-04
-9.128544737049325373e-04
-9.160072041670213293e-04
-9.188907122520077048e-04
-9.215066870123141130e-04
-9.238567973702097079e-04
-9.259427072544303876e-04
-9.277660916081022962e-04
-9.293286527098391838e-04
-9.306321363606754942e-04
-9.316783476405412654e-04
-9.324691661311636280e-04
-9.330065595453537405e-04
-9.332925969586831775e-04
-9.333294603168191617e-04
-9.331194542671338325e-04
-9.326650142954952911e-04
-9.319687130467321518e-04
-9.310332647392938026e-04

-1.904628040221907279e-02
-1.904729857718186897e-02
-1.904692001946212826e-02
-1.904516362976232599e-02
-1.904204816749872561e-02
