9.999999999999957812e-01
9.998619138858175770e-01
9.996147669681458847e-01
9.992798999392841219e-01
9.988731925737220907e-01
9.984072604793714500e-01
9.978896944932365010e-01
9.973220264664427459e-01
9.967004706263005165e-01
9.960178524974567793e-01
9.952657991996795017e-01
9.944365565098546300e-01
9.935241679815927096e-01
9.925250006559416249e-01
9.914344192685572432e-01
9.902594916508238310e-01
9.890025066265765163e-01
9.876589202858302441e-01
9.862346323367900958e-01
9.847315610344223868e-01
9.831507792127819334e-01
9.814924133720773769e-01
9.797557348022299939e-01
9.779393968715319740e-01
9.760417559471400439e-01
9.740612102262340422e-01
9.719964995451281231e-01
9.698469261198406910e-01
9.676124764144105050e-01
9.652938436779444631e-01
9.628923661328006034e-01
9.604099057549330132e-01
9.578486967200700031e-01
9.552111914690725181e-01
9.524999271581386928e-01
9.497174275120661147e-01
9.468661464400612848e-01
9.439484516792190361e-01
9.409666403976301163e-01
9.379229748239420461e-01
9.348197247761858009e-01
9.316592051678613817e-01
9.284437995541758859e-01
9.251759647419545152e-01
9.218582156005444839e-01
9.184930927935859302e-01
9.150831186748195067e-01
9.116307478878428183e-01
9.081383192269371074e-01
9.046080143032144694e-01
9.010418268470793413e-01
8.974415444645927886e-01
8.938087427288503584e-01
8.901447899243049022e-01
8.864508597676027390e-01
8.827279490250157234e-01
8.789768971371684225e-01
8.751984055477046720e-01
8.713930552705196897e-01
8.675613221142378650e-01
8.637035897566868181e-01
8.598201614135821957e-01
8.559112711182980116e-01
8.519770956485991364e-01
8.480177678907044880e-01
8.440333920945267687e-01
8.400240610418172604e-01
8.359898747595408963e-01
8.319309601053546110e-01
8.278474903698859189e-01
8.237397040116404279e-01
8.196079216900327147e-01
8.154525609584523105e-01
8.112741481837674185e-01
8.070733274932263557e-01
8.028508667550087186e-01
7.986076607532917038e-01
7.943447318376747335e-01
7.900632283305457637e-01
7.857644210028797982e-01
7.814496978685956385e-01
7.771205574949048289e-01
7.727786009685099211e-01
7.684255226095821900e-01
7.640630995295013550e-01
7.596931800826763892e-01
7.553176713333498160e-01
7.509385256720312318e-01
7.465577267674398110e-01
7.421772750748140135e-01
7.377991731864980141e-01
7.334254112706490858e-01
7.290579529057960029e-01
7.246987215768204704e-01
7.203495880736793255e-01
7.160123590269978910e-01
7.116887667163178666e-01
7.073804602996589530e-01
7.030889985434379819e-01
6.988158440952854100e-01
6.945623593418174258e-01
6.903298038037191109e-01
6.861193330603800877e-01
6.819319991457819530e-01
6.777687523485936838e-01
6.736304443257091767e-01
6.695178324589452501e-01
6.654315853005668968e-01
6.613722890073179261e-01
6.573404546145441563e-01
6.533365259916346091e-01
6.493608883463845016e-01
6.454138770680926118e-01
6.414957867697888005e-01
6.376068803544985286e-01
6.337473979449858019e-01
6.299175655494446691e-01
6.261176032183253248e-01
6.223477327227540101e-01
6.186081845747368746e-01
6.148992042442629202e-01
6.112210575862406792e-01
6.075740353507964597e-01
6.039584567763157663e-01
6.003746722380812750e-01
5.968230649323713610e-01
5.933040516264971309e-01
5.898180824948379142e-01
5.863656400558439064e-01
5.829472373089690240e-01
5.795634150765314185e-01
5.762147386822645823e-01
5.729017940299454548e-01
5.696251831334083748e-01
5.663855192601787714e-01
5.631834217644325902e-01
5.600195106544246793e-01
5.568944011086076618e-01
5.538086979119540842e-01
5.507629900386186161e-01
5.477578453394269520e-01
5.447938055359150544e-01
5.418713815537571366e-01
5.389910491973788353e-01
5.361532453679376253e-01
5.333583647081617807e-01
5.306067568825540981e-01
5.278987243518072914e-01
5.252345208286003375e-01
5.226143502520251838e-01
5.200383664491662339e-01
5.175066733005228015e-01
5.150193255583808138e-01
5.125763301170515041e-01
5.101776478471525822e-01
5.078231958902991172e-01
5.055128502860176676e-01
5.032464490493394615e-01
5.010237954420061479e-01
4.988446615775852244e-01
4.967087920990982397e-01
4.946159080654042306e-01
4.925657107879018448e-01
4.905578857542300386e-01
4.885921063877501358e-01
4.866680377580274164e-01
4.847853401234498705e-01
4.829436721801023125e-01
4.811426941620062792e-01
4.793820705484949651e-01
4.776614725604003686e-01
4.759805802168815547e-01
4.743390841166877925e-01
4.727366868587828397e-01
4.711731040191590725e-01
4.696480648727538454e-01
4.681613126566511740e-01
4.667126045731003758e-01
4.653017114708564161e-01
4.639284171487443320e-01
4.625925174683703789e-01
4.612938192234765089e-01
4.600321387172506271e-01
4.588073002729455285e-01
4.576191344968649766e-01
4.564674765166423231e-01
4.553521641230579564e-01
4.542730359078953062e-01
4.532299293205209190e-01
4.522226788444691503e-01
4.512511142368956785e-01
4.503150587847289388e-01
4.494143277641489687e-01
4.485487270153415973e-01
4.477180517092388956e-01
4.469220852140078915e-01
4.461605982375305146e-01
4.454333481425840069e-01
4.447400784711199040e-01
4.440805187035445911e-01
4.434543841456390911e-01
4.428613761012991090e-01
4.423011822102413393e-01
4.417734769710539577e-01
4.412779224343218454e-01
4.408141690504896459e-01
4.403818566549617119e-01
4.399806155712761013e-01
4.396100678121321881e-01
4.392698283831280581e-01
4.389595065605761404e-01
4.386787072877083027e-01
4.384270325522370837e-01
4.382040827566772712e-01
4.380094580597013731e-01
4.378427596700913971e-01
4.377035910501401172e-01
4.375915591197501175e-01
4.375062752809082967e-01
4.374473563672606757e-01
4.374144254763326911e-01
4.374071126786435171e-01
4.374250555979314892e-01
4.374678998591702284e-01
