5.000000000000000104e-04
1.000000000000000021e-03
1.500000000000000031e-03
2.000000000000000042e-03
2.500000000000000052e-03
3.000000000000000062e-03
3.500000000000000073e-03
4.000000000000000083e-03
4.500000000000000527e-03
5.000000000000000971e-03
5.500000000000001416e-03
6.000000000000001860e-03
6.500000000000002304e-03
7.000000000000002748e-03
7.500000000000003192e-03
8.000000000000003636e-03
8.500000000000004080e-03
9.000000000000004524e-03
9.500000000000004968e-03
1.000000000000000541e-02
1.050000000000000586e-02
