-8.180166776784722265e-04
-2.570424523387267960e-03
-5.521410029662725434e-03
-9.998976313447482944e-03
-1.613761937218488943e-02
-2.364663325542374489e-02
-3.188891961984671730e-02
-4.027126972814407818e-02
-4.857934043015153802e-02
-5.693451914825749943e-02
-6.549808772244844479e-02
-7.430724583478709455e-02
-8.334182565908405949e-02
-9.253466090978387792e-02
-1.015775834347670825e-01
-1.098377822471780230e-01
-1.166873829552563663e-01
-1.219642936191398935e-01
-1.260132936803634862e-01
-1.292553101052995590e-01
-1.318057945690220556e-01
-1.335179443901765572e-01
-1.342047237321404574e-01
-1.336595651815564167e-01
-1.315794523233482227e-01
-1.277229437771155718e-01
-1.222298295142722618e-01
-1.156717650843344658e-01
-1.086781930208402108e-01
-1.015193110190599074e-01
-9.406807628609555050e-02
-8.607591782668332081e-02
-7.741241693397230006e-02
-6.812242055322552392e-02
-5.841166375864140226e-02
-4.865226645816163320e-02
-3.935356663115760489e-02
-3.102077675288346034e-02
-2.393183420897262992e-02
-1.798515071668880042e-02
-1.279707107156356424e-02
-8.051511248617039193e-03
-3.813862243000643807e-03
-4.892588312289041863e-04
1.507350672109986989e-03
1.964926066053582394e-03
7.991677229010962303e-04
-2.020915602942343053e-03
-6.307705583322509475e-03
-1.153738771004665306e-02
-1.715145845701037536e-02
-2.303616770133444860e-02
-2.956513680838834812e-02
-3.712386675395033808e-02
-4.571538341503872394e-02
-5.505398354487085755e-02
-6.482711868618705464e-02
-7.469015370168768930e-02
-8.414676141358250205e-02
-9.271361792009656655e-02
-1.002730931759274052e-01
-1.071360342463320431e-01
-1.136802936261725877e-01
-1.199566941021680266e-01
-1.256362398787801149e-01
-1.302367333234753510e-01
-1.333560490164279466e-01
-1.347864528424857211e-01
-1.345414151599632624e-01
-1.328367164434048064e-01
-1.300280923009299316e-01
-1.264853747511235638e-01
-1.223971801514055630e-01
-1.176076323556082132e-01
-1.116984853092695129e-01
-1.043652375841589014e-01
-9.575961430755784709e-02
-8.642426585948959072e-02
-7.690857910846414514e-02
-6.753832621220116905e-02
-5.852183096401838286e-02
-5.003880160069790195e-02
-4.207140155722558644e-02
-3.431127776450249023e-02
-2.648971362779961591e-02
-1.882091962627808687e-02
-1.196774778654161389e-02
-6.537464542729199898e-03
-2.721941363279587259e-03
-4.170009632344430527e-04
5.197437023700682756e-04
2.559211740130455551e-04
-9.257285238473007263e-04
-2.764203730192957113e-03
-5.305723214269349695e-03
-8.947149687728431222e-03
-1.411152269584916609e-02
-2.087166659714218692e-02
-2.887162081293136173e-02
-3.755585607200337406e-02
