0.000000000000000000e+00
2.000000000000000042e-02
4.000000000000000083e-02
5.999999999999999778e-02
8.000000000000000167e-02
1.000000000000000056e-01
1.200000000000000094e-01
1.400000000000000133e-01
1.600000000000000033e-01
1.799999999999999933e-01
1.999999999999999833e-01
2.199999999999999734e-01
2.399999999999999634e-01
2.599999999999999534e-01
2.799999999999999711e-01
2.999999999999999889e-01
3.200000000000000067e-01
3.400000000000000244e-01
3.600000000000000422e-01
3.800000000000000600e-01
4.000000000000000777e-01
4.200000000000000955e-01
4.400000000000001132e-01
4.600000000000001310e-01
4.800000000000001488e-01
5.000000000000001110e-01
5.200000000000001288e-01
5.400000000000001465e-01
5.600000000000001643e-01
5.800000000000001821e-01
6.000000000000001998e-01
6.200000000000002176e-01
6.400000000000002354e-01
6.600000000000002531e-01
6.800000000000002709e-01
7.000000000000002887e-01
7.200000000000003064e-01
7.400000000000003242e-01
7.600000000000003419e-01
7.800000000000003597e-01
8.000000000000003775e-01
8.200000000000003952e-01
8.400000000000004130e-01
8.600000000000004308e-01
8.800000000000004485e-01
9.000000000000004663e-01
9.200000000000004841e-01
9.400000000000005018e-01
9.600000000000005196e-01
9.800000000000005373e-01
1.000000000000000444e+00
1.020000000000000462e+00
1.040000000000000480e+00
1.060000000000000497e+00
1.080000000000000515e+00
1.100000000000000533e+00
1.120000000000000551e+00
1.140000000000000568e+00
1.160000000000000586e+00
1.180000000000000604e+00
1.200000000000000622e+00
1.220000000000000639e+00
1.240000000000000657e+00
1.260000000000000675e+00
1.280000000000000693e+00
1.300000000000000711e+00
1.320000000000000728e+00
1.340000000000000746e+00
1.360000000000000764e+00
1.380000000000000782e+00
1.400000000000000799e+00
1.420000000000000817e+00
1.440000000000000835e+00
1.460000000000000853e+00
1.480000000000000870e+00
1.500000000000000888e+00
1.520000000000000906e+00
1.540000000000000924e+00
1.560000000000000941e+00
1.580000000000000959e+00
1.600000000000000977e+00
1.620000000000000995e+00
1.640000000000001013e+00
1.660000000000001030e+00
1.680000000000001048e+00
1.700000000000001066e+00
1.720000000000001084e+00
1.740000000000001101e+00
1.760000000000001119e+00
1.780000000000001137e+00
1.800000000000001155e+00
1.820000000000001172e+00
1.840000000000001190e+00
1.860000000000001208e+00
1.880000000000001226e+00
1.900000000000001243e+00
1.920000000000001261e+00
1.940000000000001279e+00
1.960000000000001297e+00
1.980000000000001315e+00
