-8.394150499821091469e-17
-4.506906973848979024e-16
-1.351938878447528877e-15
-3.093804667011135255e-15
-6.064938016947274609e-15
-1.076624034471941197e-14
-1.782161814919505008e-14
-2.795886548510252026e-14
-4.196384962707724014e-14
-6.062289988535192256e-14
-8.467148418011483436e-14
-1.147612722262904491e-13
-1.514471409956892646e-13
-1.951878218410666916e-13
-2.463525097323960862e-13
-3.052299225985397470e-13
-3.720415137015039349e-13
-4.469621886238199763e-13
-5.301490546359289717e-13
-6.217739290330123051e-13
-7.220525284271238649e-13
-8.312645079512547628e-13
-9.497626018558476301e-13
-1.077972715535602246e-12
-1.216387360246834452e-12
-1.365552813347752470e-12
-1.526048741663548408e-12
-1.698460561821627217e-12
-1.883349653876431133e-12
-2.081231614084331713e-12
-2.292573634881308824e-12
-2.517816706100427515e-12
-2.757418409544149316e-12
-3.011902973267829898e-12
-3.281902266206867011e-12
-3.568176247462514121e-12
-3.871611135174156484e-12
-4.193202262209761830e-12
-4.534031478606282360e-12
-4.895245392864873259e-12
-5.278034706012581765e-12
-5.683611490749488870e-12
-6.113183223279962182e-12
-6.567928019742000522e-12
-7.048979977165583184e-12
-7.557432315896918726e-12
-8.094358620545864509e-12
-8.660843072606440047e-12
-9.258005170496966162e-12
-9.887007430411777078e-12
-1.054904452226139264e-11
-1.124532337111810835e-11
-1.197704902382186901e-11
-1.274542718015013689e-11
-1.355168376589852973e-11
-1.439709144567110660e-11
-1.528298913768668917e-11
-1.621078555291540543e-11
-1.718194801936163158e-11
-1.819798700815010432e-11
-1.926044912649322245e-11
-2.037092588207452556e-11
-2.153107590064389188e-11
-2.274265032420883206e-11
-2.400750933971746138e-11
-2.532762251147353683e-11
-2.670505315152606401e-11
-2.814193286531941590e-11
-2.964043356203786290e-11
-3.120274193542039311e-11
-3.283103853192286416e-11
-3.452748239338938256e-11
-3.629420278799680897e-11
-3.813329967337907588e-11
-4.004685291615952500e-11
-4.203693771505437442e-11
-4.410564228661156316e-11
-4.625508482921748294e-11
-4.848742914652491997e-11
-5.080490008361527407e-11
-5.320979970081075367e-11
-5.570452294507430818e-11
-5.829156890566759352e-11
-6.097354273304373639e-11
-6.375314548043005322e-11
-6.663315437716436611e-11
-6.961640169358177787e-11
-7.270576224033906830e-11
-7.590415498004401438e-11
-7.921455537435118730e-11
-8.264000782945269278e-11
-8.618362720736506752e-11
-8.984858573392230179e-11
-9.363809135655422786e-11
-9.755536964806025293e-11
-1.016036599867649645e-10
-1.057862290144301447e-10
-1.101063944702922262e-10
-1.145675454067020853e-10
-1.191731450490733559e-10
-1.239267112343582588e-10
-1.288317822265616328e-10
-1.338918847049415074e-10
-1.391105193292791152e-10
-1.444911684757721732e-10
-1.500373186089297018e-10
-1.557524843583452051e-10
-1.616402244237827195e-10
-1.677041464104109105e-10
-1.739479038514776881e-10
-1.803751923878985079e-10
-1.869897531770366568e-10
-1.937953886914394912e-10
-2.007959885424146182e-10
-2.079955546375529836e-10
-2.153982127668535316e-10
-2.230082047208094876e-10
-2.308298655251247153e-10
-2.388675957527560314e-10
-2.471258363241766873e-10
-2.556090487802637325e-10
-2.643217027610071313e-10
-2.732682729243158773e-10
-2.824532438906477857e-10
-2.918811151152523496e-10
-3.015563958907689428e-10
-3.114835889529278564e-10
-3.216671729158310920e-10
-3.321115972822750368e-10
-3.428212959691289315e-10
-3.538007148886608576e-10
-3.650543446945512704e-10
-3.765867500987744510e-10
-3.884025863259778216e-10
-4.005065927288525082e-10
-4.129035614178406424e-10
-4.255982949461370621e-10
-4.385955777754321310e-10
-4.519001781656414677e-10
-4.655168755727330297e-10
-4.794504935641289863e-10
-4.937059208536676247e-10
-5.082881139307952203e-10
-5.232020801444763728e-10
-5.384528418590901558e-10
-5.540453918170007568e-10
-5.699846639121226936e-10
-5.862755417673182705e-10
-6.029229003166875621e-10
-6.199316469034288600e-10
-6.373067311364308283e-10
-6.550531261056274849e-10
-6.731758082677096696e-10
-6.916797513643195011e-10
-7.105699218554503966e-10
-7.298512616741819676e-10
-7.495286715708381783e-10
-7.696070214743809451e-10
-7.900911854004716494e-10
-8.109860617579128990e-10
-8.322965500787297548e-10
-8.540275076851731775e-10
-8.761837376571443814e-10
-8.987700221356315272e-10
-9.217911591515055032e-10
-9.452519628068286101e-10
-9.691572436349276392e-10
-9.935118163588111788e-10
-1.018320538193080181e-09
-1.043588323761139243e-09
-1.069320101387954076e-09
-1.095520754196156334e-09
-1.122195118427164132e-09
-1.149348040545993925e-09
-1.176984415864572820e-09
-1.205109157636345843e-09
-1.233727144497204301e-09
-1.262843222407453366e-09
-1.292462246318496401e-09
-1.322589069297497295e-09
-1.353228453186285049e-09
-1.384385007325753116e-09
-1.416063259922472718e-09
-1.448267798857409760e-09
-1.481003305156642668e-09
-1.514274424241379992e-09
-1.548085638938427413e-09
-1.582441320226866333e-09
-1.617345893936652103e-09
-1.652803892367322960e-09
-1.688819814893117996e-09
-1.725398007002967977e-09
-1.762542769470738338e-09
-1.800258584948969314e-09
-1.838550140448798657e-09
-1.877422064521466413e-09
-1.916878698080799222e-09
-1.956924209899051952e-09
-1.997562910066834760e-09
-2.038799321323933901e-09
-2.080637885137786733e-09
-2.123082706985477103e-09
-2.166137729799479992e-09
-2.209807130584406492e-09
-2.254095380730237110e-09
-2.299006850022354694e-09
-2.344545505156258832e-09
-2.390715181671732665e-09
-2.437520111973254602e-09
-2.484964971701473794e-09
-2.533054332062462061e-09
-2.581792265777346799e-09
-2.631182693724114145e-09
-2.681230003525571006e-09
-2.731939003063027133e-09
-2.783314169993836825e-09
-2.835359237626695101e-09
-2.888077805000243048e-09
-2.941474210814240318e-09
-2.995553403303271649e-09
-3.050319866378913376e-09
-3.105777081542020814e-09
-3.161928400658019660e-09
-3.218778217705482308e-09
-3.276331752368347275e-09
-3.334593632262721546e-09
-3.393567283172759785e-09
-3.453256164916245381e-09
-3.513665225533716839e-09
-3.574800380254419393e-09
-3.636666490606908509e-09
-3.699266644147077560e-09
-3.762603971983587709e-09
-3.826683610021104703e-09
-3.891511880022182953e-09
-3.957093549378509764e-09
-4.023431032247594759e-09
-4.090527015080923469e-09
-4.158387067673574096e-09
-4.227018356890399241e-09
-4.296425869547655276e-09
-4.366611437418281507e-09
-4.437577373344323024e-09
-4.509329917505525849e-09
-4.581877384184287559e-09
-4.655225121902272670e-09
-4.729374347882407620e-09
-4.804326986452326294e-09
-4.880089996250225104e-09
-4.956672718368505899e-09
-5.034080439621970133e-09
-5.112313357406247157e-09
-5.191373099011145064e-09
-5.271267888150002335e-09
-5.352008441907685378e-09
-5.433599663024530146e-09
-5.516040121060055557e-09
-5.599331048634969040e-09
-5.683482452167502985e-09
-5.768506747216827750e-09
-5.854407972619038803e-09
-5.941182377358745101e-09
-6.028831025093304391e-09
-6.117366906392370487e-09
-6.206804954434298994e-09
-6.297147671157290689e-09
-6.388387548081038737e-09
-6.480525087249170757e-09
-6.573577473702201162e-09
-6.667563461526921010e-09
-6.762483775599705492e-09
-6.858325794230194927e-09
-6.955088892421163067e-09
-7.052795404201685084e-09
-7.151468875232430276e-09
-7.251107598507741624e-09
-7.351692127353003067e-09
-7.453219939181278731e-09
-7.555719261104349452e-09
-7.659219076548931329e-09
-7.763714549922069729e-09
-7.869178568630824544e-09
-7.975607590080845886e-09
-8.083037622105186635e-09
-8.191503158658932715e-09
-8.300993764572252099e-09
-8.411472924605273352e-09
-8.522938267065307410e-09
-8.635437741771373341e-09
-8.749012017273632208e-09
-8.863640565403703992e-09
-8.979273096413248816e-09
-9.095909912970447029e-09
-9.213616366793986535e-09
-9.332440933871446690e-09
-9.452347661441191668e-09
-9.573266781878353562e-09
-9.695203144819731319e-09
-9.818247001069987859e-09
-9.942457748678206863e-09
-1.006777830006949974e-08
-1.019411280640166463e-08
-1.032147294306465102e-08
-1.044998254581595784e-08
-1.057971495372789166e-08
-1.071058462248739533e-08
-1.084246220169388276e-08
-1.097536978100675467e-08
-1.110947463307747981e-08
-1.124486508993580015e-08
-1.138141595892017234e-08
-1.151895607006207346e-08
-1.165752554635433814e-08
-1.179734926319729545e-08
-1.193853046149474526e-08
-1.208088795235178264e-08
-1.222419898284771157e-08
-1.236853526847799697e-08
-1.251420019198378744e-08
-1.266131021669814742e-08
-1.280960276248531212e-08
-1.295878828474519713e-08
-1.310898896135166663e-08
-1.326061696846336106e-08
-1.341380154042185961e-08
-1.356816482751516456e-08
-1.372332814894690089e-08
-1.387948563963005177e-08
-1.403719543704741585e-08
-1.419659962846301630e-08
-1.435716574279739415e-08
-1.451840257305185092e-08
-1.468060437303826352e-08
-1.484451582377419759e-08
-1.501028332608659585e-08
-1.517717006404784915e-08
-1.534455487250434586e-08
-1.551288028752922779e-08
-1.568312617416945175e-08
-1.585541480214243607e-08
-1.602872892230911942e-08
-1.620230369074127902e-08
-1.637681330025911603e-08
-1.655354518680282746e-08
-1.673254676277877443e-08
-1.691239944617236261e-08
-1.709217065460191421e-08
-1.727289019385647992e-08
-1.745626702035340765e-08
-1.764221175878883760e-08
-1.782873388143660121e-08
-1.801468572696287544e-08
-1.820160878471562548e-08
-1.839178942271285683e-08
-1.858493485015612263e-08
-1.877827153398392798e-08
-1.897037317319225787e-08
-1.916347743178157045e-08
-1.936062896565537293e-08
-1.956124506122556068e-08
-1.976152654840934061e-08
-1.995972051348012235e-08
-2.015899338862883077e-08
-2.036332963070011785e-08
-2.057170027132762961e-08
-2.077899039881177546e-08
-2.098313605357607174e-08
-2.118857644469098293e-08
-2.140041781622968453e-08
-2.161688477857599958e-08
-2.183114506713087027e-08
-2.204093122663550346e-08
-2.225250659931736658e-08
-2.247233366400929196e-08
-2.269738946556110425e-08
-2.291850965182535764e-08
-2.313339451123457958e-08
-2.335096460901657018e-08
-2.357941271658744268e-08
-2.381376977902334497e-08
-2.404164032236248108e-08
-2.426086581576230201e-08
-2.448413867730518381e-08
-2.472193420845907004e-08
-2.496647846874080695e-08
-2.520099085897161717e-08
-2.542364321564406191e-08
-2.565225779431657747e-08
-2.590022955504415055e-08
-2.615590212959696203e-08
-2.639678718264801033e-08
-2.662177547461730248e-08
-2.685548789714624966e-08
-2.711477906080680516e-08
-2.738254823535820520e-08
-2.762909029739325555e-08
-2.785490776287554252e-08
-2.809369342211342779e-08
-2.836611030968442989e-08
-2.864715360048194622e-08
-2.889796482371558956e-08
-2.912229436127967770e-08
-2.936623356075786491e-08
-2.965452687727896613e-08
-2.995054957689455256e-08
-3.020354926431843991e-08
-3.042294601129170673e-08
-3.067197741137883650e-08
-3.097988236897479023e-08
-3.129328724144078247e-08
-3.154577002395858782e-08
-3.175559946085144709e-08
-3.200942877104161443e-08
-3.234152559535217836e-08
-3.267513603524267530e-08
-3.292352298205215372e-08
-3.311804104531277098e-08
-3.337651038946446305e-08
-3.373830660709473064e-08
-3.409467751903774378e-08
-3.433351818936651733e-08
-3.450559806332539643e-08
-3.476947654244884427e-08
-3.516819692068132772e-08
-3.554904126723493702e-08
-3.576927758766180379e-08
-3.590920925751616556e-08
-3.618080744349761644e-08
-3.662689248830669179e-08
-3.703328556583322194e-08
-3.722050147979288868e-08
-3.731387148437456109e-08
-3.759664025368314516e-08
-3.810493010244831098e-08
-3.853798215310267919e-08
-3.867131686014473683e-08
-3.869679592274325002e-08
-3.899372574995172183e-08
-3.958273751284970009e-08
-4.004268503458485698e-08
-4.009344999103608682e-08
-4.002104976951830591e-08
-4.033277714449966468e-08
-4.102147260107906931e-08
-4.150257231297965374e-08
-4.142959644910085035e-08
-4.121819166355402066e-08
-4.154195689041475366e-08
-4.234554354044916425e-08
-4.282630753120781677e-08
-4.256517449424976003e-08
-4.215619657019725517e-08
-4.248518384596023465e-08
-4.341230574578609306e-08
-4.384394263794664288e-08
-4.329042481501202674e-08
-4.259454673007578217e-08
-4.291401445501157479e-08
-4.396427768911684422e-08
-4.425959718629914075e-08
-4.324954331077922399e-08
-4.212344427696384753e-08
-4.239533850025107296e-08
-4.354686722344553792e-08
-4.356227232148638271e-08
-4.184381660214034484e-08
-4.004969619933852391e-08
-4.017069319067982946e-08
-4.133542633425432452e-08
-4.082264023721557255e-08
-3.800124126640661683e-08
-3.513086046402988125e-08
-3.484268299922534660e-08
-3.576435981076058154e-08
-3.426380268175570766e-08
-2.969115115834659187e-08
-2.502671862582350273e-08
-2.375641206343615369e-08
-2.384544689583628179e-08
-2.052180394017569789e-08
-1.311569206694730457e-08
-5.397360210254891536e-09
-1.998708245373828930e-09
-1.267111174190484443e-10
6.403972715078503535e-09
1.839806185386165735e-08
3.136024818208191196e-08
3.906183852241688489e-08
4.482255225293477804e-08
5.666424843587636848e-08
7.605854639579246376e-08
9.819911585000105492e-08
1.144499479698622029e-07
1.274848939334967623e-07
1.480630163250430161e-07
1.799956145082525332e-07
2.193582644746384087e-07
2.535354303182444379e-07
2.814397424948194703e-07
3.186960525033869032e-07
3.761274777168110815e-07
