-4.442758584648385287e-18
-2.319652894886882899e-17
-6.753214150456460687e-17
-1.501228293258162188e-16
-2.852516334611247101e-16
-4.855060340729649782e-16
-7.534758470011851321e-16
-1.071324623361544358e-15
-1.394974933374726605e-15
-1.659627793826096790e-15
-1.798728353649173758e-15
-1.771102291881331207e-15
-1.585255222677599332e-15
-1.309506367158269121e-15
-1.062149575906484396e-15
-9.844156288705818545e-16
-1.205966614034719197e-15
-1.814656709656250693e-15
-2.839266442225163558e-15
-4.248186865482171392e-15
-5.962300406326175167e-15
-7.877896857227985626e-15
-9.895020704547372396e-15
-1.194624023940688131e-14
-1.401966726568317779e-14
-1.616932985189522375e-14
-1.850774030313472932e-14
-2.118094130906965566e-14
-2.433368235315959953e-14
-2.807768280053089965e-14
-3.247521329731268972e-14
-3.754279025919182419e-14
-4.326921811836863269e-14
-4.963472055831914049e-14
-5.661843198697713167e-14
-6.419012706064103604e-14
-7.229364737257920134e-14
-8.083653579035220416e-14
-8.969813577829222670e-14
-9.875761452951860453e-14
-1.079306966745392348e-13
-1.171972806354857267e-13
-1.266062077126567502e-13
-1.362557813900152933e-13
-1.462619508010204598e-13
-1.567320372121635575e-13
-1.677568229758099974e-13
-1.794211470954617203e-13
-1.918206806927866976e-13
-2.050682447719532726e-13
-2.192795152213572411e-13
-2.345412290358838592e-13
-2.508769666454888974e-13
-2.682291801182073410e-13
-2.864691274937055830e-13
-3.054330828615101530e-13
-3.249708666910008149e-13
-3.449880790557375046e-13
-3.654678309545833463e-13
-3.864682031818946083e-13
-4.081019573034582483e-13
-4.305102614162196213e-13
-4.538406682732737553e-13
-4.782337418055071069e-13
-5.038162622951721586e-13
-5.306955873258687147e-13
-5.589505548028955561e-13
-5.886181306827887656e-13
-6.196796001852496956e-13
-6.520529481904591264e-13
-6.855979135135407426e-13
-7.201370941244577946e-13
-7.554911271327069779e-13
-7.915203471976803521e-13
-8.281615294510838663e-13
-8.654485738233789957e-13
-9.035104047353766480e-13
-9.425470001098346234e-13
-9.827918800665607869e-13
-1.024473386476024832e-12
-1.067785577663938502e-12
-1.112873669126557798e-12
-1.159831928889711431e-12
-1.208707580300770891e-12
-1.259504962015639174e-12
-1.312188788502786647e-12
-1.366690294122364838e-12
-1.422921310494199409e-12
-1.480797465219235762e-12
-1.540264822504833614e-12
-1.601319219977937341e-12
-1.664008346759878764e-12
-1.728413810807766669e-12
-1.794620648419926352e-12
-1.862688838256214885e-12
-1.932641149092317498e-12
-2.004473615022483144e-12
-2.078183138570951436e-12
-2.153797721458693052e-12
-2.231393280276449134e-12
-2.311087685453330475e-12
-2.393013830582303797e-12
-2.477283249726196331e-12
-2.563955165395816695e-12
-2.653022275207773431e-12
-2.744416874702477458e-12
-2.838033301276059847e-12
-2.933758387958674972e-12
-3.031501119414886602e-12
-3.131214589372182928e-12
-3.232906235283833751e-12
-3.336635090533847060e-12
-3.442497557577523026e-12
-3.550605731069272460e-12
-3.661064604134051582e-12
-3.773955339546176992e-12
-3.889330172870880773e-12
-4.007220077782913065e-12
-4.127650668396393081e-12
-4.250657826894204769e-12
-4.376295128526694089e-12
-4.504630298770594467e-12
-4.635734787205715165e-12
-4.769674606309299565e-12
-4.906509347696489695e-12
-5.046300421419422559e-12
-5.189122998354430519e-12
-5.335072569277685770e-12
-5.484258835249719802e-12
-5.636786139936976723e-12
-5.792727425301223216e-12
-5.952103851924108391e-12
-6.114881127317235551e-12
-6.280986437053661178e-12
-6.450340396190614758e-12
-6.622891856441756386e-12
-6.798642885642224085e-12
-6.977656123953373946e-12
-7.160043682915994420e-12
-7.345942679894276251e-12
-7.535485423532401878e-12
-7.728772223545562903e-12
-7.925852371177100341e-12
-8.126715348798742376e-12
-8.331291798856621081e-12
-8.539463208482332352e-12
-8.751079678592677360e-12
-8.965984565859197369e-12
-9.184042340156687890e-12
-9.405163621281907516e-12
-9.629321628024944710e-12
-9.856557070181164916e-12
-1.008697157588163709e-11
-1.032071131283851347e-11
-1.055794353919515416e-11
-1.079883100600264747e-11
-1.104351128727658651e-11
-1.129208697127911146e-11
-1.154462726576761534e-11
-1.180117571949382536e-11
-1.206175758253708305e-11
-1.232638366328411908e-11
-1.259505147000649742e-11
-1.286774537457331670e-11
-1.314443693897346103e-11
-1.342508749712548625e-11
-1.370965623747099962e-11
-1.399811447289619352e-11
-1.429046046791039648e-11
-1.458672573228377194e-11
-1.488696842900073358e-11
-1.519125900464371549e-11
-1.549966746237534421e-11
-1.581225659699650272e-11
-1.612907771887743859e-11
-1.645016364809109771e-11
-1.677551839173053999e-11
-1.710510645891240619e-11
-1.743884404453592917e-11
-1.777659443616921950e-11
-1.811817458610519532e-11
-1.846338156215055509e-11
-1.881203753202684121e-11
-1.916403475819934966e-11
-1.951935620273030749e-11
-1.987806266609263537e-11
-2.024026001841898987e-11
-2.060606692896929474e-11
-2.097559120005407953e-11
-2.134891109668272866e-11
-2.172606244266258063e-11
-2.210704138017775064e-11
-2.249182554558693666e-11
-2.288039613123650673e-11
-2.327273776677106063e-11
-2.366881644168096146e-11
-2.406856266980905605e-11
-2.447188218983033599e-11
-2.487868361137253630e-11
-2.528889400813351710e-11
-2.570245413296028514e-11
-2.611931558590767136e-11
-2.653945764457340270e-11
-2.696290594625183336e-11
-2.738972060378179755e-11
-2.781995492107305014e-11
-2.825362517283269540e-11
-2.869072002847502247e-11
-2.913122628022288132e-11
-2.957512650926564810e-11
-3.002236731536253717e-11
-3.047284550161862159e-11
-3.092644143364201474e-11
-3.138306359224779601e-11
-3.184264861666292723e-11
-3.230512188374972775e-11
-3.277038243597453855e-11
-3.323834333414911418e-11
-3.370897250108212403e-11
-3.418226511239322455e-11
-3.465817007386860835e-11
-3.513656804762125684e-11
-3.561734049872832781e-11
-3.610044447995854929e-11
-3.658589086610613489e-11
-3.707365234717602902e-11
-3.756362889243040733e-11
-3.805572070714752281e-11
-3.854989949099369835e-11
-3.904615932009894408e-11
-3.954440214705481357e-11
-4.004442960985445085e-11
-4.054608532565048009e-11
-4.104937553181761328e-11
-4.155440250884092552e-11
-4.206119547281944927e-11
-4.256967640620688741e-11
-4.307981442631400883e-11
-4.359173575556905504e-11
-4.410558655034653386e-11
-4.462129301493008672e-11
-4.513855061052186229e-11
-4.565709709270123792e-11
-4.617692752094279401e-11
-4.669816064809506826e-11
-4.722074213096370141e-11
-4.774441938751500102e-11
-4.826905531313377911e-11
-4.879484199332066888e-11
-4.932206814810033835e-11
-4.985071630490118502e-11
-5.038045201037035103e-11
-5.091105251078713178e-11
-5.144268141947107136e-11
-5.197558867384635276e-11
-5.250963361286061313e-11
-5.304433941093348208e-11
-5.357946456599470701e-11
-5.411528865171260855e-11
-5.465213995492937221e-11
-5.518978419199479517e-11
-5.572759035217222580e-11
-5.626533519317979114e-11
-5.680351792029154042e-11
-5.734264097486382162e-11
-5.788240272768391814e-11
-5.842201217306174722e-11
-5.896130377701953214e-11
-5.950107004668241470e-11
-6.004198715963316314e-11
-6.058355242089117788e-11
-6.112464788509716760e-11
-6.166512866707835486e-11
-6.220619743660888754e-11
-6.274881395243467541e-11
-6.329221687185230282e-11
-6.383476504844908502e-11
-6.437617360505112952e-11
-6.491804581511647693e-11
-6.546173182565841622e-11
-6.600636222500485599e-11
-6.654996485953106226e-11
-6.709234308625229359e-11
-6.763563986220892764e-11
-6.818149138759215400e-11
-6.872862134868334697e-11
-6.927450490960065534e-11
-6.981906927239133496e-11
-7.036511578807711212e-11
-7.091444276944111413e-11
-7.146499258594092599e-11
-7.201346219588037605e-11
-7.256013049628259904e-11
-7.310888078574087343e-11
-7.366172938407025013e-11
-7.421538865423679538e-11
-7.476535304790359640e-11
-7.531240144675102650e-11
-7.586206965786362590e-11
-7.641693625593977070e-11
-7.697234333594033749e-11
-7.752244333388765674e-11
-7.806888624060415561e-11
-7.861946959858743381e-11
-7.917742407559459263e-11
-7.973611540654161640e-11
-8.028777981045184639e-11
-8.083505224675246373e-11
-8.138842682058184272e-11
-8.195164675663992198e-11
-8.251530458798522769e-11
-8.306923997518231128e-11
-8.361758307385796022e-11
-8.417431686611367961e-11
-8.474357338808678740e-11
-8.531222362017350517e-11
-8.586737791135351757e-11
-8.641571497197873855e-11
-8.697592474785747413e-11
-8.755221474620584341e-11
-8.812622471839701904e-11
-8.868183533403896750e-11
-8.922982892506305541e-11
-8.979529542139056212e-11
-9.038179044904231246e-11
-9.096302511330790787e-11
-9.151825440988237670e-11
-9.206410213135854896e-11
-9.263465233981315427e-11
-9.323276730291215602e-11
-9.382164514416789222e-11
-9.437444347908152228e-11
-9.491536891888002818e-11
-9.548991520875223081e-11
-9.609976415663935633e-11
-9.669496921627391608e-11
-9.724206148004886508e-11
-9.777577818646568030e-11
-9.835533913028618204e-11
-9.897907754378699083e-11
-9.957995661388844101e-11
-1.001184011947662411e-10
-1.006451533657076992e-10
-1.012361855747429957e-10
-1.018815372297775037e-10
-1.024894495815480355e-10
-1.030142899877676366e-10
-1.035315278719865689e-10
-1.041398279303363022e-10
-1.048149114458539003e-10
-1.054290574304977970e-10
-1.059292722730692089e-10
-1.064273443499833801e-10
-1.070543848051621038e-10
-1.077664572508294118e-10
-1.083865074220521506e-10
-1.088515435999507344e-10
-1.093221996989432027e-10
-1.099725587984409841e-10
-1.107322285391090143e-10
-1.113596315406252966e-10
-1.117798123528669860e-10
-1.122167480239530031e-10
-1.128973902623244192e-10
-1.137148275045170643e-10
-1.143472378049212203e-10
-1.147109482030299321e-10
-1.151128834219679340e-10
-1.158393217444731364e-10
-1.167264899578785126e-10
-1.173521941273854271e-10
-1.176365522659438600e-10
-1.180020805538800267e-10
-1.188003273642738571e-10
-1.197746308947761200e-10
-1.203708359454062716e-10
-1.205349027277568848e-10
-1.208586945048022641e-10
-1.217713938027744736e-10
-1.228694577296612153e-10
-1.234141474692544044e-10
-1.234012280723738507e-10
-1.236675106734080420e-10
-1.247457588582274953e-10
-1.260204564907718664e-10
-1.264962341206307860e-10
-1.262398621890749859e-10
-1.264221857340338742e-10
-1.277132168417092252e-10
-1.292131187686922893e-10
-1.295928557801522818e-10
-1.290222169563503942e-10
-1.291058315686778157e-10
-1.306720609006737226e-10
-1.324394128785622871e-10
-1.326699482968611000e-10
-1.317061237763155136e-10
-1.317127943178644168e-10
-1.336674822988060936e-10
-1.357487215799804537e-10
-1.357226543998385237e-10
-1.342382765407800076e-10
-1.342124157881896184e-10
-1.367397900189383059e-10
-1.392089346906700349e-10
-1.387601265106093405e-10
-1.365504609164167958e-10
-1.365368316373766415e-10
-1.398972751801598988e-10
-1.428783283544002533e-10
-1.417981524362065199e-10
-1.385798341888083134e-10
-1.386103967921944359e-10
-1.431253313812875339e-10
-1.467837374584283437e-10
-1.448310971767427628e-10
-1.402738305654360564e-10
-1.403989161836926665e-10
-1.464438100199047599e-10
-1.509337942517449961e-10
-1.477897968104975165e-10
-1.415397290117367900e-10
-1.419084639692705727e-10
-1.499558458050017974e-10
-1.553530637792463000e-10
-1.504996763928698367e-10
-1.421404778371811976e-10
-1.431039724080753066e-10
-1.538589710697155895e-10
-1.601646947962876152e-10
-1.527424282781355647e-10
-1.416617656025217279e-10
-1.438052330423716549e-10
-1.583661930315918478e-10
-1.656094262357368865e-10
-1.543498783944728273e-10
-1.395681827492029294e-10
-1.436053365365246528e-10
-1.634907882126298121e-10
-1.718175306678116434e-10
-1.551127830530994170e-10
-1.352789823939569845e-10
-1.419847742084202659e-10
-1.690115978844022055e-10
-1.785732952063894784e-10
-1.545213208466727741e-10
-1.281195763333305549e-10
-1.385230212346567249e-10
-1.747018682835080583e-10
-1.852550778050627693e-10
-1.513894879237424991e-10
-1.169257368828618597e-10
-1.328266161255605432e-10
-1.805647203607770267e-10
-1.909994747899944299e-10
-1.435841956160385558e-10
-9.933232498355334785e-11
-1.237845713208947861e-10
-1.863877109503660280e-10
-1.944949395031690099e-10
-1.276398664689890718e-10
-7.077288238138829547e-11
-1.080402525550866063e-10
-1.901337301670533784e-10
-1.927415184893474186e-10
-9.787243764279799406e-11
-2.333079109122404306e-11
-7.814856008557322253e-11
-1.855334522946776975e-10
-1.788155760126718009e-10
-4.493760699286135729e-11
5.524576287560652443e-11
-2.131991700632833334e-11
-1.601479895714522783e-10
-1.396178578149463807e-10
4.605320561220550967e-11
1.830420151591284070e-10
8.206146395032935909e-11
-9.385658088802136494e-11
-5.403631830114212230e-11
1.985331214961933606e-10
3.890378065262590992e-10
2.651769904133112263e-10
4.666188393031083369e-11
1.113029053450427758e-10
4.519011200600692730e-10
7.286764819261749925e-10
5.979361836485859906e-10
3.287187842851943486e-10
4.179104429352230063e-10
8.822761758869588856e-10
1.322751385679431550e-09
1.244798155042118831e-09
9.104959831559704081e-10
1.006096488443715872e-09
1.665667240303619340e-09
2.456965396615339709e-09
2.603131923339315474e-09
2.193176142548104482e-09
2.254650932698609407e-09
3.294655224218311429e-09
