8.106407044678862921e-05
2.162320636571056953e-04
3.244506231155172993e-04
4.326987793923344947e-04
5.409628803358010850e-04
6.492186191088758366e-04
7.574755094142156383e-04
8.657474008458835484e-04
9.740299224985233791e-04
1.082308946801056534e-03
1.190569584642691076e-03
1.298802367686888908e-03
1.407004025256039775e-03
1.515166911563592270e-03
1.623278287021956683e-03
1.731338595819609380e-03
1.839372646568971465e-03
1.947408538738119302e-03
2.055443484411507982e-03
2.163439009623337791e-03
2.271353272588722255e-03
2.379178030086029176e-03
2.486941939480051805e-03
2.594682552751273637e-03
2.702422113191404497e-03
2.810170230788914744e-03
2.917934391406659753e-03
3.025716457669319452e-03
3.133505548573869027e-03
3.241287347877325285e-03
3.349059242422431672e-03
3.456832880466730300e-03
3.564626113236235485e-03
3.672458408937509695e-03
3.780352496541105386e-03
3.888330298343958651e-03
3.996397818645502573e-03
4.104534586150706925e-03
4.212710826914133240e-03
4.320922700966014877e-03
4.429201034950793793e-03
4.537580072878964407e-03
4.646069712134742735e-03
4.754669937505605695e-03
4.863398667222388998e-03
4.972284229586901999e-03
5.081332239756722324e-03
5.190513434922753959e-03
5.299787535077513795e-03
5.409135243445744277e-03
5.518569394624446914e-03
5.628123160057114764e-03
5.737831996125516802e-03
5.847728752719117025e-03
5.957846988339953430e-03
6.068209949553905747e-03
6.178803166791472200e-03
6.289576384726097182e-03
6.400501252361773252e-03
6.511629900550972017e-03
6.623065313003080080e-03
6.734849080946133694e-03
6.846896110414136052e-03
6.959082179625188970e-03
7.071408386966032515e-03
7.184035456018043712e-03
7.297101155734613855e-03
7.410510683851460195e-03
7.523980776443318051e-03
7.637344753529279676e-03
7.750776328276376588e-03
7.864628227156389428e-03
7.979034084881915165e-03
8.093750669535722253e-03
8.208461421515513695e-03
8.323182964289028984e-03
8.438254112183747602e-03
8.553902845891674794e-03
8.669946320581479321e-03
8.786027842964448317e-03
8.902088781915874771e-03
9.018444359854931036e-03
9.135354253175471950e-03
9.252670437677110865e-03
9.370048672814140084e-03
9.487429962990432536e-03
9.605105237814246660e-03
9.723254983016949710e-03
9.841621486977139219e-03
9.959822792935077093e-03
1.007790900809638242e-02
1.019636181511634349e-02
1.031548032391830030e-02
1.043498511378662327e-02
1.055441246069600825e-02
1.067375878821807088e-02
1.079344373543071438e-02
1.091363296609168532e-02
1.103394288399392291e-02
1.115403822363493502e-02
1.127426266545431162e-02
1.139524313036552675e-02
1.151688177802965597e-02
1.163823751390987912e-02
1.175872085918142941e-02
1.187905291152014341e-02
1.200046435231823250e-02
1.212297676548162485e-02
1.224514856439203742e-02
1.236592056936507492e-02
1.248621228562281013e-02
1.260791269248659648e-02
1.273134709362502837e-02
1.285464825359069162e-02
1.297615636954552176e-02
1.309676163646893848e-02
1.321884968293278451e-02
1.334303261047514039e-02
1.346713935834587851e-02
1.358911400842450524e-02
1.370998653059853252e-02
1.383261302777314024e-02
1.395761114800393374e-02
1.408213828744316921e-02
1.420359333709756908e-02
1.432338825857399495e-02
1.444536883732759798e-02
1.457066656461771664e-02
1.469601036435944606e-02
1.481808865660475157e-02
1.493810525964942883e-02
1.506011042851909676e-02
1.518531544171119844e-02
1.531044483553252802e-02
1.543257200501719530e-02
1.555343692767888544e-02
1.567675081414072330e-02
1.580232363689863806e-02
1.592602955085942878e-02
1.604624704085782366e-02
1.616712132369697505e-02
1.629274034883713973e-02
1.642009201739656060e-02
1.654213654848282408e-02
1.665825635431873036e-02
1.677694527111251582e-02
1.690474042749223055e-02
1.703574288995596611e-02
1.715802266857087074e-02
1.727039672816898033e-02
1.738608468194417778e-02
1.751547955122879918e-02
1.765036302916041938e-02
1.777329748181058489e-02
1.788203580489667113e-02
1.799494924471493895e-02
1.812674034852577998e-02
1.826621810410514538e-02
1.838922049683637192e-02
1.849232040707993532e-02
1.860047151335716617e-02
1.873414579231734781e-02
1.887916667319847197e-02
1.900354189419325643e-02
1.910186171829243718e-02
1.920550911984554923e-02
1.934054295248683469e-02
1.948976292996481771e-02
1.961461330152823937e-02
1.970986538153177842e-02
1.981339105265421743e-02
1.995291542258358086e-02
2.010377146561018874e-02
2.022211093856508130e-02
2.031056311821221455e-02
2.041942089489515513e-02
2.057384817887222134e-02
2.073022159131854628e-02
2.083368374778460375e-02
2.090272292538487495e-02
2.101351481611909641e-02
2.119181203059918375e-02
2.136402792822827967e-02
2.145267958659357460e-02
2.149399259602642262e-02
2.160198335872332356e-02
2.180882261906732025e-02
2.200345594563440574e-02
2.207629053022322485e-02
2.208362850362596483e-02
2.218799510998992544e-02
2.243085155710572431e-02
2.265338733217147835e-02
2.270477140082532638e-02
2.266770400709372177e-02
2.276778830380996738e-02
2.305830992648823935e-02
2.331830030969550896e-02
2.334321103347790013e-02
2.324871953056562718e-02
2.334012752602423676e-02
2.368635043884240871e-02
2.399130005877311844e-02
2.398750944912896033e-02
2.383198317287686663e-02
2.392063117543657969e-02
2.433039195543702793e-02
2.467265201832439039e-02
2.462011559775878489e-02
2.439923670137507383e-02
2.451203975091210616e-02
2.501586430566341002e-02
2.538707075377769420e-02
2.524046865456251731e-02
2.492615908100362376e-02
2.509207827400984636e-02
2.574343218504644010e-02
2.615263261305015435e-02
2.586303772698538006e-02
2.541358384061748882e-02
2.565597767147268296e-02
2.651088320253612574e-02
2.696486309549271307e-02
2.647571471272396060e-02
2.585334465565056888e-02
2.621819184603383160e-02
2.735107536582493185e-02
2.784160091907395690e-02
2.705514674437620171e-02
2.619990268491380336e-02
2.676112294328292229e-02
2.829849191551771573e-02
2.883576202967373311e-02
2.761696844160669087e-02
2.641584115631149740e-02
2.723290211381404480e-02
2.933397528273978122e-02
2.997062787454067567e-02
2.820243411535960226e-02
2.653347841680127328e-02
2.764079443911116041e-02
3.042914607783609240e-02
3.118795227976662449e-02
2.876633125655742723e-02
2.657824926497220908e-02
2.808129274719602109e-02
3.166207382356740763e-02
3.245094122288619959e-02
2.917933477770494333e-02
2.647039870490847102e-02
2.862438795439362083e-02
3.317284040232310049e-02
3.379183876075542159e-02
2.931613236236636777e-02
2.608637497439670466e-02
2.931990857153361080e-02
3.513220570036630630e-02
3.527472841375951795e-02
2.903065814646327292e-02
2.524932744499819998e-02
3.020210064254316706e-02
3.775819903367994002e-02
3.701432929286255225e-02
2.815940703413935195e-02
2.370787140458554057e-02
3.126277191322575366e-02
4.132570428371755422e-02
3.924734269518315166e-02
2.661681141948366372e-02
2.115737741292476187e-02
3.231998627107111888e-02
4.592865148132731223e-02
4.217446560424322616e-02
2.450484351824220447e-02
1.760487650052751027e-02
3.336839411207545569e-02
5.149083674467751226e-02
4.556827572432142759e-02
2.162974899275104529e-02
1.322722053953201068e-02
3.491828355614803175e-02
5.827403383111512403e-02
4.897485068120727841e-02
1.722254742652771717e-02
7.907045488713699416e-03
3.781290768532828694e-02
6.714781287088289474e-02
5.215532414287756685e-02
1.010939564549688530e-02
9.543792242335709386e-04
4.274253378369158307e-02
7.932434752726649774e-02
5.528322274889030385e-02
-7.675022733949418696e-04
-8.453213275591071885e-03
5.025013263527046414e-02
9.590957927413577833e-02
5.838958902691565589e-02
-1.656454371549001894e-02
-2.098534825216190336e-02
6.123810474970385609e-02
1.181782264840241792e-01
6.122349006587678860e-02
-3.884588954200781513e-02
-3.727934854316936053e-02
7.708659646464059712e-02
1.476557274202703329e-01
6.310217550288067800e-02
-6.978646740337138277e-02
-5.787117639448895179e-02
9.999799289232193245e-02
1.863518118549452041e-01
6.273364478592248494e-02
-1.125552204951128787e-01
-8.329324452201374018e-02
1.333415108256690573e-01
2.371398126159726116e-01
5.813230693295193263e-02
-1.718581009040868190e-01
-1.145707420296661894e-01
1.816701695977152309e-01
3.043145113285414816e-01
4.738726730736321502e-02
-2.534054551836081859e-01
-1.533742467135872645e-01
2.496486703823558306e-01
3.920716278913262687e-01
2.799306351424033293e-02
-3.626179512437486263e-01
-1.993745746390725437e-01
3.436128349236877155e-01
5.029740853773576603e-01
-6.782059849197788481e-03
-5.067262737422439933e-01
-2.482383676052071775e-01
4.759870297401088135e-01
6.401326188316796006e-01
-7.060026682798131725e-02
-6.998096723517219786e-01
-2.937076893686124679e-01
6.685466037238783077e-01
8.126568367365222256e-01
-1.818321587669985695e-01
-9.659694634124293966e-01
-3.331389441538059049e-01
9.495591665527265413e-01
1.037914043571123379e+00
-3.581762246377200309e-01
-1.335379438079646430e+00
-3.684870893012114901e-01
1.348304909655122508e+00
1.336207716210077168e+00
-6.163942145983751786e-01
-1.837696425853676319e+00
-3.995517204838213154e-01
1.894145559256009248e+00
1.721687880064633802e+00
-9.801210013999366311e-01
-2.498671424721813583e+00
-4.114362179053380197e-01
2.624258164463314280e+00
2.194845888426480762e+00
-1.495640606004831064e+00
-3.345853963693727451e+00
-3.619054539109700652e-01
3.601159512423648401e+00
2.744002231840168005e+00
-2.249701975610767235e+00
-4.425842392282445914e+00
-1.775455212393593218e-01
4.934375393940613641e+00
3.360861921166451438e+00
-3.377514295861518079e+00
-5.827340619031989633e+00
2.322222862385635023e-01
6.788940734917805919e+00
4.062400443124047911e+00
-5.047665274039150773e+00
-7.685208896173919335e+00
9.553605781324313595e-01
9.364569254007683696e+00
4.886477592231009304e+00
-7.441677218075592570e+00
-1.014788875849915506e+01
2.090833224157609305e+00
1.286828795390198898e+01
5.842568905048342920e+00
-1.077284443708309603e+01
-1.333516456866032662e+01
3.815514763737717807e+00
1.753053321784989649e+01
6.848764116047832751e+00
-1.536539108598200443e+01
-1.734234169599527320e+01
6.466816951032102523e+00
2.368478286097712626e+01
7.717350089992390139e+00
-2.174780308994359856e+01
-2.230679259466027986e+01
1.057434129156298752e+01
3.185523292158787356e+01
8.200656104118376533e+00
-3.068934528441401710e+01
-2.847377274774510525e+01
1.683220025829920274e+01
4.277650980034562167e+01
8.028966508368217347e+00
-4.316730147311366039e+01
-3.617638350235515787e+01
2.608383704787608082e+01
5.732441273025879269e+01
6.841094260789494008e+00
-6.034071376270998144e+01
-4.569692258745628521e+01
3.943314172075262292e+01
7.643414170037948452e+01
3.959531313216747783e+00
-8.366233261532320853e+01
-5.708982139342037954e+01
5.854329991721370874e+01
1.011543776956421112e+02
-1.908740126936490089e+00
-1.152081589374653561e+02
-7.013673343595235110e+01
8.603023670658717492e+01
1.329387104267169093e+02
-1.282981113040119503e+01
-1.581095437625231170e+02
-8.454361841436691805e+01
1.256883775327413133e+02
1.740190162839041079e+02
-3.150394607794368085e+01
-2.167455317400973058e+02
-1.001669683396146553e+02
1.823889677898403932e+02
2.274278678005745462e+02
-6.109205186625241168e+01
-2.964810458096770844e+02
-1.167468766348845008e+02
2.619636818749972349e+02
2.963972274805329903e+02
-1.056561889094857776e+02
-4.033376014379845742e+02
-1.328430968218302439e+02
3.717878679092463017e+02
3.835272581163750942e+02
-1.716035226288040576e+02
-5.444639372160856965e+02
-1.444946727129591011e+02
5.224423339917169642e+02
4.907101611766433962e+02
-2.695608367379439301e+02
-7.298096144727799128e+02
-1.446542748539523870e+02
7.297227218097212926e+02
6.204698296366655086e+02
-4.152488782956277760e+02
-9.741881183220349385e+02
-1.238053220629133477e+02
1.015500497935615499e+03
7.780397909834994152e+02
-6.281367607142949510e+02
-1.298009297364610802e+03
-7.095001147130780339e+01
1.406472808917140355e+03
9.723534199716174271e+02
-9.283249781847866871e+02
-1.725621619172623468e+03
2.603895238117165789e+01
1.931198758735823731e+03
1.215105231888848039e+03
-1.333340315771701626e+03
-2.283081083176550692e+03
1.785655921078806614e+02
2.616912930223410967e+03
1.521468027372317238e+03
-1.853811372130708151e+03
-2.999852868495235725e+03
3.828926948364949681e+02
3.487536729325016495e+03
1.925938535381741758e+03
-2.479177403999269700e+03
-3.919030710638588971e+03
5.693602258949998713e+02
4.563943080965545960e+03
2.542910442962809611e+03
-3.134130405337723914e+03
-5.125724198639718452e+03
4.851222612277609301e+02
5.881344917742243524e+03
3.724261860839037581e+03
-3.583039221319071203e+03
-6.831403466170857428e+03
-4.910705878266168725e+02
7.596818665511812469e+03
6.425208182788270278e+03
-3.265883231744976001e+03
-9.622006555140827913e+03
-3.441955922266163725e+03
1.032842118503147503e+04
1.316779441234343176e+04
