-5.390580117335721383e-07
-1.457071736274839065e-06
-2.238119359147757099e-06
-3.067929036681559734e-06
-3.949692042835618538e-06
-4.882668842963781313e-06
-5.863243112278666790e-06
-6.887695646058258730e-06
-7.955150135381958219e-06
-9.068636890594826845e-06
-1.023401596762463659e-05
-1.145731577263448656e-05
-1.274191738255145877e-05
-1.408696678479502573e-05
-1.548598360078539633e-05
-1.692624397750975163e-05
-1.838980987913573580e-05
-1.985611405863400871e-05
-2.130613118842882914e-05
-2.272639344779762578e-05
-2.411086329641378459e-05
-2.545918649267317333e-05
-2.677273138416985196e-05
-2.805060278365772281e-05
-2.928716838688115909e-05
-3.047291616056862872e-05
-3.159775445012058428e-05
-3.265480591108943254e-05
-3.364284047066996288e-05
-3.456655293835485314e-05
-3.543535468761794871e-05
-3.626085116585412956e-05
-3.705399975121493217e-05
-3.782312606679647432e-05
-3.857382105298713941e-05
-3.931050779621172422e-05
-4.003865234115802570e-05
-4.076592779600139683e-05
-4.150226092635551055e-05
-4.225893409793833621e-05
-4.304734484996708703e-05
-4.387750126166605234e-05
-4.475701244126880501e-05
-4.569079253678663666e-05
-4.668122943526023533e-05
-4.772744734460842420e-05
-4.882433735162011441e-05
-4.996304791595343415e-05
-5.113403459186274217e-05
-5.233054781905757512e-05
-5.354956372520343799e-05
-5.478936921302574655e-05
-5.604673108338205010e-05
-5.731587524756556144e-05
-5.858932573969958168e-05
-5.985793351935132480e-05
-6.110956135945172128e-05
-6.232827327156625441e-05
-6.349731869152087818e-05
-6.460420379019520226e-05
-6.564390404590279002e-05
-6.661789683868143313e-05
-6.753121405141519784e-05
-6.839095663873259972e-05
-6.920609787508640043e-05
-6.998534298518445851e-05
-7.073218411653473502e-05
-7.144160381374119011e-05
-7.210380114670382468e-05
-7.271445750705304368e-05
-7.328344987704334265e-05
-7.383338413742871701e-05
-7.438841889337051828e-05
-7.496390681852702791e-05
-7.556638062734247121e-05
-7.620108011183297726e-05
-7.687550493768707913e-05
-7.759389037363059207e-05
-7.835185873966783103e-05
-7.914173075614326636e-05
-7.996429680112886250e-05
-8.083155675468082309e-05
-8.175446716983297336e-05
-8.272970877403810455e-05
-8.374302052816402211e-05
-8.478536327607849869e-05
-8.586101106602638780e-05
-8.697590557439255940e-05
-8.812012959496162354e-05
-8.926747193261302211e-05
-9.039414426803286571e-05
-9.149471560422414045e-05
-9.257660263008399368e-05
-9.364054635437117332e-05
-9.467171132053895841e-05
-9.565264150615741096e-05
-9.658071851040603934e-05
-9.746697689940570734e-05
-9.831644735234479587e-05
-9.911616154894591015e-05
-9.984897510848580191e-05
-1.005170633389580476e-04
-1.011438177791869147e-04
-1.017494385672591058e-04
-1.023310776571141037e-04
-1.028754210939193301e-04
-1.033878748766290463e-04
-1.038991653781658761e-04
-1.044386283776710964e-04
-1.050079323113539112e-04
-1.055890112241843507e-04
-1.061742801736885878e-04
-1.067797513632615818e-04
-1.074270068072605386e-04
-1.081216367301434137e-04
-1.088568382287611984e-04
-1.096341699833130979e-04
-1.104709472519473362e-04
-1.113831747021239431e-04
-1.123656987417677737e-04
-1.133938722152364679e-04
-1.144444921232280234e-04
-1.155110709042420037e-04
-1.165982737834094472e-04
-1.177060352303017227e-04
-1.188253660505884696e-04
-1.199489197610241627e-04
-1.210765896891693658e-04
-1.222037602704280834e-04
-1.233096905698966711e-04
-1.243694794977937804e-04
-1.253777332459600187e-04
-1.263471552623629860e-04
-1.272778253942236939e-04
-1.281448206830765758e-04
-1.289341978853431850e-04
-1.296800700274494613e-04
-1.304354291877978574e-04
-1.311997213914973485e-04
-1.319064270415887708e-04
-1.325083892496414025e-04
-1.330558616040575020e-04
-1.336503734931426867e-04
-1.343189068364271550e-04
-1.349754863733193468e-04
-1.355358368018461275e-04
-1.360451441051070817e-04
-1.366456705568227592e-04
-1.374096255612459365e-04
-1.382446079800124039e-04
-1.390037846634147121e-04
-1.396800459686866388e-04
-1.404394281892951254e-04
-1.414250819349566852e-04
-1.425560536375335510e-04
-1.435946145498773305e-04
-1.444458887773180083e-04
-1.453225272120893356e-04
-1.465095140646226462e-04
-1.479686649924593766e-04
-1.493097874858182296e-04
-1.502521682797101237e-04
-1.510253131517076339e-04
-1.521308536675537422e-04
-1.536849379565470813e-04
-1.551908604672861108e-04
-1.561229864167348273e-04
-1.566279238448682306e-04
-1.573956882264333692e-04
-1.587790410589023232e-04
-1.602734733399202669e-04
-1.611000636273054228e-04
-1.612258806539151098e-04
-1.615005070643241994e-04
-1.626253975185608294e-04
-1.641937132475083418e-04
-1.650934224793223050e-04
-1.649155993078233818e-04
-1.646141428469408662e-04
-1.654134285289253405e-04
-1.671833802471359718e-04
-1.684307023655901795e-04
-1.681802098797744545e-04
-1.674295696223888344e-04
-1.680623379899181353e-04
-1.703374874011908107e-04
-1.722822097316548421e-04
-1.721467190012011079e-04
-1.709002542778148212e-04
-1.712408000758894582e-04
-1.740471671120758955e-04
-1.769444946851317845e-04
-1.772438514999008594e-04
-1.756288208360672412e-04
-1.755320780263304589e-04
-1.786468480342622489e-04
-1.824224687914427403e-04
-1.831785747099485629e-04
-1.810543664895005768e-04
-1.801641093733077383e-04
-1.833171823355851139e-04
-1.880327609497356011e-04
-1.894210429472710120e-04
-1.866445461485460085e-04
-1.844499049305440685e-04
-1.871630540645171422e-04
-1.926594174529605184e-04
-1.946782176756357580e-04
-1.911513595483692405e-04
-1.875117365562095932e-04
-1.897663579057808168e-04
-1.960603832053356985e-04
-1.985992683126180415e-04
-1.942441324198633697e-04
-1.894098456938388261e-04
-1.916413917001477847e-04
-1.988258977192636397e-04
-2.015052765412007896e-04
-1.960728841528841960e-04
-1.905093584678842298e-04
-1.936303734217539960e-04
-2.022320079396282277e-04
-2.048261304011575034e-04
-1.978658350439519310e-04
-1.916689839986615053e-04
-1.964253159855557183e-04
-2.070733457254618232e-04
-2.092165264340802716e-04
-1.995028940375653901e-04
-1.919896712829331515e-04
-1.994685983248431840e-04
-2.141859289365743470e-04
-2.163330408553869755e-04
-2.016781653267050740e-04
-1.903588051152737756e-04
-2.009300161690552328e-04
-2.224988411083171202e-04
-2.259058593775497940e-04
-2.039502273015441746e-04
-1.858748857189603497e-04
-2.001097403950338749e-04
-2.317803018774765821e-04
-2.374223873116035159e-04
-2.048260178092087182e-04
-1.764703400418544520e-04
-1.955100665213950310e-04
-2.419162352015977874e-04
-2.520184692682675941e-04
-2.055873668635843469e-04
-1.621506376530904969e-04
-1.855932859470999386e-04
-2.515889491886379170e-04
-2.706481880040175880e-04
-2.088198067332449389e-04
-1.440609185228750554e-04
-1.688471691075159320e-04
-2.596879912942849210e-04
-2.959976241283452433e-04
-2.193912804360964239e-04
-1.241254737347854444e-04
-1.426279313044200719e-04
-2.633511625596207054e-04
-3.293749967296164937e-04
-2.413535916993537166e-04
-1.042999210971373367e-04
-1.051602029952768136e-04
-2.601675714486600434e-04
-3.711006930416274174e-04
-2.777557129724854933e-04
-8.758574507468711023e-05
-5.625579809713119814e-05
-2.456930577503259588e-04
-4.155822592452761317e-04
-3.276673103324665576e-04
-7.946476829733938735e-05
-1.080815284650645663e-06
-2.165800195055105591e-04
-4.531486912625012388e-04
-3.867335750379410908e-04
-8.646009563375396320e-05
5.221159195141749504e-05
-1.707609581297539741e-04
-4.735008859073147006e-04
-4.489752385246799371e-04
-1.124759232616627698e-04
9.697840672357686126e-05
-1.099990670257124288e-04
-4.747404556894128241e-04
-5.130704412993794365e-04
-1.567272061390257223e-04
1.344121957517706821e-04
-3.512095226590992731e-05
-4.606677299833852619e-04
-5.814970673593388567e-04
-2.179055664966924460e-04
1.647829535471178209e-04
4.967632637441362319e-05
-4.337295556394672649e-04
-6.490725586042172396e-04
-2.904635949320267391e-04
1.835312837937793989e-04
1.352028709559909871e-04
-3.931861903830604580e-04
-7.070813778467591182e-04
-3.753744095227268610e-04
1.778881848095349326e-04
2.188378445903906185e-04
-3.209492739752028284e-04
-7.401782078993012631e-04
-4.835476655930667431e-04
1.264431190459538220e-04
3.006232773717218074e-04
-1.987351553741445540e-04
-7.438146588207954213e-04
-6.294818357493892763e-04
2.643725237182724397e-05
4.008567661907599250e-04
-1.563717346910863809e-05
-7.380675004123281313e-04
-8.323530169104028514e-04
-1.037471489309287412e-04
5.516741366521828865e-04
2.202151009208768578e-04
-7.704115028955051125e-04
-1.116593710654770200e-03
-2.269305047429524824e-04
8.134053056427746620e-04
5.234981571471055035e-04
-8.949788296677488320e-04
-1.559202690813478454e-03
-3.624752319745395274e-04
1.267180286462544353e-03
1.009489575533033257e-03
-1.108864728518947629e-03
-2.321277787463459086e-03
-6.628332286494238723e-04
1.996372015273771561e-03
1.944596568697229758e-03
-1.307155476876278866e-03
-3.648614894148371340e-03
-1.433025878388553831e-03
3.066673708068540227e-03
3.717332270236826247e-03
-1.297600871882818863e-03
-5.830862279355419897e-03
-3.068420237701520448e-03
4.518366744247992450e-03
6.760913697416621321e-03
-8.292658294737770275e-04
-9.129082005768594105e-03
-5.996489425101447779e-03
6.306842497294080918e-03
1.146429257449620848e-02
4.302527951189349942e-04
-1.368494856203234661e-02
-1.066840406015548415e-02
8.238185993598962087e-03
1.818159503526498716e-02
2.971953948108313481e-03
-1.955655629322479785e-02
-1.772375107355353419e-02
9.926288889054724063e-03
2.743800497721575471e-02
7.641686062771352317e-03
-2.681449189012859516e-02
-2.824365495873923382e-02
1.072832513306060109e-02
4.008635567526477872e-02
1.574902956838958312e-02
-3.558075872884065849e-02
-4.377711896361680122e-02
9.766718600894591651e-03
5.722466445325150031e-02
2.893937343982899701e-02
-4.590885197323814337e-02
-6.600836779671775956e-02
5.966679118574597096e-03
7.973505957312276848e-02
4.881711264099453107e-02
-5.749799565790270073e-02
-9.615157658799478035e-02
-1.830970544861532101e-03
1.078258208322929734e-01
7.659628883753333284e-02
-6.960449719122187295e-02
-1.347626195322682019e-01
-1.479402567421994608e-02
1.412219938258789664e-01
1.133107768547776395e-01
-8.137782412977995206e-02
-1.824935570411284624e-01
-3.417205178335508409e-02
1.802038429549761567e-01
1.606474306901387594e-01
-9.256365901481045100e-02
-2.414590814018844345e-01
-6.137458509696219755e-02
2.269041176548709515e-01
2.217060856746726483e-01
-1.042600514414900870e-01
-3.161704776152975960e-01
-9.784300468313322785e-02
2.858672020897630173e-01
3.010576542978293801e-01
-1.189769707468288917e-01
-4.130834488743162503e-01
-1.450439635810272798e-01
3.628812342526916979e-01
4.039887586903418981e-01
-1.394565445829349937e-01
-5.387883124295260728e-01
-2.048947272126174779e-01
4.627326504069313451e-01
5.359208372829775691e-01
-1.669455893680149572e-01
-6.989023649335992516e-01
-2.809886682812980374e-01
5.882066666660632492e-01
7.038268288162377040e-01
-2.001685379920505881e-01
-8.999777168495208812e-01
-3.806728133617629517e-01
7.419062609224909011e-01
9.199557318627249458e-01
-2.357277872797585161e-01
-1.153790962314598545e+00
-5.169746984728144090e-01
9.293392476053305984e-01
1.205208399957968801e+00
-2.690802761770028084e-01
-1.479272018960058332e+00
-7.089391450010653628e-01
1.158054782089376289e+00
1.587670641076317501e+00
-2.935965151998463085e-01
-1.895849290481217864e+00
-9.791612944064800317e-01
1.428242118884039513e+00
2.093622391834351504e+00
-2.966537722025073265e-01
-2.408060031312105664e+00
-1.349258399194581237e+00
1.717674400693969261e+00
2.735604194172045922e+00
-2.543241298083245283e-01
-2.990395217678599948e+00
-1.836266489842710570e+00
1.970938794821250895e+00
3.506804560793080228e+00
-1.288071337393041915e-01
-3.583370431902395126e+00
-2.449900277571083862e+00
2.102368892840267733e+00
4.385347521498340839e+00
1.254027406476438955e-01
-4.102699220299907523e+00
-3.184997479934384756e+00
2.010015449512238206e+00
5.339584157531062303e+00
5.448394524444282183e-01
-4.444364733954266455e+00
-3.998569779876248731e+00
1.579806845512621294e+00
6.313741691636586495e+00
1.134535475573670738e+00
-4.460869959086046777e+00
-4.760385794875872989e+00
6.564346875114779323e-01
7.169125647314563921e+00
1.848760044379147871e+00
-3.905567026904464001e+00
-5.170409504164567238e+00
-1.014389068749920852e+00
7.552801729362826677e+00
2.593100879430949135e+00
-2.369238996168149924e+00
-4.615224449643335447e+00
-3.828638826477003931e+00
6.621977941350600361e+00
3.309567946749922385e+00
7.740799263296338495e-01
-1.872031665331974182e+00
-8.313846965392087895e+00
2.372257583330210196e+00
4.319130829116744508e+00
6.511550428919676392e+00
5.502997094626095986e+00
-1.503072942211031204e+01
-9.858858860875045593e+00
7.116569228234936872e+00
1.677770638804912551e+01
2.234832967327537290e+01
-2.375927914339416702e+01
-3.915587590130316187e+01
1.379960287526688489e+01
3.655595974832897355e+01
5.733974449002221263e+01
-2.612018224311867698e+01
-9.690098608687216597e+01
4.461980268239699399e+00
1.025388436533830827e+02
