2.000000000000000164e-05
4.000000000000000327e-05
6.000000000000000830e-05
8.000000000000000654e-05
1.000000000000000048e-04
1.200000000000000030e-04
1.400000000000000148e-04
1.600000000000000131e-04
1.800000000000000113e-04
2.000000000000000096e-04
2.200000000000000078e-04
2.400000000000000061e-04
2.600000000000000314e-04
2.800000000000000297e-04
3.000000000000000279e-04
3.200000000000000262e-04
3.400000000000000244e-04
3.600000000000000227e-04
3.800000000000000209e-04
4.000000000000000192e-04
4.200000000000000174e-04
4.400000000000000157e-04
4.600000000000000139e-04
4.800000000000000122e-04
5.000000000000000104e-04
5.200000000000000629e-04
5.400000000000001153e-04
5.600000000000001678e-04
5.800000000000002202e-04
6.000000000000002727e-04
6.200000000000003252e-04
6.400000000000003776e-04
6.600000000000004301e-04
6.800000000000004825e-04
7.000000000000005350e-04
7.200000000000005874e-04
7.400000000000006399e-04
7.600000000000006924e-04
7.800000000000007448e-04
8.000000000000007973e-04
8.200000000000008497e-04
8.400000000000009022e-04
8.600000000000009547e-04
8.800000000000010071e-04
9.000000000000010596e-04
9.200000000000011120e-04
9.400000000000011645e-04
9.600000000000012169e-04
9.800000000000012694e-04
1.000000000000001322e-03
1.020000000000001374e-03
1.040000000000001427e-03
1.060000000000001479e-03
1.080000000000001532e-03
1.100000000000001584e-03
1.120000000000001637e-03
1.140000000000001689e-03
1.160000000000001742e-03
1.180000000000001794e-03
1.200000000000001846e-03
1.220000000000001899e-03
1.240000000000001951e-03
1.260000000000002004e-03
1.280000000000002056e-03
1.300000000000002109e-03
1.320000000000002161e-03
1.340000000000002214e-03
1.360000000000002266e-03
1.380000000000002319e-03
1.400000000000002371e-03
1.420000000000002423e-03
1.440000000000002476e-03
1.460000000000002528e-03
1.480000000000002581e-03
1.500000000000002633e-03
1.520000000000002686e-03
1.540000000000002738e-03
1.560000000000002791e-03
1.580000000000002843e-03
1.600000000000002896e-03
1.620000000000002948e-03
1.640000000000003001e-03
1.660000000000003053e-03
1.680000000000003105e-03
1.700000000000003158e-03
1.720000000000003210e-03
1.740000000000003263e-03
1.760000000000003315e-03
1.780000000000003368e-03
1.800000000000003420e-03
1.820000000000003473e-03
1.840000000000003525e-03
1.860000000000003578e-03
1.880000000000003630e-03
1.900000000000003682e-03
1.920000000000003735e-03
1.940000000000003787e-03
1.960000000000003840e-03
1.980000000000003892e-03
2.000000000000003945e-03
2.020000000000003997e-03
2.040000000000004050e-03
2.060000000000004102e-03
2.080000000000004155e-03
2.100000000000004207e-03
2.120000000000004260e-03
2.140000000000004312e-03
2.160000000000004364e-03
2.180000000000004417e-03
2.200000000000004469e-03
2.220000000000004522e-03
2.240000000000004574e-03
2.260000000000004627e-03
2.280000000000004679e-03
2.300000000000004732e-03
2.320000000000004784e-03
2.340000000000004837e-03
2.360000000000004889e-03
2.380000000000004941e-03
2.400000000000004994e-03
2.420000000000005046e-03
2.440000000000005099e-03
2.460000000000005151e-03
2.480000000000005204e-03
2.500000000000005256e-03
2.520000000000005309e-03
2.540000000000005361e-03
2.560000000000005414e-03
2.580000000000005466e-03
2.600000000000005519e-03
2.620000000000005571e-03
2.640000000000005623e-03
2.660000000000005676e-03
2.680000000000005728e-03
2.700000000000005781e-03
2.720000000000005833e-03
2.740000000000005886e-03
2.760000000000005938e-03
2.780000000000005991e-03
2.800000000000006043e-03
2.820000000000006096e-03
2.840000000000006148e-03
2.860000000000006200e-03
2.880000000000006253e-03
2.900000000000006305e-03
2.920000000000006358e-03
2.940000000000006410e-03
2.960000000000006463e-03
2.980000000000006515e-03
3.000000000000006568e-03
3.020000000000006620e-03
3.040000000000006673e-03
3.060000000000006725e-03
3.080000000000006777e-03
3.100000000000006830e-03
3.120000000000006882e-03
3.140000000000006935e-03
3.160000000000006987e-03
3.180000000000007040e-03
3.200000000000007092e-03
3.220000000000007145e-03
3.240000000000007197e-03
3.260000000000007250e-03
3.280000000000007302e-03
3.300000000000007355e-03
3.320000000000007407e-03
3.340000000000007459e-03
3.360000000000007512e-03
3.380000000000007564e-03
3.400000000000007617e-03
3.420000000000007669e-03
3.440000000000007722e-03
3.460000000000007774e-03
3.480000000000007827e-03
3.500000000000007879e-03
3.520000000000007932e-03
3.540000000000007984e-03
3.560000000000008036e-03
3.580000000000008089e-03
3.600000000000008141e-03
3.620000000000008194e-03
3.640000000000008246e-03
3.660000000000008299e-03
3.680000000000008351e-03
3.700000000000008404e-03
3.720000000000008456e-03
3.740000000000008509e-03
3.760000000000008561e-03
3.780000000000008614e-03
3.800000000000008666e-03
3.820000000000008718e-03
3.840000000000008771e-03
3.860000000000008823e-03
3.880000000000008876e-03
3.900000000000008928e-03
3.920000000000008547e-03
3.940000000000008600e-03
3.960000000000008652e-03
3.980000000000008704e-03
4.000000000000008757e-03
4.020000000000008809e-03
4.040000000000008862e-03
4.060000000000008914e-03
4.080000000000008967e-03
4.100000000000009019e-03
4.120000000000009072e-03
4.140000000000009124e-03
4.160000000000009177e-03
4.180000000000009229e-03
4.200000000000009281e-03
4.220000000000009334e-03
4.240000000000009386e-03
4.260000000000009439e-03
4.280000000000009491e-03
4.300000000000009544e-03
4.320000000000009596e-03
4.340000000000009649e-03
4.360000000000009701e-03
4.380000000000009754e-03
4.400000000000009806e-03
4.420000000000009859e-03
4.440000000000009911e-03
4.460000000000009963e-03
4.480000000000010016e-03
4.500000000000010068e-03
4.520000000000010121e-03
4.540000000000010173e-03
4.560000000000010226e-03
4.580000000000010278e-03
4.600000000000010331e-03
4.620000000000010383e-03
4.640000000000010436e-03
4.660000000000010488e-03
4.680000000000010540e-03
4.700000000000010593e-03
4.720000000000010645e-03
4.740000000000010698e-03
4.760000000000010750e-03
4.780000000000010803e-03
4.800000000000010855e-03
4.820000000000010908e-03
4.840000000000010960e-03
4.860000000000011013e-03
4.880000000000011065e-03
4.900000000000011117e-03
4.920000000000011170e-03
4.940000000000011222e-03
4.960000000000011275e-03
4.980000000000011327e-03
5.000000000000011380e-03
5.020000000000011432e-03
5.040000000000011485e-03
5.060000000000011537e-03
5.080000000000011590e-03
5.100000000000011642e-03
5.120000000000011695e-03
5.140000000000011747e-03
5.160000000000011799e-03
5.180000000000011852e-03
5.200000000000011904e-03
5.220000000000011957e-03
5.240000000000012009e-03
5.260000000000012062e-03
5.280000000000012114e-03
5.300000000000012167e-03
5.320000000000012219e-03
5.340000000000012272e-03
5.360000000000012324e-03
5.380000000000012376e-03
5.400000000000012429e-03
5.420000000000012481e-03
5.440000000000012534e-03
5.460000000000012586e-03
5.480000000000012639e-03
5.500000000000012691e-03
5.520000000000012744e-03
5.540000000000012796e-03
5.560000000000012849e-03
5.580000000000012901e-03
5.600000000000012954e-03
5.620000000000013006e-03
5.640000000000013058e-03
5.660000000000013111e-03
5.680000000000013163e-03
5.700000000000013216e-03
5.720000000000013268e-03
5.740000000000013321e-03
5.760000000000013373e-03
5.780000000000013426e-03
5.800000000000013478e-03
5.820000000000013531e-03
5.840000000000013583e-03
5.860000000000013635e-03
5.880000000000013688e-03
5.900000000000013740e-03
5.920000000000013793e-03
5.940000000000013845e-03
5.960000000000013898e-03
5.980000000000013950e-03
6.000000000000014003e-03
6.020000000000014055e-03
6.040000000000014108e-03
6.060000000000014160e-03
6.080000000000014213e-03
6.100000000000014265e-03
6.120000000000014317e-03
6.140000000000014370e-03
6.160000000000014422e-03
6.180000000000014475e-03
6.200000000000014527e-03
6.220000000000014580e-03
6.240000000000014632e-03
6.260000000000014685e-03
6.280000000000014737e-03
6.300000000000014790e-03
6.320000000000014842e-03
6.340000000000014894e-03
6.360000000000014947e-03
6.380000000000014999e-03
6.400000000000015052e-03
6.420000000000015104e-03
6.440000000000015157e-03
6.460000000000015209e-03
6.480000000000015262e-03
6.500000000000015314e-03
6.520000000000015367e-03
6.540000000000015419e-03
6.560000000000015472e-03
6.580000000000015524e-03
6.600000000000015576e-03
6.620000000000015629e-03
6.640000000000015681e-03
6.660000000000015734e-03
6.680000000000015786e-03
6.700000000000015839e-03
6.720000000000015891e-03
6.740000000000015944e-03
6.760000000000015996e-03
6.780000000000016049e-03
6.800000000000016101e-03
6.820000000000016153e-03
6.840000000000016206e-03
6.860000000000016258e-03
6.880000000000016311e-03
6.900000000000016363e-03
6.920000000000016416e-03
6.940000000000016468e-03
6.960000000000016521e-03
6.980000000000016573e-03
7.000000000000016626e-03
7.020000000000016678e-03
7.040000000000016731e-03
7.060000000000016783e-03
7.080000000000016835e-03
7.100000000000016888e-03
7.120000000000016940e-03
7.140000000000016993e-03
7.160000000000017045e-03
7.180000000000017098e-03
7.200000000000017150e-03
7.220000000000017203e-03
7.240000000000017255e-03
7.260000000000017308e-03
7.280000000000017360e-03
7.300000000000017412e-03
7.320000000000017465e-03
7.340000000000017517e-03
7.360000000000017570e-03
7.380000000000017622e-03
7.400000000000017675e-03
7.420000000000017727e-03
7.440000000000017780e-03
7.460000000000017832e-03
7.480000000000017885e-03
7.500000000000017937e-03
7.520000000000017989e-03
7.540000000000018042e-03
7.560000000000018094e-03
7.580000000000018147e-03
7.600000000000018199e-03
7.620000000000018252e-03
7.640000000000018304e-03
7.660000000000018357e-03
7.680000000000018409e-03
7.700000000000018462e-03
7.720000000000018514e-03
7.740000000000018567e-03
7.760000000000018619e-03
7.780000000000018671e-03
7.800000000000018724e-03
7.820000000000017909e-03
7.840000000000017094e-03
7.860000000000016279e-03
7.880000000000015464e-03
7.900000000000014649e-03
7.920000000000013834e-03
7.940000000000013020e-03
7.960000000000012205e-03
7.980000000000011390e-03
8.000000000000010575e-03
8.020000000000009760e-03
8.040000000000008945e-03
8.060000000000008130e-03
8.080000000000007315e-03
8.100000000000006500e-03
8.120000000000005685e-03
8.140000000000004871e-03
8.160000000000004056e-03
8.180000000000003241e-03
8.200000000000002426e-03
8.220000000000001611e-03
8.240000000000000796e-03
8.259999999999999981e-03
8.279999999999999166e-03
8.299999999999998351e-03
8.319999999999997536e-03
8.339999999999996722e-03
8.359999999999995907e-03
8.379999999999995092e-03
8.399999999999994277e-03
8.419999999999993462e-03
8.439999999999992647e-03
8.459999999999991832e-03
8.479999999999991017e-03
8.499999999999990202e-03
8.519999999999989387e-03
8.539999999999988572e-03
8.559999999999987758e-03
8.579999999999986943e-03
8.599999999999986128e-03
8.619999999999985313e-03
8.639999999999984498e-03
8.659999999999983683e-03
8.679999999999982868e-03
8.699999999999982053e-03
8.719999999999981238e-03
8.739999999999980423e-03
8.759999999999979609e-03
8.779999999999978794e-03
8.799999999999977979e-03
8.819999999999977164e-03
8.839999999999976349e-03
8.859999999999975534e-03
8.879999999999974719e-03
8.899999999999973904e-03
8.919999999999973089e-03
8.939999999999972274e-03
8.959999999999971459e-03
8.979999999999970645e-03
8.999999999999969830e-03
9.019999999999969015e-03
9.039999999999968200e-03
9.059999999999967385e-03
9.079999999999966570e-03
9.099999999999965755e-03
9.119999999999964940e-03
9.139999999999964125e-03
9.159999999999963310e-03
9.179999999999962496e-03
9.199999999999961681e-03
9.219999999999960866e-03
9.239999999999960051e-03
9.259999999999959236e-03
9.279999999999958421e-03
9.299999999999957606e-03
9.319999999999956791e-03
9.339999999999955976e-03
9.359999999999955161e-03
9.379999999999954347e-03
9.399999999999953532e-03
9.419999999999952717e-03
9.439999999999951902e-03
9.459999999999951087e-03
9.479999999999950272e-03
9.499999999999949457e-03
9.519999999999948642e-03
9.539999999999947827e-03
9.559999999999947012e-03
9.579999999999946197e-03
9.599999999999945383e-03
9.619999999999944568e-03
9.639999999999943753e-03
9.659999999999942938e-03
9.679999999999942123e-03
9.699999999999941308e-03
9.719999999999940493e-03
9.739999999999939678e-03
9.759999999999938863e-03
9.779999999999938048e-03
9.799999999999937234e-03
9.819999999999936419e-03
9.839999999999935604e-03
9.859999999999934789e-03
9.879999999999933974e-03
9.899999999999933159e-03
9.919999999999932344e-03
9.939999999999931529e-03
9.959999999999930714e-03
9.979999999999929899e-03
9.999999999999929085e-03
1.001999999999992827e-02
