0.000000000000000000e+00
3.542095639008595587e-01
1.095323987751373629e+00
1.894252839258158794e+00
2.739576405896425371e+00
3.625007731038209613e+00
4.546359343459532631e+00
5.500549992849513181e+00
6.485165808601561110e+00
7.498231832748376569e+00
8.538079867705832271e+00
9.603266217193045406e+00
1.069251767600932368e+01
1.180469463902640648e+01
1.293876516455912018e+01
1.409378637089540831e+01
1.526889093485360327e+01
1.646327726187662677e+01
1.767620237863140886e+01
1.890697689931524295e+01
2.015496160972794470e+01
2.141956534018792624e+01
2.270024388368468138e+01
2.399649977381648824e+01
2.530788277709097400e+01
2.663399098182532754e+01
2.797447238492002697e+01
2.932902689074560598e+01
3.069740864496083077e+01
3.207942863152459978e+01
3.347495746428337782e+01
3.488392830600573546e+01
3.630633984799112568e+01
3.774225928284019460e+01
3.919182520188344654e+01
4.065525034741501997e+01
4.213282414854130309e+01
4.362491496834911686e+01
4.513197198831629464e+01
4.665452666497941436e+01
4.819319367002647425e+01
4.974867126948235097e+01
5.132174106250508316e+01
5.291326703086139815e+01
5.452419385153678633e+01
5.615554443661000050e+01
5.780841667604211409e+01
5.948397937031211313e+01
6.118346734940156750e+01
6.290817578069157889e+01
6.465945366899501323e+01
6.643869654560593574e+01
6.824733832890075291e+01
7.008684231684472365e+01
7.195869124351250434e+01
7.386437630120144604e+01
7.580538500261273782e+01
7.778318774141992265e+01
7.979922291278080593e+01
8.185488048626810098e+01
8.395148398901790188e+01
8.609027096055666561e+01
8.827237208276376634e+01
9.049878936419482045e+01
9.277037395815239051e+01
9.508780440377938703e+01
9.745156627909653935e+01
9.986193441877045984e+01
1.023189589473882108e+02
1.048224563793033326e+02
1.073720069103529227e+02
1.099669587577052567e+02
1.126064399935821996e+02
1.152893777927769605e+02
1.180145244246776457e+02
1.207804887388792849e+02
1.235857713993349876e+02
1.264288017882821151e+02
1.293079743812098172e+02
1.322216825096950288e+02
1.351683477672835068e+02
1.381464438282047240e+02
1.411545140682323165e+02
1.441911830163384991e+02
1.472551622401325346e+02
1.503452517058094315e+02
1.534603379054809125e+02
1.565993900918485338e+02
1.597614558119326773e+02
1.629456566251034815e+02
1.661511844827339530e+02
1.693772988062879676e+02
1.726233238987045411e+02
1.758886460258015063e+02
1.791727093609917461e+02
1.824750100284381915e+02
1.857950877103913285e+02
1.891325146762038401e+02
1.924868825822483700e+02
1.958577878917147643e+02
1.992448171608069742e+02
2.026475336254724766e+02
2.060654664261900564e+02
2.094981034139828182e+02
2.129448878540688668e+02
2.164052186204147006e+02
2.198784528303518186e+02
2.233639094661139950e+02
2.268608724699532502e+02
2.303685920861778413e+02
2.338862837674814443e+02
2.374131246117279090e+02
2.409482478834308949e+02
2.444907365726226374e+02
2.480396170906455495e+02
2.515938541085815814e+02
2.551523472753271449e+02
2.587139302007202559e+02
2.622773717422901427e+02
2.658413793559197984e+02
2.694046040920387668e+02
2.729656467413868199e+02
2.765230646397008627e+02
2.800753787009110738e+02
2.836210803365946163e+02
2.871586380137665628e+02
2.906865032896123466e+02
2.942031162339369530e+02
2.977069102060294767e+02
3.011963159936889269e+02
3.046697653508135204e+02
3.081256939885295196e+02
3.115625440857133412e+02
3.149787663892483920e+02
3.183728219738665075e+02
3.217431837271200266e+02
3.250883376176788033e+02
3.284067837959752296e+02
3.316970375661805974e+02
3.349576302582534595e+02
3.381871100194549058e+02
3.413840425364352882e+02
3.445470116924105355e+02
3.476746201589206180e+02
3.507654899184898341e+02
3.538182627126525404e+02
3.568316004093584866e+02
3.598041852842681578e+02
3.627347202116533822e+02
3.656219287623030141e+02
3.684645552077734010e+02
3.712613644323322433e+02
3.740111417558799758e+02
3.767126926729899878e+02
3.793648425148207934e+02
3.819664360420767366e+02
3.845163369783470557e+02
3.870134274940808154e+02
3.894566076522065714e+02
3.918447948267856873e+02
3.941769231064226915e+02
3.964519426942043765e+02
3.986688193158313993e+02
4.008265336473115212e+02
4.029240807732600160e+02
4.049604696861896969e+02
4.069347228366772242e+02
4.088458757434086692e+02
4.106929766713817003e+02
4.124750863855585408e+02
4.141912779863091600e+02
4.158406368319535318e+02
4.174222605525588961e+02
4.189352591581182423e+02
4.203787552429634502e+02
4.217518842872234472e+02
4.230537950549152129e+02
4.242836500871882777e+02
4.254406262882006331e+02
4.265239156000533285e+02
4.275327257624144295e+02
4.284662811516050169e+02
4.293238236932090217e+02
4.301046138418151941e+02
4.308079316209165768e+02
4.314330777157809962e+02
4.319793746118061790e+02
4.324461677708938510e+02
4.328328268382327906e+02
4.331387468721643472e+02
4.333633495898512820e+02
4.335060846218366351e+02
4.335664307688770123e+02
4.335438972548193419e+02
4.334380249697318845e+02
4.332483876979418937e+02
4.329745933261021946e+02
4.326162850268532907e+02
4.321731424141311777e+02
4.316448826665945262e+02
4.306681137121027518e+02
4.306452987370818732e+02
4.306369847761207552e+02
4.306395875543053648e+02
4.306566262369885294e+02
4.306920286013340160e+02
4.307485669032289479e+02
4.308277692670719716e+02
4.309303225683072469e+02
4.310565560247791268e+02
4.312067980597931864e+02
4.313815024145417283e+02
4.315811190029206728e+02
4.318057570777041860e+02
4.320547443836235288e+02
4.323262128855693618e+02
4.326168331349601885e+02
4.329217797857045298e+02
4.332349531597300825e+02
4.335494226490519623e+02
4.338580119979042138e+02
4.341539234589769762e+02
4.344312996294511322e+02
4.346856441274235294e+02
4.349140566992359140e+02
4.351152752417293641e+02
4.352895484896616836e+02
4.354383838069749117e+02
4.355642231963096833e+02
4.356700987438993025e+02
4.357593094085822258e+02
4.358351479942830906e+02
4.359006935596273706e+02
4.359586727146729572e+02
4.360113844794153692e+02
4.360606779557307959e+02
4.361079696680679945e+02
4.361542873754382867e+02
4.362003286535760935e+02
4.362465248563179330e+02
4.362931036087789494e+02
4.363401453662550011e+02
4.363876315704219451e+02
4.364354834649466852e+02
4.364835917065233843e+02
4.365318375888115838e+02
4.365801070703057007e+02
4.366282989477065257e+02
4.366763285157164773e+02
4.367241279590769523e+02
4.367716445736068636e+02
4.368188377381952705e+02
4.368656753780164195e+02
4.369121304828380516e+02
4.369581780810411828e+02
4.370037929244909947e+02
4.370489480141076797e+02
4.370936139916613570e+02
4.371377593396824750e+02
4.371813512675768152e+02
4.372243571169875622e+02
4.372667460920644089e+02
4.373084911096452743e+02
4.373495705693794093e+02
4.373899698632716309e+02
4.374296824760838831e+02
4.374687105701278824e+02
4.375070649966243082e+02
4.375447647273387020e+02
4.375818357500263573e+02
4.376183095154732996e+02
4.376542210587697923e+02
4.376896069405534035e+02
4.377245031637762054e+02
4.377589432181974871e+02
4.377929563893680438e+02
4.378265664434507585e+02
4.378597907666042488e+02
4.378926400007615030e+02
4.379251181794470540e+02
4.379572233307677607e+02
4.379889484820479311e+02
4.380202829741166397e+02
4.380512139743707962e+02
4.380817280675477718e+02
4.381118128022267229e+02
4.381414580791544040e+02
4.381706572839715363e+02
4.381994080901786219e+02
4.382277128864595284e+02
4.382555788132274301e+02
4.382830174240484666e+02
4.383100440158185052e+02
4.383366766950922511e+02
4.383629352650517035e+02
4.383888400272400645e+02
4.384144105939317342e+02
4.384396648014360380e+02
4.384646178022550771e+02
4.384892813966698668e+02
4.385136636431747661e+02
4.385377687643957643e+02
4.385615973421082003e+02
4.385851467736739551e+02
4.386084119437962840e+02
4.386313860513541272e+02
4.386540615219004167e+02
4.386764309328071363e+02
4.386984878800464003e+02
4.387202277228849425e+02
4.387416481547478497e+02
4.387627495639268886e+02
4.387835351656092371e+02
4.388040109051297009e+02
4.388241851501449560e+02
4.388440682050079999e+02
4.388636716929569275e+02
4.388830078599065132e+02
4.389020888572738954e+02
4.389209260601326719e+02
4.389395294718136142e+02
4.389579072569042637e+02
4.389760654329460863e+02
4.389940077375281362e+02
4.390117356733672977e+02
4.390292487202351595e+02
4.390465446903504585e+02
4.390636201938672230e+02
4.390804711740868811e+02
4.390970934683600717e+02
4.391134833504302719e+02
4.391296380132769173e+02
4.391455559577373151e+02
4.391612372609255317e+02
4.391766837088354123e+02
4.391918987887660819e+02
4.392068875482183330e+02
4.392216563370901667e+02
4.392362124582867295e+02
4.392505637579347422e+02
4.392647181896645066e+02
4.392786833879491724e+02
4.392924662831801470e+02
4.393060727865313311e+02
4.393195075659329518e+02
4.393327739265821492e+02
4.393458738006944486e+02
4.393588078425737535e+02
4.393715756171333169e+02
4.393841758632864867e+02
4.393966068085905476e+02
4.394088665086330820e+02
4.394209531837414033e+02
4.394328655270227273e+02
4.394446029610182904e+02
4.394561658251824383e+02
4.394675554825582253e+02
4.394787743407599123e+02
4.394898257893279947e+02
4.395007140618559447e+02
4.395114440368965347e+02
4.395220209957752218e+02
4.395324503579867041e+02
4.395427374157503664e+02
4.395528870883979380e+02
4.395629037147929239e+02
4.395727908982929648e+02
4.395825514139827987e+02
4.395921871827047767e+02
4.396016993110065982e+02
4.396110881910460080e+02
4.396203536501137137e+02
4.396294951360100640e+02
4.396385119223049855e+02
4.396474033166424533e+02
4.396561688557657703e+02
4.396648084725630952e+02
4.396733226233562277e+02
4.396817123671503396e+02
4.396899793927408382e+02
4.396981259937479649e+02
4.397061549957917919e+02
4.397140696434904044e+02
4.397218734578796102e+02
4.397295700765895390e+02
4.397371630900239552e+02
4.397446558864795065e+02
4.397520515178966889e+02
4.397593525958192799e+02
4.397665612243887381e+02
4.397736789739926735e+02
4.397807068959007779e+02
4.397876455749893125e+02
4.397944952148163793e+02
4.398012557470673869e+02
4.398079269557944144e+02
4.398145086061278448e+02
4.398210005672679017e+02
4.398274029204017097e+02
4.398337160437762918e+02
4.398399406692844309e+02
4.398460779073652134e+02
4.398521292396546301e+02
4.398580964813547780e+02
4.398639817175766780e+02
4.398697872197639640e+02
4.398755153495985724e+02
4.398811684584699719e+02
4.398867487905529288e+02
4.398922583969451239e+02
4.398976990671180261e+02
4.399030722823103474e+02
4.399083791935961472e+02
4.399136206253043042e+02
4.399187971024570061e+02
4.399239088991030258e+02
4.399289561028654134e+02
4.399339386900452951e+02
4.399388566049411793e+02
4.399437098370577246e+02
4.399484984902791211e+02
4.399532228389518309e+02
4.399578833670971676e+02
4.399624807884102324e+02
4.399670160463327875e+02
4.399714902950669853e+02
4.399759048638554191e+02
4.399802612080550261e+02
4.399845608514306150e+02
4.399888053245521746e+02
4.399929961043548019e+02
4.399971345594985337e+02
4.400012219056300182e+02
4.400052591736104546e+02
4.400092471926730013e+02
4.400131865892115002e+02
4.400170778006324213e+02
4.400209211025942295e+02
4.400247166469082458e+02
4.400284645067416136e+02
4.400321647252617367e+02
4.400358173638062453e+02
4.400394225458278470e+02
4.400429804933900755e+02
4.400464915536736044e+02
4.400499562138732017e+02
4.400533751038206560e+02
4.400567489866601250e+02
4.400600787388578397e+02
4.400633653215396066e+02
4.400666097458268951e+02
4.400698130351189548e+02
4.400729761874418386e+02
4.400761001408071706e+02
4.400791857441945467e+02
4.400822337361647669e+02
4.400852447325141270e+02
4.400882192235072807e+02
4.400911575805445182e+02
4.400940600713337290e+02
4.400969268820159641e+02
4.400997581442440492e+02
4.401025539648692302e+02
4.401053144558236454e+02
4.401080397618414963e+02
4.401107300839707932e+02
4.401133856971783302e+02
4.401160069609879315e+02
4.401185943225574988e+02
4.401211483123315702e+02
4.401236695329109239e+02
4.401261586423131007e+02
4.401286163331773764e+02
4.401310433097276018e+02
4.401334402643976773e+02
4.401358078559734963e+02
4.401381466908919720e+02
4.401404573090529766e+02
4.401427401750493118e+02
4.401449956752841786e+02
4.401472241209523304e+02
4.401494257564036729e+02
4.401516007720032917e+02
4.401537493203118174e+02
4.401558715341414540e+02
4.401579675450394120e+02
4.401600375007060393e+02
4.401620815800337709e+02
4.401641000047179659e+02
4.401660930466407535e+02
4.401680610306645463e+02
4.401700043328060588e+02
4.401719233741349058e+02
4.401738186110468973e+02
4.401756905228729124e+02
4.401775395978668257e+02
4.401793663187719403e+02
4.401811711491134815e+02
4.401829545212565336e+02
4.401847168271042392e+02
4.401864584120518202e+02
4.401881795725245752e+02
4.401898805571623825e+02
4.401915615713834313e+02
4.401932227848463413e+02
4.401948643410910336e+02
4.401964863685150249e+02
4.401980889917815603e+02
4.401996723427315601e+02
4.402012365699800398e+02
4.402027818465051610e+02
4.402043083747168453e+02
4.402058163887174373e+02
4.402073061537183207e+02
4.402087779627565851e+02
4.402102321311129458e+02
4.402116689889577401e+02
4.402130888728782452e+02
4.402144921170208249e+02
4.402158790445419072e+02
4.402172499600345077e+02
4.402186051435068066e+02
4.402199448462769737e+02
4.402212692890799985e+02
4.402225786623986323e+02
4.402238731289299380e+02
4.402251528278854948e+02
4.402264178807372446e+02
4.402276683978607821e+02
4.402289044855610882e+02
4.402301262528897041e+02
4.402313338177424953e+02
4.402325273117803590e+02
4.402337068838629079e+02
4.402348727017706551e+02
4.402360249521689184e+02
4.402371638388908650e+02
4.402382895797557580e+02
4.402394024022299277e+02
4.402405025383243924e+02
4.402415902191735313e+02
4.402426656697358567e+02
4.402437291040042169e+02
4.402447807211362942e+02
4.402458207027147523e+02
4.402468492113367802e+02
4.402478663905921508e+02
4.402488723663565793e+02
4.402498672492623655e+02
4.402508511380834193e+02
4.402518241237669372e+02
4.402527862937186569e+02
4.402537377360580422e+02
4.402546785434585672e+02
4.402556088163262302e+02
4.402565286650827829e+02
4.402574382114252103e+02
4.402583375884888142e+02
4.402592269399884231e+02
4.402601064184040069e+02
4.402609761824375596e+02
4.402618363939481014e+02
4.402626872146395840e+02
4.402635288027846627e+02
4.402643613102138147e+02
4.402651848798251990e+02
4.402659996437855625e+02
4.402668057225041025e+02
4.402676032244876865e+02
4.402683922469847744e+02
4.402691728773903037e+02
4.402699451952440768e+02
4.402707092746387616e+02
4.402714651868463989e+02
4.402722130029455343e+02
4.402729527962335965e+02
4.402736846442611522e+02
4.402744086303409858e+02
4.402751248444275234e+02
4.402758333833394317e+02
4.402765343503428994e+02
4.402772278541309561e+02
4.402779140073324697e+02
4.402785929246830392e+02
4.402792647210077916e+02
4.402799295091959380e+02
4.402805873983197671e+02
4.402812384920426894e+02
4.402818828874378596e+02
4.402825206742738260e+02
4.402831519348312099e+02
4.402837767442206882e+02
4.402843951711605541e+02
4.402850072791596290e+02
4.402856131279394276e+02
4.402862127750518084e+02
4.402868062774803093e+02
4.402873936931633807e+02
4.402879750822818323e+02
4.402885505082441568e+02
4.402891200382996999e+02
4.402896837437479007e+02
4.402902416997435466e+02
4.402907939847342504e+02
4.402913406796000686e+02
4.402918818665555705e+02
4.402924176279305470e+02
4.402929480449238895e+02
4.402934731964358548e+02
4.402939931580537518e+02
4.402945080012808603e+02
4.402950177930579798e+02
4.402955225955833498e+02
4.402960224664705606e+02
4.402965174591687401e+02
4.402970076236576915e+02
4.402974930072969642e+02
4.402979736557996944e+02
4.402984496142314015e+02
4.402989209279453462e+02
4.402993876434078970e+02
4.402998498088401789e+02
4.403003074746291645e+02
4.403007606935070726e+02
4.403012095204721277e+02
4.403016540124838798e+02
4.403020942279651422e+02
4.403025302261526122e+02
4.403029620663676837e+02
4.403033898072437182e+02
4.403038135060088507e+02
4.403042332178441711e+02
4.403046489953911760e+02
4.403050608884179269e+02
4.403054689436923468e+02
4.403058732050340041e+02
4.403062737135547309e+02
4.403066705080557881e+02
4.403070636255368413e+02
4.403074531017830395e+02
4.403078389719760253e+02
4.403082212712828891e+02
4.403086000353726490e+02
4.403089753008295020e+02
4.403093471054380643e+02
4.403097154883114968e+02
4.403100804898771230e+02
4.403104421517105607e+02
4.403108005162524705e+02
4.403111556264277056e+02
4.403115075252024440e+02
4.403118562551208583e+02
4.403122018578578718e+02
4.403125443738167633e+02
4.403128838418105602e+02
4.403132202988528547e+02
4.403135537800419002e+02
4.403138843185906808e+02
4.403142119459490686e+02
4.403145366920356878e+02
4.403148585855361148e+02
4.403151776542616176e+02
4.403154939255227873e+02
4.403158074264870265e+02
4.403161181845165402e+02
4.403164262274239604e+02
4.403167315836678881e+02
4.403170342824422505e+02
4.403173343536934681e+02
4.403176318280226837e+02
4.403179267365348437e+02
4.403182191106113805e+02
4.403185089816463460e+02
4.403187963807657184e+02
4.403190813385477327e+02
4.403193638847790226e+02
4.403196440482474827e+02
4.403199218566001605e+02
4.403201973362690751e+02
4.403204705124738894e+02
4.403207414092844942e+02
4.403210100497541362e+02
4.403212764561029644e+02
4.403215406499211326e+02
4.403218026524061770e+02
4.403220624845829434e+02
4.403223201675100427e+02
4.403225757224479935e+02
4.403228291709880864e+02
4.403230805351164463e+02
4.403233298372317108e+02
4.403235771001002377e+02
4.403238223467674857e+02
4.403240656004256266e+02
4.403243068842600678e+02
4.403245462212770462e+02
4.403247836341304264e+02
4.403250191449741351e+02
4.403252527753250547e+02
4.403254845459770763e+02
4.403257144769439719e+02
4.403259425874537669e+02
4.403261688959833009e+02
4.403263934203371264e+02
4.403266161777410730e+02
4.403268371849849814e+02
4.403270564585486113e+02
4.403272740147473883e+02
4.403274898698584821e+02
4.403277040402302305e+02
4.403279165423597306e+02
4.403281273929457029e+02
4.403283366089035553e+02
4.403285442073398031e+02
4.403287502055084701e+02
4.403289546207294620e+02
4.403291574703056313e+02
4.403293587714050545e+02
4.403295585409712771e+02
4.403297567956223588e+02
4.403299535515629373e+02
4.403301488245360247e+02
4.403303426297770784e+02
4.403305349820070091e+02
4.403307258954586132e+02
4.403309153839064720e+02
4.403311034607340844e+02
4.403312901390119691e+02
4.403314754315761093e+02
4.403316593511191854e+02
4.403318419102718622e+02
4.403320231216584375e+02
4.403322029979673289e+02
4.403323815519739242e+02
4.403325587965518366e+02
4.403327347446757472e+02
4.403329094093808749e+02
4.403330828037291553e+02
4.403332549407485885e+02
4.403334258333752587e+02
4.403335954943898969e+02
4.403337639363555240e+02
4.403339311715708391e+02
4.403340972120265633e+02
4.403342620693870799e+02
4.403344257549759959e+02
4.403345882797904096e+02
4.403347496545219997e+02
4.403349098895914722e+02
4.403350689951969912e+02
4.403352269813619841e+02
4.403353838579945432e+02
4.403355396349217585e+02
4.403356943219569075e+02
4.403358479289099705e+02
4.403360004656240676e+02
4.403361519419835872e+02
4.403363023679087291e+02
4.403364517533449884e+02
4.403366001082297316e+02
4.403367474424772468e+02
4.403368937659190578e+02
4.403370390882889751e+02
4.403371834191685821e+02
4.403373267679635887e+02
4.403374691438800710e+02
4.403376105559030407e+02
4.403377510127984920e+02
4.403378905231061253e+02
4.403380290951636198e+02
4.403381667371198773e+02
4.403383034569627057e+02
4.403384392625569035e+02
4.403385741616687028e+02
4.403387081619966921e+02
4.403388412712041031e+02
4.403389734969401275e+02
4.403391048468510576e+02
4.403392353285931335e+02
4.403393649498248124e+02
4.403394937182120543e+02
4.403396216414014930e+02
4.403397487270071906e+02
4.403398749825929031e+02
4.403400004156396221e+02
4.403401250335337522e+02
4.403402488435362443e+02
4.403403718527802653e+02
4.403404940682452207e+02
4.403406154967661905e+02
4.403407361450282451e+02
4.403408560195716746e+02
4.403409751268104060e+02
4.403410934730467829e+02
4.403412110644829340e+02
4.403413279072486830e+02
4.403414440074202503e+02
4.403415593710328153e+02
4.403416740040966033e+02
4.403417879126112098e+02
4.403419011025638383e+02
4.403420135799361219e+02
4.403421253506984385e+02
4.403422364208018962e+02
4.403423467961679876e+02
4.403424564826740948e+02
4.403425654861447924e+02
4.403426738123310429e+02
4.403427814669025793e+02
4.403428884554391516e+02
4.403429947834175664e+02
4.403431004562169733e+02
4.403432054791111341e+02
4.403433098572774043e+02
4.403434135958031561e+02
4.403435166996931116e+02
4.403436191738808816e+02
4.403437210232479515e+02
4.403438222526218624e+02
4.403439228667995167e+02
4.403440228705533173e+02
4.403441222686320202e+02
4.403442210657711371e+02
4.403443192666927644e+02
4.403444168761023434e+02
4.403445138986841698e+02
4.403446103391002566e+02
4.403447062019724854e+02
4.403448014918886315e+02
4.403448962133772397e+02
4.403449903709174578e+02
4.403450839689193117e+02
4.403451770117257524e+02
4.403452695036103819e+02
4.403453614487769414e+02
4.403454528513564128e+02
4.403455437154172500e+02
4.403456340449744744e+02
4.403457238439835919e+02
4.403458131163600342e+02
4.403459018659790445e+02
4.403459900966902865e+02
4.403460778123135242e+02
4.403461650166520371e+02
4.403462517134902896e+02
4.403463379065964318e+02
4.403464235997241190e+02
4.403465087966019951e+02
4.403465935009453460e+02
4.403466777164337600e+02
4.403467614467193130e+02
4.403468446954167916e+02
4.403469274660985207e+02
4.403470097622922594e+02
4.403470915874796106e+02
4.403471729450880616e+02
4.403472538384990003e+02
4.403473342710463498e+02
4.403474142460131588e+02
4.403474937666434244e+02
4.403475728361425467e+02
4.403476514576780119e+02
4.403477296343918965e+02
4.403478073693996180e+02
4.403478846657925487e+02
4.403479615266473957e+02
4.403480379550198336e+02
4.403481139539551350e+02
4.403481895264759487e+02
4.403482646755911674e+02
4.403483394042930286e+02
4.403484137155448934e+02
4.403484876122950027e+02
4.403485610974557289e+02
4.403486341739152294e+02
4.403487068445227237e+02
4.403487791120988959e+02
4.403488509794279366e+02
4.403489224492552125e+02
4.403489935242946558e+02
4.403490642072230798e+02
4.403491345006914344e+02
4.403492044073143461e+02
4.403492739296858645e+02
4.403493430703745162e+02
4.403494118319259201e+02
4.403494802168710862e+02
4.403495482277220958e+02
4.403496158669777856e+02
4.403496831371186317e+02
4.403497500406149356e+02
4.403498165799191497e+02
4.403498827574690608e+02
4.403499485756855734e+02
4.403500140369692417e+02
4.403500791436985651e+02
4.403501438982333411e+02
4.403502083029044343e+02
4.403502723600205400e+02
4.403503360718663089e+02
4.403503994406941047e+02
4.403504624687406022e+02
4.403505251582055280e+02
4.403505875112775243e+02
4.403506495301124346e+02
4.403507112168534832e+02
4.403507725736207590e+02
4.403508336025208223e+02
4.403508943056388034e+02
4.403509546850551715e+02
4.403510147428280561e+02
4.403510744810093911e+02
4.403511339016324087e+02
4.403511930067243725e+02
4.403512517982947543e+02
4.403513102783379622e+02
4.403513684488384570e+02
4.403514263117563132e+02
4.403514838690460920e+02
4.403515411226319429e+02
4.403515980744274430e+02
4.403516547263226926e+02
4.403517110801938088e+02
4.403517671378912155e+02
4.403518229012512393e+02
4.403518783720926990e+02
4.403519335522137794e+02
4.403519884434003870e+02
4.403520430474231944e+02
4.403520973660372988e+02
4.403521514009842690e+02
4.403522051539987388e+02
4.403522586267999941e+02
4.403523118210969756e+02
4.403523647385887330e+02
4.403524173809624358e+02
4.403524697498943397e+02
4.403525218470510367e+02
4.403525736740841694e+02
4.403526252326344093e+02
4.403526765243294676e+02
4.403527275507811964e+02
4.403527783135892832e+02
4.403528288143388068e+02
4.403528790545987022e+02
4.403529290359259676e+02
4.403529787598614007e+02
4.403530282279317021e+02
4.403530774416549320e+02
4.403531264025291421e+02
4.403531751120482340e+02
4.403532235716894547e+02
4.403532717829230023e+02
4.403533197472071379e+02
4.403533674659906296e+02
4.403534149407153109e+02
4.403534621728111347e+02
4.403535091637006076e+02
4.403535559147958338e+02
4.403536024275007890e+02
4.403536487032080231e+02
4.403536947433014461e+02
4.403537405491535424e+02
4.403537861221269623e+02
4.403538314635732149e+02
4.403538765748303945e+02
4.403539214572305127e+02
4.403539661120884148e+02
4.403540105407118403e+02
4.403540547443977289e+02
4.403540987244317648e+02
4.403541424820880366e+02
4.403541860186351187e+02
4.403542293353308992e+02
4.403542724334207037e+02
4.403543153141493462e+02
4.403543579787448721e+02
4.403544004284370317e+02
4.403544426644389205e+02
4.403544846879603938e+02
4.403545265002046563e+02
4.403545681023651923e+02
4.403546094956267893e+02
4.403546506811664472e+02
4.403546916601566181e+02
4.403547324337561690e+02
4.403547730031154970e+02
4.403548133693820432e+02
4.403548535336862528e+02
4.403548934971571498e+02
4.403549332609110820e+02
4.403549728260558140e+02
4.403550121936938808e+02
4.403550513649167897e+02
4.403550903408091699e+02
4.403551291224511033e+02
4.403551677109091429e+02
4.403552061072503534e+02
4.403552443125299760e+02
4.403552823277980224e+02
4.403553201540990472e+02
4.403553577924705564e+02
4.403553952439423256e+02
4.403554325095400372e+02
4.403554695902813592e+02
4.403555064871769105e+02
4.403555432012304891e+02
4.403555797334402655e+02
4.403556160847974184e+02
4.403556522562859072e+02
4.403556882488809379e+02
4.403557240635517473e+02
4.403557597012627411e+02
4.403557951629692866e+02
4.403558304496199298e+02
4.403558655621590106e+02
4.403559005015227967e+02
4.403559352686405077e+02
4.403559698644373839e+02
4.403560042898322422e+02
4.403560385457385564e+02
4.403560726330636044e+02
4.403561065527092069e+02
4.403561403055714436e+02
4.403561738925435520e+02
4.403562073145091631e+02
4.403562405723494066e+02
4.403562736669391597e+02
4.403563065991472172e+02
4.403563393698399295e+02
4.403563719798700618e+02
4.403564044300936757e+02
4.403564367213562605e+02
4.403564688545002355e+02
4.403565008303572199e+02
4.403565326497617889e+02
4.403565643135347045e+02
4.403565958224968426e+02
4.403566271774611778e+02
4.403566583792388656e+02
4.403566894286302045e+02
4.403567203264351519e+02
4.403567510734508232e+02
4.403567816704619418e+02
4.403568121182581194e+02
4.403568424176160647e+02
4.403568725693130546e+02
4.403569025741191467e+02
4.403569324328025232e+02
4.403569621461236920e+02
4.403569917148396939e+02
4.403570211397046705e+02
4.403570504214645780e+02
4.403570795608642925e+02
4.403571085586406184e+02
4.403571374155281433e+02
4.403571661322574755e+02
4.403571947095525729e+02
4.403572231481333574e+02
4.403572514487141802e+02
4.403572796120095063e+02
4.403573076387245919e+02
4.403573355295627607e+02
4.403573632852233004e+02
4.403573909064002692e+02
4.403574183937852808e+02
4.403574457480638102e+02
4.403574729699213322e+02
4.403575000600333738e+02
4.403575270190786455e+02
4.403575538477271039e+02
4.403575805466445559e+02
4.403576071164947052e+02
4.403576335579400620e+02
4.403576598716338140e+02
4.403576860582285235e+02
4.403577121183702729e+02
4.403577380527038372e+02
4.403577638618723427e+02
4.403577895465065239e+02
4.403578151072447895e+02
4.403578405447101431e+02
4.403578658595326374e+02
4.403578910523307286e+02
4.403579161237227595e+02
4.403579410743241169e+02
4.403579659047453561e+02
4.403579906155942467e+02
4.403580152074739544e+02
4.403580396809865078e+02
4.403580640367276260e+02
4.403580882752930847e+02
4.403581123972725777e+02
4.403581364032546617e+02
4.403581602938223796e+02
4.403581840695563301e+02
4.403582077310359182e+02
4.403582312788324202e+02
4.403582547135200116e+02
4.403582780356641706e+02
4.403583012458302619e+02
4.403583243445773405e+02
4.403583473324665079e+02
4.403583702100502819e+02
4.403583929778812376e+02
4.403584156365082549e+02
4.403584381864753254e+02
4.403584606283258722e+02
4.403584829626003625e+02
4.403585051898348866e+02
4.403585273105611577e+02
4.403585493253124241e+02
4.403585712346159085e+02
4.403585930389951955e+02
4.403586147389746657e+02
4.403586363350716510e+02
4.403586578278028014e+02
4.403586792176841982e+02
4.403587005052233394e+02
4.403587216909299968e+02
4.403587427753079737e+02
4.403587637588624943e+02
4.403587846420888354e+02
4.403588054254876738e+02
4.403588261095500798e+02
4.403588466947692837e+02
4.403588671816347642e+02
4.403588875706294630e+02
4.403589078622385387e+02
4.403589280569439666e+02
4.403589481552210145e+02
4.403589681575482473e+02
4.403589880643971242e+02
4.403590078762381950e+02
4.403590275935397926e+02
4.403590472167680332e+02
4.403590667463855652e+02
4.403590861828532184e+02
4.403591055266291505e+02
4.403591247781686775e+02
4.403591439379253529e+02
4.403591630063511388e+02
4.403591819838921424e+02
4.403592008709960055e+02
4.403592196681067321e+02
4.403592383756650861e+02
4.403592569941091597e+02
4.403592755238756808e+02
4.403592939654002976e+02
4.403593123191137693e+02
4.403593305854462869e+02
4.403593487648233804e+02
4.403593668576731375e+02
4.403593848644158584e+02
4.403594027854748560e+02
4.403594206212659969e+02
4.403594383722062275e+02
4.403594560387117554e+02
4.403594736211918530e+02
4.403594911200581805e+02
4.403595085357180210e+02
4.403595258685757585e+02
4.403595431190365730e+02
4.403595602875012673e+02
4.403595773743680297e+02
4.403595943800354462e+02
4.403596113048990333e+02
4.403596281493481683e+02
4.403596449137786522e+02
4.403596615985757126e+02
4.403596782041277038e+02
4.403596947308203653e+02
4.403597111790354006e+02
4.403597275491516143e+02
4.403597438415529268e+02
4.403597600566125152e+02
4.403597761947062281e+02
4.403597922562077542e+02
4.403598082414886790e+02
4.403598241509156423e+02
4.403598399848605709e+02
4.403598557436844771e+02
4.403598714277538306e+02
4.403598870374304397e+02
4.403599025730723611e+02
4.403599180350373103e+02
4.403599334236870391e+02
4.403599487393689174e+02
4.403599639824385577e+02
4.403599791532485028e+02
4.403599942521453272e+02
4.403600092794761736e+02
4.403600242355881278e+02
4.403600391208238420e+02
4.403600539355250021e+02
4.403600686800325548e+02
4.403600833546849458e+02
4.403600979598182334e+02
4.403601124957672255e+02
4.403601269628669570e+02
4.403601413614471198e+02
4.403601556918399638e+02
4.403601699543714858e+02
4.403601841493685924e+02
4.403601982771581334e+02
4.403602123380630360e+02
4.403602263324032151e+02
4.403602402605014277e+02
4.403602541226742346e+02
4.403602679192393907e+02
4.403602816505116380e+02
4.403602953168049225e+02
4.403603089184325086e+02
4.403603224557031695e+02
4.403603359289268724e+02
4.403603493384113108e+02
4.403603626844615064e+02
4.403603759673827085e+02
4.403603891874771534e+02
4.403604023450471914e+02
4.403604154403901703e+02
4.403604284738078718e+02
4.403604414455954839e+02
4.403604543560476827e+02
4.403604672054595994e+02
4.403604799941218744e+02
4.403604927223284449e+02
4.403605053903657449e+02
4.403605179985248697e+02
4.403605305470897520e+02
4.403605430363471669e+02
4.403605554665797399e+02
4.403605678380724271e+02
4.403605801511038180e+02
4.403605924059534686e+02
4.403606046029008780e+02
4.403606167422224758e+02
4.403606288241932702e+02
4.403606408490879858e+02
4.403606528171781065e+02
4.403606647287379019e+02
4.403606765840326602e+02
4.403606883833360826e+02
4.403607001269131160e+02
4.403607118150289921e+02
4.403607234479492831e+02
4.403607350259393343e+02
4.403607465492592041e+02
4.403607580181690651e+02
4.403607694329304536e+02
4.403607807938018368e+02
4.403607921010366226e+02
4.403608033548962908e+02
4.403608145556303839e+02
4.403608257034945268e+02
4.403608367987408769e+02
4.403608478416184653e+02
4.403608588323791651e+02
4.403608697712683124e+02
4.403608806585364164e+02
4.403608914944268804e+02
4.403609022791845291e+02
4.403609130130551534e+02
4.403609236962777800e+02
4.403609343290966649e+02
4.403609449117480494e+02
4.403609554444745982e+02
4.403609659275110175e+02
4.403609763610951973e+02
4.403609867454619007e+02
4.403609970808451521e+02
4.403610073674772707e+02
4.403610176055929628e+02
4.403610277954192043e+02
4.403610379371883710e+02
4.403610480311272681e+02
4.403610580774628716e+02
4.403610680764238623e+02
4.403610780282328392e+02
4.403610879331156411e+02
4.403610977912929911e+02
4.403611076029901596e+02
4.403611173684241749e+02
4.403611270878172945e+02
4.403611367613875132e+02
4.403611463893515747e+02
4.403611559719277579e+02
4.403611655093299078e+02
4.403611750017722102e+02
4.403611844494705565e+02
4.403611938526337894e+02
4.403612032114765498e+02
4.403612125262070549e+02
4.403612217970342613e+02
4.403612310241691716e+02
4.403612402078158539e+02
4.403612493481824117e+02
4.403612584454738794e+02
4.403612674998935290e+02
4.403612765116457126e+02
4.403612854809331338e+02
4.403612944079555405e+02
4.403613032929135898e+02
4.403613121360082232e+02
4.403613209374362896e+02
4.403613296973958313e+02
4.403613384160825603e+02
4.403613470936938938e+02
4.403613557304222468e+02
4.403613643264628195e+02
4.403613728820076858e+02
4.403613813972489197e+02
4.403613898723762645e+02
4.403613983075815668e+02
4.403614067030530919e+02
4.403614150589779115e+02
4.403614233755459395e+02
4.403614316529396433e+02
4.403614398913484820e+02
4.403614480909538429e+02
4.403614562519406377e+02
4.403614643744926980e+02
4.403614724587891374e+02
4.403614805050148675e+02
4.403614885133456482e+02
4.403614964839642312e+02
4.403615044170483088e+02
4.403615123127734137e+02
4.403615201713174088e+02
4.403615279928587256e+02
4.403615357775675534e+02
4.403615435256227784e+02
4.403615512371937371e+02
4.403615589124565872e+02
4.403615665515796422e+02
4.403615741547363882e+02
4.403615817220959912e+02
4.403615892538261960e+02
4.403615967500972488e+02
4.403616042110774060e+02
4.403616116369303768e+02
4.403616190278250428e+02
4.403616263839261933e+02
4.403616337053969687e+02
4.403616409924022150e+02
4.403616482451036518e+02
4.403616554636647038e+02
4.403616626482458400e+02
4.403616697990073021e+02
4.403616769161092748e+02
4.403616839997121133e+02
4.403616910499710002e+02
4.403616980670458361e+02
4.403617050510924287e+02
4.403617120022667564e+02
4.403617189207242859e+02
4.403617258066205977e+02
4.403617326601063837e+02
4.403617394813379065e+02
4.403617462704661989e+02
4.403617530276413845e+02
4.403617597530170542e+02
4.403617664467413988e+02
4.403617731089639733e+02
4.403617797398348443e+02
4.403617863394998722e+02
4.403617929081090665e+02
4.403617994458055023e+02
4.403618059527375976e+02
4.403618124290510991e+02
4.403618188748871489e+02
4.403618252903938242e+02
4.403618316757107891e+02
4.403618380309813460e+02
4.403618443563490246e+02
4.403618506519535458e+02
4.403618569179333235e+02
4.403618631544326831e+02
4.403618693615867983e+02
4.403618755395349922e+02
4.403618816884168155e+02
4.403618878083672712e+02
4.403618938995222720e+02
4.403618999620215391e+02
4.403619059959958690e+02
4.403619120015811745e+02
4.403619179789123450e+02
4.403619239281214277e+02
4.403619298493416068e+02
4.403619357427052137e+02
4.403619416083422493e+02
4.403619474463848746e+02
4.403619532569622947e+02
4.403619590402048516e+02
4.403619647962396471e+02
4.403619705251975347e+02
4.403619762272039111e+02
4.403619819023870718e+02
4.403619875508724135e+02
4.403619931727872654e+02
4.403619987682556030e+02
