0.000000000000000000e+00
-3.254436474960709091e-03
-9.945014251965034191e-03
-1.695321809537020386e-02
-2.421111025724087540e-02
-3.168310449852995703e-02
-3.934648726914957706e-02
-4.718495056798133191e-02
-5.518578173348487326e-02
-6.333845842429042250e-02
-7.163386678961813914e-02
-8.006382613021401085e-02
-8.862077924585776145e-02
-9.729758043718561566e-02
-1.060873456172402030e-01
-1.149833446541776993e-01
-1.239789242755762189e-01
-1.330674544568353213e-01
-1.422422940128029722e-01
-1.514967728616909426e-01
-1.608241896229003487e-01
-1.702178240316669644e-01
-1.796709642084834968e-01
-1.891769492522428209e-01
-1.987292278640069298e-01
-2.083214338519496778e-01
-2.179474794056659448e-01
-2.276016669147509219e-01
-2.372788199268711651e-01
-2.469744335448069705e-01
-2.566848441818194715e-01
-2.664074181876969760e-01
-2.761407584193591447e-01
-2.858849274385022454e-01
-2.956416857134342990e-01
-3.054147430077875924e-01
-3.152100210803325808e-01
-3.250359259220658714e-01
-3.349036276676713442e-01
-3.448273478272767534e-01
-3.548246491810402858e-01
-3.649167299971907141e-01
-3.751287160090441830e-01
-3.854899452759923406e-01
-3.960342358490436254e-01
-4.068001208043483530e-01
-4.178310276785452970e-01
-4.291753696720661537e-01
-4.408865043048706411e-01
-4.530225017534235121e-01
-4.656456506627080216e-01
-4.788216149873392169e-01
-4.926181433934289089e-01
-5.071032254863894195e-01
-5.223425901890550449e-01
-5.383964550958353357e-01
-5.553154656737433470e-01
-5.731358138158952897e-01
-5.918735983087231034e-01
-6.115185845912378682e-01
-6.320276323340294766e-01
-6.533181761996615933e-01
-6.752622514381982910e-01
-6.976816308683169154e-01
-7.203446615631605709e-01
-7.429653389850159328e-01
-7.652050231199041264e-01
-7.866769881128448105e-01
-8.069537228865328871e-01
-8.255765992618080418e-01
-8.420672407058304998e-01
-8.559397051376436139e-01
-8.667124779941559609e-01
-8.739192789306571285e-01
-8.771178178807303993e-01
-8.758958731008874565e-01
-8.698743682695635471e-01
-8.587074522203579363e-01
-8.420798890740002207e-01
-8.197023113547174944e-01
-7.913050503265708358e-01
-7.566313257210595111e-01
-7.154305532906732878e-01
-6.674524251091042970e-01
-6.124422518551568828e-01
-5.501378503612954773e-01
-4.802680345173371279e-01
-4.025525448710709497e-01
-3.167030495818039526e-01
-2.224246845308925913e-01
-1.194174884740846210e-01
-7.377048808905328769e-03
1.140062751088635196e-01
2.450500188548971892e-01
3.860843409310632524e-01
5.374585536397376018e-01
6.995486684223806151e-01
8.727646131256392437e-01
1.057555325276666736e+00
1.254409730054703687e+00
1.463851819591127423e+00
1.686428744794852719e+00
1.922691972964400975e+00
2.173172971428584788e+00
2.438356241570431848e+00
2.718653491994416527e+00
3.014383003729847132e+00
3.325757665481035019e+00
3.652883821310240364e+00
3.995771263117319450e+00
4.354352826161971279e+00
4.728510523617330819e+00
5.118104292427915425e+00
5.522999339052432788e+00
5.943088700558746496e+00
6.378308754371857958e+00
6.828646731234755407e+00
7.294140534500172635e+00
7.774872140635807227e+00
8.270956446129218875e+00
8.782527625063096366e+00
9.309724931099594869e+00
9.852679516752345990e+00
1.041150335895406442e+01
1.098628086829711492e+01
1.157706329114273558e+01
1.218386563496949293e+01
1.280666558093969343e+01
1.344540369878126285e+01
1.409998424028304953e+01
1.477027584220473955e+01
1.545611159580118965e+01
1.615728811251290153e+01
1.687356340825260759e+01
1.760465361721884392e+01
1.835022870926792393e+01
1.910990750704837637e+01
1.988325237163604697e+01
2.066976394631637959e+01
2.146887632259006295e+01
2.227995293007393229e+01
2.310228336616569322e+01
2.393508128637336085e+01
2.477748338438169640e+01
2.562854941389412033e+01
2.648726314709284679e+01
2.735253413118135768e+01
2.822320009311647482e+01
2.909802984990642472e+01
2.997572660217065277e+01
3.085493151623342101e+01
3.173422752866622432e+01
3.261214333337369453e+01
3.348715753061060241e+01
3.435770292975928442e+01
3.522217100215004848e+01
3.607891647835043614e+01
3.692626207851844811e+01
3.776250335561297788e+01
3.858591362378902545e+01
3.939474893765014940e+01
4.018725308582631328e+01
4.096166256346663204e+01
4.171621149369264003e+01
4.244913647638080079e+01
4.315868135310734033e+01
4.384310188829363142e+01
4.450067037597989383e+01
4.512968019002016717e+01
4.572845029947902162e+01
4.629532977215149003e+01
4.682870228643776045e+01
4.732699066606735983e+01
4.778866144417594342e+01
4.821222945407863847e+01
4.859626243445114824e+01
4.893938562783326063e+01
4.924028634359521561e+01
4.949771845072771725e+01
4.971050676165987170e+01
4.987755126638874970e+01
4.999783117581866065e+01
5.007040873468210407e+01
5.009443276720912763e+01
5.006914192260768459e+01
4.999386759251216006e+01
4.986803647853763266e+01
4.969117279415021926e+01
4.946290009253596054e+01
4.918294271860298750e+01
4.885112689033601896e+01
4.846738142100929281e+01
4.803173809892132340e+01
4.754433174569885523e+01
4.700539997658421498e+01
4.641528268768271914e+01
4.577442129420839478e+01
4.508335774187892753e+01
4.434273331043161193e+01
4.355328722369253569e+01
4.271963680897187032e+01
4.182879750673225772e+01
4.088974002768770788e+01
3.990211498262033274e+01
3.886519026112065944e+01
3.777784362122078221e+01
3.663848005447042055e+01
3.544489677342623679e+01
3.419416554429675159e+01
3.288264354719311200e+01
3.150622605574717738e+01
3.006090724143409432e+01
2.854362884978502279e+01
2.695329682391508186e+01
2.529176729588692751e+01
2.356457429530618697e+01
2.178120415855431702e+01
1.995480784936788154e+01
1.810135786836332272e+01
1.623836962315641586e+01
1.438338959364259040e+01
1.255248681577438674e+01
1.075896702182225795e+01
9.012470386328800487e+00
7.318532931292679677e+00
5.678609123574432260e+00
4.090486359692334872e+00
2.548980988106450241e+00
1.046792283080520747e+00
-4.245992551888946309e-01
-1.874078229914289295e+00
-3.310144135723845693e+00
-4.740295557291062778e+00
-6.170558838782085331e+00
-7.605158927902721189e+00
-9.046325191863701320e+00
-1.049422486363320672e+01
-1.194701824959437886e+01
-1.340103023802254256e+01
-1.485103039602702779e+01
-1.629060872232152235e+01
-1.771262677574004840e+01
-1.910971601758048166e+01
-2.047478864320190439e+01
-2.180152256442241310e+01
-2.308478258683960860e+01
-2.432094448857235136e+01
-2.550809716910525538e+01
-2.664610920718259024e+01
-2.773655859266811774e+01
-2.878253654453340005e+01
-2.978834682708831849e+01
-3.075912981230626997e+01
-3.170044513021363741e+01
-3.261784797231415212e+01
-3.351649221877210039e+01
-3.440078908278321990e+01
-3.527414359758697060e+01
-3.613878375814957167e+01
-3.699568917994668027e+01
-3.784461837365208225e+01
-3.868422666496866213e+01
-3.951226080284641284e+01
-4.032581167759180119e+01
-4.112160349400672033e+01
-4.189629630548689931e+01
-4.264677901960644135e+01
-4.337043175390539318e+01
-4.406533958688335417e+01
-4.473044406302101095e+01
-4.536562394615934579e+01
-4.597170228909543255e+01
-4.655038248200760620e+01
-4.710412114173649911e+01
-4.763595012460919520e+01
-4.814926327126485717e+01
-4.864758549994216708e+01
-4.913434244501195280e+01
-4.961264799728645869e+01
-5.008512496521188950e+01
-5.055377086305504974e+01
-5.101987684201884576e+01
-5.148400335970798380e+01
-5.194601169450125155e+01
-5.240514620573075888e+01
-5.286015862552488898e+01
-5.330946289304179686e+01
-5.375130727484310000e+01
-5.418394984101568923e+01
-5.460582378130695247e+01
-5.501568046488924324e+01
-5.541270041291568305e+01
-5.579656525551818902e+01
-5.616748703297886891e+01
-5.652619461023786585e+01
-5.687388024132222597e+01
-5.721211220703085587e+01
-5.754272175433736436e+01
-5.786767414284140898e+01
-5.818893436401862118e+01
-5.850833802440313036e+01
-5.882747701380431238e+01
-5.914760801747323171e+01
-5.946958982479620204e+01
-5.979385292078650593e+01
-6.012040222454494653e+01
-6.044885126774839534e+01
-6.077848377995312035e+01
-6.110833673458439819e+01
-6.143729753643948754e+01
-6.176420728182536379e+01
-6.208796192400309621e+01
-6.240760370935481660e+01
-6.272239634396407837e+01
-6.303187889662483201e+01
-6.333589530403156687e+01
-6.363459836013566928e+01
-6.392842908174381478e+01
-6.421807419329084610e+01
-6.450440603004976481e+01
-6.478841031429908526e+01
-6.507110794352557548e+01
-6.535347711150447481e+01
-6.563638177096737536e+01
-6.592051168710042930e+01
-6.620633820154853311e+01
-6.649408843191683616e+01
-6.678373908888548272e+01
-6.707502952882688874e+01
-6.736749219470881656e+01
-6.766049734050122311e+01
-6.795330797178819182e+01
-6.824514032964502519e+01
-6.853522502581338927e+01
-6.882286410579770575e+01
-6.910747984154983214e+01
-6.938865188143255125e+01
-6.966614043441084902e+01
-6.993989434742418609e+01
-7.021004415219782402e+01
-7.047688131485719509e+01
-7.074082593200510871e+01
-7.100238590840602626e+01
-7.126211117362190350e+01
-7.152054671797142760e+01
-7.177818815000746611e+01
-7.203544311579756254e+01
-7.229260131657404997e+01
-7.254981507285512521e+01
-7.280709147845578855e+01
-7.306429624323418182e+01
-7.332116841235124127e+01
-7.357734434292308379e+01
-7.383238867252055115e+01
-7.408582957230190402e+01
-7.433719536494609770e+01
-7.458604961110920328e+01
-7.483202201468102999e+01
-7.507483293895074894e+01
-7.531430991886014681e+01
-7.555039524652130467e+01
-7.578314444094623070e+01
-7.601271612761942720e+01
-7.623935449717997415e+01
-7.646336603566817303e+01
-7.668509258831755915e+01
-7.690488301143949457e+01
-7.712306567615951280e+01
-7.733992392075342082e+01
-7.755567622587285825e+01
-7.777046244080126769e+01
-7.798433685942376314e+01
-7.819726837654646090e+01
-7.840914739395836364e+01
-7.861979863535577806e+01
-7.882899860655957980e+01
-7.903649613199281987e+01
-7.924203422806812114e+01
-7.944537154707199988e+01
-7.964630173681658221e+01
-7.984466929600667129e+01
-8.004038084153592081e+01
-8.023341110849395363e+01
-8.042380344408347526e+01
-8.061166499570012434e+01
-8.079715719817876618e+01
-8.098048250431511974e+01
-8.116186855392285793e+01
-8.134155112348206274e+01
-8.151975723416343556e+01
-8.169668972314630651e+01
-8.187251441130314333e+01
-8.204735074829530106e+01
-8.222126650636113254e+01
-8.239427675308007792e+01
-8.256634699017277512e+01
-8.273740002527117099e+01
-8.290732587209039650e+01
-8.307599376917220013e+01
-8.324326528246714929e+01
-8.340900741832389542e+01
-8.357310471999475965e+01
-8.373546944539850756e+01
-8.389604911396281750e+01
-8.405483094642400488e+01
-8.421184298611206032e+01
-8.436715195784076116e+01
-8.452085817345587770e+01
-8.467308800999531115e+01
-8.482398465299883128e+01
-8.497369790255839916e+01
-8.512237387812703560e+01
-8.527014542907163275e+01
-8.541712396794605411e+01
-8.556339330041669200e+01
-8.570900584518861365e+01
-8.585398143309572561e+01
-8.599830866518699679e+01
-8.614194861023220540e+01
-8.628484044972570643e+01
-8.642690854294563962e+01
-8.656807029761209549e+01
-8.670824419525858673e+01
-8.684735733750821396e+01
-8.698535194461805986e+01
-8.712219034464241929e+01
-8.725785813008789660e+01
-8.739236531628830562e+01
-8.752574549949883931e+01
-8.765805316911529133e+01
-8.778935946626950226e+01
-8.791974678940533749e+01
-8.804930272050080475e+01
-8.817811377771161574e+01
-8.830625949153953513e+01
-8.843380725492295369e+01
-8.856080831687646082e+01
-8.868729518408169099e+01
-8.881328057279621646e+01
-8.893875792613259534e+01
-8.906370338849650636e+01
-8.918807901982944486e+01
-8.931183694478458790e+01
-8.943492407217625839e+01
-8.955728699142910898e+01
-8.967887665624367344e+01
-8.979965249921193049e+01
-8.991958568163082077e+01
-9.003866126307043771e+01
-9.015687916949215719e+01
-9.027425393791676811e+01
-9.039081331255422924e+01
-9.050659585356316938e+01
-9.062164779031449768e+01
-9.073601939946573225e+01
-9.084976121346196010e+01
-9.096292036464683406e+01
-9.107553734618220176e+01
-9.118764342619800800e+01
-9.129925888953877688e+01
-9.141039220963143919e+01
-9.152104017498133715e+01
-9.163118891938940180e+01
-9.174081573618875041e+01
-9.184989150064622265e+01
-9.195838348463540513e+01
-9.206625832661981690e+01
-9.217348491786798093e+01
-9.228003698307742297e+01
-9.238589516707577332e+01
-9.249104848632777021e+01
-9.259549505967247285e+01
-9.269924209321865760e+01
-9.280230515356109322e+01
-9.290470681786247553e+01
-9.300647483416607031e+01
-9.310763995802098236e+01
-9.320823364916955711e+01
-9.330828581530799681e+01
-9.340782277782911081e+01
-9.350686560935466218e+01
-9.360542895719599699e+01
-9.370352042373053791e+01
-9.380114052794776569e+01
-9.389828322565145413e+01
-9.399493692317464877e+01
-9.409108588342670032e+01
-9.418671189691967527e+01
-9.428179607503675186e+01
-9.437632061968841413e+01
-9.447027043153119052e+01
-9.456363443766565524e+01
-9.465640654710340129e+01
-9.474858617514509262e+01
-9.484017831450177027e+01
-9.493119316735122482e+01
-9.502164538629830304e+01
-9.511155300077692232e+01
-9.520093612683625395e+01
-9.528981557072725650e+01
-9.537821144041205912e+01
-9.546614187337056023e+01
-9.555362197514317302e+01
-9.564066304255085527e+01
-9.572727211985406370e+01
-9.581345190782774068e+01
-9.589920101733095237e+01
-9.598451453224107865e+01
-9.606938482373185195e+01
-9.615380254106560187e+01
-9.623775769317099105e+01
-9.632124073203323178e+01
-9.640424355284230273e+01
-9.648676033579585010e+01
-9.656878817051921260e+01
-9.665032742336616423e+01
-9.673138183010306079e+01
-9.681195831853254674e+01
-9.689206658676026507e+01
-9.697171848080347445e+01
-9.705092722903273739e+01
-9.712970659972511100e+01
-9.720807005108815702e+01
-9.728602994071376031e+01
-9.736359685365519567e+01
-9.744077909684689587e+01
-9.751758239178353449e+01
-9.759400978119947467e+01
-9.767006174730421719e+01
-9.774573652315301331e+01
-9.782103056415903097e+01
-9.789593913565823868e+01
-9.797045696529681891e+01
-9.804457890627205074e+01
-9.811830055880044199e+01
-9.819161880282419474e+01
-9.826453220427956126e+01
-9.833704126822564717e+01
-9.840914852609471097e+01
-9.848085845713042374e+01
-9.855217725778975080e+01
-9.862311248361052662e+01
-9.869367259747629362e+01
-9.876386646374351130e+01
-9.883370283031565862e+01
-9.890318983995807400e+01
-9.897233460785253101e+01
-9.904114289568782681e+01
-9.910961890372756500e+01
-9.917776519190974227e+01
-9.924558273067441405e+01
-9.931307107174960436e+01
-9.938022862040591576e+01
-9.944705298325139609e+01
-9.951354136114767357e+01
-9.957969095437314877e+01
-9.964549934777259921e+01
-9.971096484669527626e+01
-9.977608673931304395e+01
-9.984086546839394316e+01
-9.990530270266786772e+01
-9.996940130699631766e+01
-1.000331652179038144e+02
-1.000965992387300787e+02
-1.001597087737429916e+02
-1.002224995251119708e+02
-1.002849771780074661e+02
-1.003471470992181054e+02
-1.004090140723783691e+02
-1.004705820889533072e+02
-1.005318542091420113e+02
-1.005928325004274626e+02
-1.006535180553555904e+02
-1.007139110836306060e+02
-1.007740110681473169e+02
-1.008338169698624966e+02
-1.008933274634540282e+02
-1.009525411837749260e+02
-1.010114569634761779e+02
-1.010700740435474216e+02
-1.011283922413747831e+02
-1.011864120651868291e+02
-1.012441347681038621e+02
-1.013015623404519374e+02
-1.013586974434891204e+02
-1.014155432925045233e+02
-1.014721035006090517e+02
-1.015283818973233281e+02
-1.015843823372645005e+02
-1.016401085144756991e+02
-1.016955637966967885e+02
-1.017507510917683931e+02
-1.018056727552181115e+02
-1.018603305446089564e+02
-1.019147256219686994e+02
-1.019688586023438717e+02
-1.020227296422789323e+02
-1.020763385598733066e+02
-1.021296849753928626e+02
-1.021827684606034978e+02
-1.022355886846828525e+02
-1.022881455455012798e+02
-1.023404392764824991e+02
-1.023924705219203730e+02
-1.024442403759862543e+02
-1.024957503842737481e+02
-1.025470025091390909e+02
-1.025979990632853003e+02
-1.026487426182762164e+02
-1.026992358960295348e+02
-1.027494816529017498e+02
-1.027994825654390638e+02
-1.028492411269846656e+02
-1.028987595625972062e+02
-1.029480397682418840e+02
-1.029970832779667518e+02
-1.030458912603329509e+02
-1.030944645432065698e+02
-1.031428036636440595e+02
-1.031909089378208222e+02
-1.032387805447662146e+02
-1.032864186165525808e+02
-1.033338233277082026e+02
-1.033809949767785241e+02
-1.034279340540555978e+02
-1.034746412906871171e+02
-1.035211176861823503e+02
-1.035673645131056730e+02
-1.036133832995426332e+02
-1.036591757917379795e+02
-1.037047439007507990e+02
-1.037500896378572293e+02
-1.037952150445034647e+02
-1.038401221223338950e+02
-1.038848127689129228e+02
-1.039292887238872680e+02
-1.039735515293761097e+02
-1.040176025070305315e+02
-1.040614427529378361e+02
-1.041050731497974482e+02
-1.041484943948978525e+02
-1.041917070407472750e+02
-1.042347115448352639e+02
-1.042775083240394878e+02
-1.043200978093548770e+02
-1.043624804964634478e+02
-1.044046569886173756e+02
-1.044466280284048878e+02
-1.044883945169229378e+02
-1.045299575188625454e+02
-1.045713182542136366e+02
-1.046124780774055836e+02
-1.046534384464619620e+02
-1.046942008847360768e+02
-1.047347669387268212e+02
-1.047751381354120355e+02
-1.048153159424597334e+02
-1.048553017343572975e+02
-1.048950967668262280e+02
-1.049347021611863653e+02
-1.049741188994400716e+02
-1.050133478300670902e+02
-1.050523896834777133e+02
-1.050912450956166850e+02
-1.051299146374436049e+02
-1.051683988477432763e+02
-1.052066982664752288e+02
-1.052448134662046328e+02
-1.052827450789913115e+02
-1.053204938170522240e+02
-1.053580604856752245e+02
-1.053954459878766841e+02
-1.054326513206957259e+02
-1.054696775637374628e+02
-1.055065258614703225e+02
-1.055431974006010734e+02
-1.055796933847961583e+02
-1.056160150086849683e+02
-1.056521634333691111e+02
-1.056881397651467580e+02
-1.057239450391084290e+02
-1.057595802086030687e+02
-1.057950461412195011e+02
-1.058303436212090105e+02
-1.058654733580178942e+02
-1.059004359998437650e+02
-1.059352321511124018e+02
-1.059698623921024989e+02
-1.060043272993333545e+02
-1.060386274649247866e+02
-1.060727635134836220e+02
-1.061067361153187107e+02
-1.061405459952229648e+02
-1.061741939360195062e+02
-1.062076807772712073e+02
-1.062410074090403214e+02
-1.062741747617302366e+02
-1.063071837927745804e+02
-1.063400354715440557e+02
-1.063727307634852366e+02
-1.064052706151401111e+02
-1.064376559407185709e+02
-1.064698876117433883e+02
-1.065019664499231169e+02
-1.065338932241134557e+02
-1.065656686511424880e+02
-1.065972934003644781e+02
-1.066287681014661359e+02
-1.066600933547365315e+02
-1.066912697427699044e+02
-1.067222978429066984e+02
-1.067531782390745008e+02
-1.067839115323797756e+02
-1.068144983495238449e+02
-1.068449393486138916e+02
-1.068752352218430417e+02
-1.069053866951918366e+02
-1.069353945251377098e+02
-1.069652594928214882e+02
-1.069949823962864741e+02
-1.070245640413977668e+02
-1.070540052322946849e+02
-1.070833067621445025e+02
-1.071124694047916392e+02
-1.071414939081413564e+02
-1.071703809894782751e+02
-1.071991313332091096e+02
-1.072277455909727450e+02
-1.072562243840251739e+02
-1.072845683077195247e+02
-1.073127779374594724e+02
-1.073408538357213615e+02
-1.073687965595948413e+02
-1.073966066679918328e+02
-1.074242847282894218e+02
-1.074518313216771617e+02
-1.074792470469269858e+02
-1.075065325223786772e+02
-1.075336883860409074e+02
-1.075607152938835753e+02
-1.075876139165613665e+02
-1.076143849348368775e+02
-1.076410290342154354e+02
-1.076675468991682294e+02
-1.076939392074210531e+02
-1.077202066248471084e+02
-1.077463498012118208e+02
-1.077723693671289595e+02
-1.077982659324584205e+02
-1.078240400861305375e+02
-1.078496923973906405e+02
-1.078752234182824878e+02
-1.079006336871845662e+02
-1.079259237329543311e+02
-1.079510940794538101e+02
-1.079761452500655139e+02
-1.080010777717136676e+02
-1.080258921782892685e+02
-1.080505890131311162e+02
-1.080751688304074491e+02
-1.080996321953434318e+02
-1.081239796834149303e+02
-1.081482118784787616e+02
-1.081723293701232222e+02
-1.081963327505077075e+02
-1.082202226108320104e+02
-1.082439995379326518e+02
-1.082676641110318485e+02
-1.082912168991197888e+02
-1.083146584589569272e+02
-1.083379893339838560e+02
-1.083612100540424024e+02
-1.083843211359945968e+02
-1.084073230851801100e+02
-1.084302163973754176e+02
-1.084530015613548102e+02
-1.084756790615522419e+02
-1.084982493808404342e+02
-1.085207130030528901e+02
-1.085430704151134051e+02
-1.085653221086625138e+02
-1.085874685809930043e+02
-1.086095103353433018e+02
-1.086314478804889063e+02
-1.086532817297309350e+02
-1.086750123993487023e+02
-1.086966404067433700e+02
-1.087181662683293837e+02
-1.087395904974285088e+02
-1.087609136023300209e+02
-1.087821360845665453e+02
-1.088032584377048266e+02
-1.088242811465532611e+02
-1.088452046869295771e+02
-1.088660295259486759e+02
-1.088867561228551892e+02
-1.089073849301227597e+02
-1.089279163949985474e+02
-1.089483509611014114e+02
-1.089686890701277378e+02
-1.089889311633818920e+02
-1.090090776831564625e+02
-1.090291290737496581e+02
-1.090490857821362880e+02
-1.090689482581610150e+02
-1.090887169544556059e+02
-1.091083923257803434e+02
-1.091279748282157698e+02
-1.091474649180520231e+02
-1.091668630504954791e+02
-1.091861696784373237e+02
-1.092053852512222960e+02
-1.092245102136144936e+02
-1.092435450049767667e+02
-1.092624900587668009e+02
-1.092813458023610593e+02
-1.093001126571418098e+02
-1.093187910389782047e+02
-1.093373813588698766e+02
-1.093558840238453342e+02
-1.093742994379344537e+02
-1.093926280031859619e+02
-1.094108701206471039e+02
-1.094290261911955611e+02
-1.094470966162166690e+02
-1.094650817980340491e+02
-1.094829821401106500e+02
-1.095007980469831068e+02
-1.095185299239384875e+02
-1.095361781765779909e+02
-1.095537432101078110e+02
-1.095712254286255245e+02
-1.095886252343369875e+02
-1.096059430268232262e+02
-1.096231792023816354e+02
-1.096403341535202713e+02
-1.096574082686240672e+02
-1.096744019317899443e+02
-1.096913155228892833e+02
-1.097081494178027725e+02
-1.097249039888220636e+02
-1.097415796051344330e+02
-1.097581766334425168e+02
-1.097746954385879974e+02
-1.097911363841146226e+02
-1.098074998328353331e+02
-1.098237861472358645e+02
-1.098399956897806646e+02
-1.098561288230460775e+02
-1.098721859097122859e+02
-1.098881673124220129e+02
-1.099040733934760823e+02
-1.099199045144867455e+02
-1.099356610358943556e+02
-1.099513433165568443e+02
-1.099669517132413290e+02
-1.099824865802636964e+02
-1.099979482691448993e+02
-1.100133371283949515e+02
-1.100286535034099273e+02
-1.100438977364692335e+02
-1.100590701668905922e+02
-1.100741711312312816e+02
-1.100892009635818312e+02
-1.101041599959956443e+02
-1.101190485587354004e+02
-1.101338669807737745e+02
-1.101486155900308148e+02
-1.101632947137060370e+02
-1.101779046784418910e+02
-1.101924458104269178e+02
-1.102069184354217555e+02
-1.102213228786875447e+02
-1.102356594647978341e+02
-1.102499285174561976e+02
-1.102641303592178446e+02
-1.102782653112190019e+02
-1.102923336928933224e+02
-1.103063358217261083e+02
-1.103202720130850452e+02
-1.103341425799844728e+02
-1.103479478331512524e+02
-1.103616880808955187e+02
-1.103753636292433669e+02
-1.103889747820613394e+02
-1.104025218412026419e+02
-1.104160051067890009e+02
-1.104294248773538243e+02
-1.104427814501327418e+02
-1.104560751212438277e+02
-1.104693061858800291e+02
-1.104824749384145264e+02
-1.104955816724869493e+02
-1.105086266810320836e+02
-1.105216102562279019e+02
-1.105345326894147888e+02
-1.105473942709771507e+02
-1.105601952901846659e+02
-1.105729360350457426e+02
-1.105856167920985627e+02
-1.105982378463118039e+02
-1.106107994809160857e+02
-1.106233019773542026e+02
-1.106357456151994256e+02
-1.106481306721408657e+02
-1.106604574240626704e+02
-1.106727261450905644e+02
-1.106849371076942248e+02
-1.106970905828164859e+02
-1.107091868400431736e+02
-1.107212261477018842e+02
-1.107332087730171111e+02
-1.107451349822201934e+02
-1.107570050406166473e+02
-1.107688192126697828e+02
-1.107805777619944649e+02
-1.107922809513441536e+02
-1.108039290425751346e+02
-1.108155222965853852e+02
-1.108270609731998206e+02
-1.108385453310947781e+02
-1.108499756276998482e+02
-1.108613521190731177e+02
-1.108726750598980715e+02
-1.108839447033212195e+02
-1.108951613010338093e+02
-1.109063251031500243e+02
-1.109174363583356069e+02
-1.109284953137862857e+02
-1.109395022152838663e+02
-1.109504573073238589e+02
-1.109613608331637664e+02
-1.109722130349131817e+02
-1.109830141536399708e+02
-1.109937644294016650e+02
-1.110044641013626432e+02
-1.110151134077370898e+02
-1.110257125859137375e+02
-1.110362618723788870e+02
-1.110467615026997237e+02
-1.110572117115482769e+02
-1.110676127325419884e+02
-1.110779647983059135e+02
-1.110882681403247148e+02
-1.110985229889449073e+02
-1.111087295732691018e+02
-1.111188881212019623e+02
-1.111289988593491671e+02
-1.111390620130752040e+02
-1.111490778064561340e+02
-1.111590464623622978e+02
-1.111689682024589985e+02
-1.111788432472632024e+02
-1.111886718162061669e+02
-1.111984541276821545e+02
-1.112081903990819711e+02
-1.112178808468767954e+02
-1.112275256866168007e+02
-1.112371251329964963e+02
-1.112466793998259078e+02
-1.112561887000574927e+02
-1.112656532457836676e+02
-1.112750732481996749e+02
-1.112844489175599136e+02
-1.112937804632004912e+02
-1.113030680934447219e+02
-1.113123120156090380e+02
-1.113215124359659285e+02
-1.113306695597084115e+02
-1.113397835909712512e+02
-1.113488547327722813e+02
-1.113578831870927104e+02
-1.113668691548262046e+02
-1.113758128358349353e+02
-1.113847144289799189e+02
-1.113935741321446500e+02
-1.114023921422647874e+02
-1.114111686553841878e+02
-1.114199038666526889e+02
-1.114285979703839047e+02
-1.114372511600567037e+02
-1.114458636283064550e+02
-1.114544355669826956e+02
-1.114629671670838320e+02
-1.114714586187978540e+02
-1.114799101114407591e+02
-1.114883218334979063e+02
-1.114966939725338051e+02
-1.115050267152411152e+02
-1.115133202473653569e+02
-1.115215747537485669e+02
-1.115297904182840654e+02
-1.115379674239143526e+02
-1.115461059526695777e+02
-1.115542061856322107e+02
-1.115622683030016873e+02
-1.115702924840631169e+02
-1.115782789072232362e+02
-1.115862277500749542e+02
-1.115941391893628776e+02
-1.116020134010175866e+02
-1.116098505601951132e+02
-1.116176508412769550e+02
-1.116254144178583232e+02
-1.116331414627854173e+02
-1.116408321481436303e+02
-1.116484866452300935e+02
-1.116561051245914626e+02
-1.116636877559758290e+02
-1.116712347083343388e+02
-1.116787461498173144e+02
-1.116862222477654285e+02
-1.116936631687008514e+02
-1.117010690783025240e+02
-1.117084401414430062e+02
-1.117157765221760428e+02
-1.117230783837323571e+02
-1.117303458885371867e+02
-1.117375791982254327e+02
-1.117447784736649794e+02
-1.117519438749371403e+02
-1.117590755613938711e+02
-1.117661736916370359e+02
-1.117732384235555685e+02
-1.117802699143067287e+02
-1.117872683203586206e+02
-1.117942337974708522e+02
-1.118011665006837489e+02
-1.118080665843599064e+02
-1.118149342021254142e+02
-1.118217695069330802e+02
-1.118285726509775486e+02
-1.118353437857651329e+02
-1.118420830620670898e+02
-1.118487906299188523e+02
-1.118554666386269929e+02
-1.118621112367829937e+02
-1.118687245722334751e+02
-1.118753067921211510e+02
-1.118818580428480516e+02
-1.118883784701420296e+02
-1.118948682190019213e+02
-1.119013274337633703e+02
-1.119077562580672520e+02
-1.119141548348889899e+02
-1.119205233065599856e+02
-1.119268618147272321e+02
-1.119331705004188819e+02
-1.119394495040046280e+02
-1.119456989652035759e+02
-1.119519190231264787e+02
-1.119581098161997090e+02
-1.119642714822396385e+02
-1.119704041583978835e+02
-1.119765079811889024e+02
-1.119825830864647571e+02
-1.119886296094460221e+02
-1.119946476846914436e+02
-1.120006374461104741e+02
-1.120065990269646647e+02
-1.120125325598857842e+02
-1.120184381768405757e+02
-1.120243160091944929e+02
-1.120301661876616208e+02
-1.120359888423553656e+02
-1.120417841027662149e+02
-1.120475520977707475e+02
-1.120532929556739106e+02
-1.120590068041484813e+02
-1.120646937703240980e+02
-1.120703539806990250e+02
-1.120759875612026093e+02
-1.120815946372045033e+02
-1.120871753334563152e+02
-1.120927297741554582e+02
-1.120982580828962085e+02
-1.121037603827134745e+02
-1.121092367960343807e+02
-1.121146874447283608e+02
-1.121201124500557142e+02
-1.121255119327245069e+02
-1.121308860128519456e+02
-1.121362348099693094e+02
-1.121415584430622516e+02
-1.121468570305092101e+02
-1.121521306901811244e+02
-1.121573795393408943e+02
-1.121626036947340168e+02
-1.121678032725297953e+02
-1.121729783883820915e+02
-1.121781291573790327e+02
-1.121832556941021011e+02
-1.121883581125788396e+02
-1.121934365263142013e+02
-1.121984910482853621e+02
-1.122035217909475620e+02
-1.122085288662203624e+02
-1.122135123855081531e+02
-1.122184724596848326e+02
-1.122234091990959968e+02
-1.122283227135811217e+02
-1.122332131124462364e+02
-1.122380805044698349e+02
-1.122429249979267354e+02
-1.122477467005703602e+02
-1.122525457196407785e+02
-1.122573221618726791e+02
-1.122620761334873407e+02
-1.122668077402123856e+02
-1.122715170872704817e+02
-1.122762042793960831e+02
-1.122808694208290490e+02
-1.122855126153299068e+02
-1.122901339661495399e+02
-1.122947335760993042e+02
-1.122993115474686050e+02
-1.123038679820926404e+02
-1.123084029813368119e+02
-1.123129166460593922e+02
-1.123174090766875395e+02
-1.123218803731446798e+02
-1.123263306348936794e+02
-1.123307599609248513e+02
-1.123351684497653906e+02
-1.123395561994792473e+02
-1.123439233076419441e+02
-1.123482698713902437e+02
-1.123525959873937552e+02
-1.123569017518587998e+02
-1.123611872605417972e+02
-1.123654526087469634e+02
-1.123696978913334590e+02
-1.123739232026978812e+02
-1.123781286368099614e+02
-1.123823142872031156e+02
-1.123864802469495459e+02
-1.123906266087124237e+02
-1.123947534647066391e+02
-1.123988609067084070e+02
-1.124029490260970761e+02
-1.124070179137782759e+02
-1.124110676602605281e+02
-1.124150983556173315e+02
-1.124191100895141062e+02
-1.124231029511486497e+02
-1.124270770293584292e+02
-1.124310324125101914e+02
-1.124349691885737457e+02
-1.124388874451059053e+02
-1.124427872692519088e+02
-1.124466687477116409e+02
-1.124505319668394634e+02
-1.124543770125040680e+02
-1.124582039702375056e+02
-1.124620129251346867e+02
-1.124658039618965120e+02
-1.124695771648201514e+02
-1.124733326178355526e+02
-1.124770704044406671e+02
-1.124807906077633533e+02
-1.124844933105434279e+02
-1.124881785951237418e+02
-1.124918465434693076e+02
-1.124954972371534154e+02
-1.124991307573570651e+02
-1.125027471849048055e+02
-1.125063466002152950e+02
-1.125099290833414614e+02
-1.125134947139524968e+02
-1.125170435713396841e+02
-1.125205757344352122e+02
-1.125240912817633046e+02
-1.125275902915217188e+02
-1.125310728415159218e+02
-1.125345390091749351e+02
-1.125379888715811774e+02
-1.125414225054551025e+02
-1.125448399871387295e+02
-1.125482413926349921e+02
-1.125516267975721263e+02
-1.125549962772406332e+02
-1.125583499065709958e+02
-1.125616877601257073e+02
-1.125650099121484260e+02
-1.125683164365160849e+02
-1.125716074067474608e+02
-1.125748828960383605e+02
-1.125781429772245588e+02
-1.125813877228084152e+02
-1.125846172049405993e+02
-1.125878314954447745e+02
-1.125910306657856665e+02
-1.125942147871099621e+02
-1.125973839302245807e+02
-1.126005381655959496e+02
-1.126036775633599518e+02
-1.126068021933288179e+02
-1.126099121249804540e+02
-1.126130074274638559e+02
-1.126160881696083180e+02
-1.126191544199075452e+02
-1.126222062465700304e+02
-1.126252437174232597e+02
-1.126282669000256220e+02
-1.126312758616080600e+02
-1.126342706690681013e+02
-1.126372513889982656e+02
-1.126402180876923040e+02
-1.126431708311079944e+02
-1.126461096849132559e+02
-1.126490347144543733e+02
-1.126519459847769156e+02
-1.126548435605992893e+02
-1.126577275063815904e+02
-1.126605978862275208e+02
-1.126634547639646513e+02
-1.126662982031309355e+02
-1.126691282669322760e+02
-1.126719450183041005e+02
-1.126747485198862933e+02
-1.126775388339909227e+02
-1.126803160226854033e+02
-1.126830801477041035e+02
-1.126858312705120966e+02
-1.126885694522864014e+02
-1.126912947539019285e+02
-1.126940072359586935e+02
-1.126967069587727224e+02
-1.126993939823705944e+02
-1.127020683665067935e+02
-1.127047301706350453e+02
-1.127073794539496276e+02
-1.127100162753617525e+02
-1.127126406934873444e+02
-1.127152527666944053e+02
-1.127178525530561899e+02
-1.127204401103737155e+02
-1.127230154961917492e+02
-1.127255787677649153e+02
-1.127281299820874807e+02
-1.127306691958805942e+02
-1.127331964656029015e+02
-1.127357118474474476e+02
-1.127382153973439074e+02
-1.127407071709536268e+02
-1.127431872236698354e+02
-1.127456556106529177e+02
-1.127481123867683124e+02
-1.127505576066517676e+02
-1.127529913246654303e+02
-1.127554135949205971e+02
-1.127578244712763080e+02
-1.127602240073400992e+02
-1.127626122564564639e+02
-1.127649892717310962e+02
-1.127673551060080541e+02
-1.127697098119033114e+02
-1.127720534417566540e+02
-1.127743860476863205e+02
-1.127767076815478049e+02
-1.127790183949573191e+02
-1.127813182392919060e+02
-1.127836072656979240e+02
-1.127858855250448045e+02
-1.127881530679983371e+02
-1.127904099449738453e+02
-1.127926562061503120e+02
-1.127948919014612983e+02
-1.127971170806217458e+02
-1.127993317930980055e+02
-1.128015360881328490e+02
-1.128037300147274635e+02
-1.128059136216778597e+02
-1.128080869575233010e+02
-1.128102500705752078e+02
-1.128124030089379630e+02
-1.128145458204774201e+02
-1.128166785528243565e+02
-1.128188012534074716e+02
-1.128209139694111087e+02
-1.128230167478213986e+02
-1.128251096353710494e+02
-1.128271926786022163e+02
-1.128292659238212821e+02
-1.128313294171195480e+02
-1.128333832043837504e+02
-1.128354273312659046e+02
-1.128374618432058156e+02
-1.128394867854530190e+02
-1.128415022030136470e+02
-1.128435081406910285e+02
-1.128455046430973425e+02
-1.128474917546067076e+02
-1.128494695194033426e+02
-1.128514379814553195e+02
-1.128533971845191815e+02
-1.128553471721687060e+02
-1.128572879877460764e+02
-1.128592196743970533e+02
-1.128611422750723534e+02
-1.128630558325144904e+02
-1.128649603892654625e+02
-1.128668559876627597e+02
-1.128687426698627689e+02
-1.128706204777875115e+02
-1.128724894532048637e+02
-1.128743496376574740e+02
-1.128762010724932168e+02
-1.128780437988910705e+02
-1.128798778577900634e+02
-1.128817032899900994e+02
-1.128835201360600422e+02
-1.128853284363954543e+02
-1.128871282311886262e+02
-1.128889195604674995e+02
-1.128907024640407286e+02
-1.128924769815557312e+02
-1.128942431524515797e+02
-1.128960010160070340e+02
-1.128977506112883589e+02
-1.128994919772000145e+02
-1.129012251524461590e+02
-1.129029501755697424e+02
-1.129046670849080698e+02
-1.129063759186370817e+02
-1.129080767147457180e+02
-1.129097695110344830e+02
-1.129114543451543256e+02
-1.129131312545401613e+02
-1.129148002764881653e+02
-1.129164614480908142e+02
-1.129181148062803288e+02
-1.129197603878188261e+02
-1.129213982292788501e+02
-1.129230283670751476e+02
-1.129246508374422859e+02
-1.129262656764586694e+02
-1.129278729200183022e+02
-1.129294726038443457e+02
-1.129310647635077345e+02
-1.129326494344001617e+02
-1.129342266517478208e+02
-1.129357964506151575e+02
-1.129373588659021550e+02
-1.129389139323386502e+02
-1.129404616844915239e+02
-1.129420021567746630e+02
-1.129435353834257540e+02
-1.129450613985329710e+02
-1.129465802360224984e+02
-1.129480919296517953e+02
-1.129495965130271173e+02
-1.129510940196062023e+02
-1.129525844826695646e+02
-1.129540679353431187e+02
-1.129555444106137259e+02
-1.129570139413018524e+02
-1.129584765600800011e+02
-1.129599322994509123e+02
-1.129613811917803758e+02
-1.129628232692866305e+02
-1.129642585640061583e+02
-1.129656871078629905e+02
-1.129671089326054698e+02
-1.129685240698491100e+02
-1.129699325510377719e+02
-1.129713344074969541e+02
-1.129727296703687927e+02
-1.129741183706903769e+02
-1.129755005393242158e+02
-1.129768762069992931e+02
-1.129782454042785389e+02
-1.129796081616185290e+02
-1.129809645093130541e+02
-1.129823144774927073e+02
-1.129836580961826655e+02
-1.129849953952548560e+02
-1.129863264044149105e+02
-1.129876511532748111e+02
-1.129889696712691460e+02
-1.129902819877061830e+02
-1.129915881317632937e+02
-1.129928881324767644e+02
-1.129941820187279262e+02
-1.129954698193112250e+02
-1.129967515628193695e+02
-1.129980272777661696e+02
-1.129992969924930151e+02
-1.130005607352390058e+02
-1.130018185340909156e+02
-1.130030704170074642e+02
-1.130043164118174701e+02
-1.130055565462117784e+02
-1.130067908477719101e+02
-1.130080193439128635e+02
-1.130092420619661340e+02
-1.130104590290995077e+02
-1.130116702723543511e+02
-1.130128758186745586e+02
-1.130140756948502769e+02
-1.130152699275461003e+02
