1.382698004718196985e-06
8.121160274222457908e-06
1.891892672859191743e-05
2.647812917617812909e-05
2.734016574759370904e-05
2.526705635757283129e-05
2.411393677605710024e-05
2.344179133758496263e-05
2.306573599518037260e-05
2.286971015879408277e-05
2.277366091262866853e-05
2.272755440437532122e-05
2.270418454652972496e-05
2.269063795812232163e-05
2.268150594941192218e-05
2.267473895951459148e-05
2.266956626754562337e-05
2.266562469648086494e-05
2.266266301676617134e-05
2.266046949011527546e-05
2.265886437075164279e-05
2.265770166769300693e-05
2.265686735102381911e-05
2.265627446809022124e-05
2.265585754456575230e-05
2.265556764246338432e-05
2.265536843958571432e-05
2.265523321943496398e-05
2.265514255427789048e-05
2.265508250243203974e-05
2.265504320054005459e-05
