4.154649577668055649e+00
1.221885196180432942e+01
1.786798997177045933e+01
1.727199300761621359e+01
1.477011269599382004e+01
1.446681152078280164e+01
1.432654215991891178e+01
1.425889397542165860e+01
1.422732100153478996e+01
1.421308722270844882e+01
1.420679034723133149e+01
1.420399426185358038e+01
1.420271694270306995e+01
1.420210469972954925e+01
1.420179439119247178e+01
1.420162894203119741e+01
1.420153728006058635e+01
1.420148517198075133e+01
1.420145505759856874e+01
1.420143746465199008e+01
1.420142710591695590e+01
1.420142096685720290e+01
1.420141730631557486e+01
1.420141511005219215e+01
1.420141378362827034e+01
1.420141297681518999e+01
1.420141248224507180e+01
1.420141217651694099e+01
1.420141198580267172e+01
1.420141186567494884e+01
1.420141178922838243e+01
