0.000000000000000000e+00
1.134589514594687785e-08
3.396170142889957707e-08
4.961467542307121575e-08
3.905359233687531557e-08
-4.474950261602545866e-09
-8.239957834652695027e-08
-2.038923741160861735e-07
-3.923780374248141777e-07
-6.833914015228597073e-07
-1.118475292630261455e-06
-1.740302338773846015e-06
-2.591263978777874462e-06
-3.714816588400600446e-06
-5.157597636791465754e-06
-6.970710165900598832e-06
-9.209729504004299092e-06
-1.193397305199077632e-05
-1.520590388505177995e-05
-1.909125378609558040e-05
-2.365990797286915062e-05
-2.898716452377841587e-05
-3.515485162255360755e-05
-4.225191902161305507e-05
-5.037436035536295648e-05
-5.962452110268815782e-05
-7.010994071492356353e-05
-8.194188784965312513e-05
-9.523372985505856609e-05
-1.100992701036099199e-04
-1.266511915249119824e-04
-1.449997394520070166e-04
-1.652517405402462787e-04
-1.875099855269566566e-04
-2.118729212146858534e-04
-2.384345316329904119e-04
-2.672842599857163434e-04
-2.985068419183714225e-04
-3.321819746186491554e-04
-3.683838169427731545e-04
-4.071803816995122629e-04
-4.486329267273392600e-04
-4.927954688465190905e-04
-5.397145342974331772e-04
-5.894292259410519302e-04
-6.419716418648147406e-04
-6.973676285836271586e-04
-7.556378079112758325e-04
-8.167987843379524238e-04
-8.808644250557431813e-04
-9.478471080480284578e-04
-1.017758852189369970e-03
-1.090612271838265791e-03
-1.166421329285670513e-03
-1.245201888896359330e-03
-1.326972095493391887e-03
-1.411752612171878786e-03
-1.499566753243169797e-03
-1.590440541247998066e-03
-1.684402705301288284e-03
-1.781484624993411904e-03
-1.881720212934969274e-03
-1.985145720594506166e-03
-2.091799451845622639e-03
-2.201721368443859857e-03
-2.314952579830908443e-03
-2.431534717908535523e-03
-2.551509207019073307e-03
-2.674916448156571154e-03
-2.801794941578172882e-03
-2.932180378298226021e-03
-3.066104728185746128e-03
-3.203595352613842259e-03
-3.344674164954914916e-03
-3.489356857465033320e-03
-3.637652208390545171e-03
-3.789561477180998592e-03
-3.945077895534282973e-03
-4.104186256007501775e-03
-4.266862601177940501e-03
-4.433074015241215797e-03
-4.602778520162496487e-03
-4.775925079055332034e-03
-4.952453707172266816e-03
-5.132295694660725903e-03
-5.315373938620428750e-03
-5.501603383134337499e-03
-5.690891562233235668e-03
-5.883139238506703006e-03
-6.078241124513531282e-03
-6.276086677100218073e-03
-6.476560946359435390e-03
-6.679545463261478931e-03
-6.884919148507285223e-03
-7.092559222566830433e-03
-7.302342102839614289e-03
-7.514144268871683109e-03
-7.727843081611300048e-03
-7.943317543215517793e-03
-8.160448986534032251e-03
-8.379121681881060088e-03
-8.599223357671458012e-03
-8.820645625711848875e-03
-9.043284308372999403e-03
-9.267039665412708793e-03
-9.491816520941611171e-03
-9.717524289331728668e-03
-9.944076907997267262e-03
-1.017139267893991082e-02
-1.039939402706069674e-02
-1.062800718343006635e-02
-1.085716180376647064e-02
-1.108679053013403304e-02
-1.131682851132586633e-02
-1.154721289025203122e-02
-1.177788227306514161e-02
-1.200877619096312257e-02
-1.223983456484582441e-02
-1.247099718535580465e-02
-1.270220321747624406e-02
-1.293339074143169502e-02
-1.316449633693685985e-02
-1.339545471731744784e-02
-1.362619841990244177e-02
-1.385665756046948992e-02
-1.408675964866399309e-02
-1.431642947554401246e-02
-1.454558906500244900e-02
-1.477415769856712385e-02
-1.500205200323829341e-02
-1.522918610402930646e-02
-1.545547184166081063e-02
-1.568081903990452622e-02
-1.590513583062241887e-02
-1.612832901616224543e-02
-1.635030447633128298e-02
-1.657096759816139783e-02
-1.679022373510829710e-02
-1.700797867303860053e-02
-1.722413910968392109e-02
-1.743861312466683106e-02
-1.765131064737215580e-02
-1.786214390005684896e-02
-1.807102782462631507e-02
-1.827788047125379969e-02
-1.848262335885903981e-02
-1.868518178677097685e-02
-1.888548510951276044e-02
-1.908346695544342608e-02
-1.927906540329727206e-02
-1.947222309888352321e-02
-1.966288732813189361e-02
-1.985101003027077773e-02
-2.003654776935694451e-02
-2.021946164933386206e-02
-2.039971719263333066e-02
-2.057728416865506685e-02
-2.075213639358566148e-02
-2.092425148874041407e-02
-2.109361061991387593e-02
-2.126019820542444927e-02
-2.142400161590105392e-02
-2.158501085364524300e-02
-2.174321823471422541e-02
-2.189861806138021852e-02
-2.205120630776994176e-02
-2.220098030783556817e-02
-2.234793845753460517e-02
-2.249207994137133321e-02
-2.263340447060071398e-02
-2.277191205574425475e-02
-2.290760279633440727e-02
-2.304047670930773478e-02
-2.317053357823643800e-02
-2.329777284323806055e-02
-2.342219351513249309e-02
-2.354379412161838533e-02
-2.366257269066326246e-02
-2.377852675350295222e-02
-2.389165338508104919e-02
-2.400194926255162439e-02
-2.410941074779000479e-02
-2.421403399701911249e-02
-2.431581508035319389e-02
-2.441475011670386774e-02
-2.451083542668132734e-02
-2.460406768560500362e-02
-2.469444408213336203e-02
-2.478196248504447793e-02
-2.486662160040101210e-02
-2.494842112500168796e-02
-2.502736189889137944e-02
-2.510344604001312277e-02
-2.517667706958624102e-02
-2.524706002054699985e-02
-2.531460153677369748e-02
-2.537930994697219431e-02
-2.544119532327762320e-02
-2.550026951826124891e-02
-2.555654618914594486e-02
-2.561004079489354393e-02
-2.566077057729958949e-02
-2.570875452331193578e-02
-2.575401330972420383e-02
-2.579656923144205138e-02
-2.583644611476944644e-02
-2.587366921520909205e-02
-2.590826511061262993e-02
-2.594026157692207873e-02
-2.596968745956568236e-02
-2.599657253901369730e-02
-2.602094739278678834e-02
-2.604284325598178740e-02
-2.606229188234673519e-02
-2.607932540784605596e-02
-2.609397621853334903e-02
-2.610627682441167552e-02
-2.611625974080497570e-02
-2.612395737859106795e-02
-2.612940194445692588e-02
-2.613262535421524355e-02
-2.613365915106960133e-02
-2.613253444386087754e-02
-2.612928185459762950e-02
-2.612393147895141626e-02
-2.611651285941429118e-02
-2.610705497083113877e-02
-2.609558621782126150e-02
-2.608213444548675153e-02
-2.606672695389775779e-02
-2.604939052978780950e-02
-2.603015148348336583e-02
-2.600903569351417990e-02
-2.598606865954191519e-02
-2.596127555361841394e-02
-2.593468128289279015e-02
-2.590631055145604239e-02
-2.587618792572589366e-02
-2.584433789309749721e-02
-2.581078492727461454e-02
-2.577555354796816356e-02
-2.573866837961883910e-02
-2.570015419928895276e-02
-2.566003598731226437e-02
-2.561833897098328428e-02
-2.557508865539736415e-02
-2.553031085555684462e-02
-2.548403171803774458e-02
-2.543627773770653494e-02
-2.538707576072184169e-02
-2.533645298790020844e-02
-2.528443696973289856e-02
-2.523105558845394752e-02
-2.517633704133382180e-02
-2.512030981677039823e-02
-2.506300265895351070e-02
-2.500444453736827555e-02
-2.494466460226158616e-02
-2.488369214498734050e-02
-2.482155655434091154e-02
-2.475828726482473541e-02
-2.469391371161251680e-02
-2.462846528376017724e-02
-2.456197127179922390e-02
-2.449446082586456339e-02
-2.442596290572386294e-02
-2.435650624117444846e-02
-2.428611929380330298e-02
-2.421483021616623738e-02
-2.414266682400594000e-02
-2.406965656285414354e-02
-2.399582648876543572e-02
-2.392120324354408620e-02
-2.384581304465743443e-02
-2.376968166949972039e-02
-2.369283445246919695e-02
-2.361529628473216583e-02
-2.353709161237838021e-02
-2.345824444759810057e-02
-2.337877837416810212e-02
-2.329871656551972536e-02
-2.321808179846876485e-02
-2.313689647011601264e-02
-2.305518262353746864e-02
-2.297296196533478441e-02
-2.289025589407580816e-02
-2.280708552196423697e-02
-2.272347169778228884e-02
-2.263943503563476192e-02
-2.255499593615115789e-02
-2.247017460954834484e-02
-2.238499109708362925e-02
-2.229946529171684955e-02
-2.221361695320133584e-02
-2.212746572899597711e-02
-2.204103116554432043e-02
-2.195433272074309716e-02
-2.186738977031773071e-02
-2.178022161691996195e-02
-2.169284748916486955e-02
-2.160528654467466433e-02
-2.151755786801707801e-02
-2.142968046834593104e-02
-2.134167326903620501e-02
-2.125355510193384367e-02
-2.116534469678114927e-02
-2.107706066933078687e-02
-2.098872150814505219e-02
-2.090034556032816307e-02
-2.081195101642592526e-02
-2.072355589474741272e-02
-2.063517802538199913e-02
-2.054683503418499105e-02
-2.045854432699126257e-02
-2.037032307429983286e-02
-2.028218819665240924e-02
-2.019415635090938618e-02
-2.010624391760432172e-02
-2.001846698953422057e-02
-1.993084136171669948e-02
-1.984338252114638962e-02
-1.975610564364923410e-02
-1.966902558583793342e-02
-1.958215688167639495e-02
-1.949551374036702714e-02
-1.940911004579510060e-02
-1.932295935748895577e-02
-1.923707491305208517e-02
-1.915146963198905219e-02
-1.906615612081391520e-02
-1.898114667931052879e-02
-1.889645330620389960e-02
-1.881208771103102390e-02
-1.872806132044166696e-02
-1.864438528796958164e-02
-1.856107050389898053e-02
-1.847812760533371415e-02
-1.839556698632309820e-02
-1.831339880792368438e-02
-1.823163300806929579e-02
-1.815027931111621792e-02
-1.806934723541436805e-02
-1.798884610540842088e-02
-1.790878505706471058e-02
-1.782917304538522360e-02
-1.775001885083121386e-02
-1.767133108487369333e-02
-1.759311819464995028e-02
-1.751538846673771424e-02
-1.743815003006015871e-02
-1.736141085793426950e-02
-1.728517876783627200e-02
-1.720946142521837668e-02
-1.713426634082722277e-02
-1.705960087005319384e-02
-1.698547221137320512e-02
-1.691188740422795364e-02
-1.683885332642659841e-02
-1.676637669119148549e-02
-1.669446404394577324e-02
-1.662312175893218558e-02
-1.655235603574722880e-02
-1.648217289452559575e-02
-1.641257817573497924e-02
-1.634357753474501365e-02
-1.627517643919677848e-02
-1.620738016639104717e-02
-1.614019380101052240e-02
-1.607362223323667225e-02
-1.600767015732805845e-02
-1.594234207070657078e-02
-1.587764227357377558e-02
-1.581357486906766543e-02
-1.575014376265414587e-02
-1.568735266645109386e-02
-1.562520509884065059e-02
-1.556370438710146832e-02
-1.550285367023815884e-02
-1.544265590223406308e-02
-1.538311385569687828e-02
-1.532423012587771048e-02
-1.526600713502803373e-02
-1.520844713704123247e-02
-1.515155222232057557e-02
-1.509532432281603977e-02
-1.503976521717563519e-02
-1.498487653595746184e-02
-1.493065976565092177e-02
-1.487711625668034984e-02
-1.482424722649546174e-02
-1.477205376484620920e-02
-1.472053683860233449e-02
-1.466969729632653513e-02
-1.461953587257668399e-02
-1.457005319193200449e-02
-1.452124977273166681e-02
-1.447312603050694875e-02
-1.442568228109002149e-02
-1.437891874339075442e-02
-1.433283554184057625e-02
-1.428743270850858435e-02
-1.424271018489950587e-02
-02
