0.000000000000000000e+00
-3.781056761785054124e-05
-1.030914010033772928e-04
-1.904358018126026434e-04
-2.954793011739311392e-04
-4.145950952748650073e-04
-5.455411140931430009e-04
-6.878630922455343825e-04
-8.427080695332956348e-04
-1.012245835569299023e-03
-1.199004891872499506e-03
-1.405323152391321122e-03
-1.632991814108674007e-03
-1.883095970377494282e-03
-2.156019302891082345e-03
-2.451565575086155514e-03
-2.769146968044543071e-03
-3.107993528555756321e-03
-3.467346098935239831e-03
-3.846605369803206189e-03
-4.245421220562831111e-03
-4.663718337709277066e-03
-5.101664857691634407e-03
-5.559598930086739194e-03
-6.037932519679699642e-03
-6.537052163273926290e-03
-7.057233341738977823e-03
-7.598579796191093361e-03
-8.160992901551648165e-03
-8.744170374439355284e-03
-9.347629052193762861e-03
-9.970743723880090212e-03
-1.061279310347752226e-02
-1.127300476852322215e-02
-1.195059279068499264e-02
-1.264478431474004051e-02
-1.335483395810936613e-02
-1.408002716554584283e-02
-1.481967526174429034e-02
-1.557310576577866125e-02
-1.633965158675711876e-02
-1.711864215295455863e-02
-1.790939855441181505e-02
-1.871123364352733284e-02
-1.952345695744120424e-02
-2.034538347610704428e-02
-2.117634469576000489e-02
-2.201570031569259622e-02
-2.286284896354163348e-02
-2.371723674163785794e-02
-2.457836286162394870e-02
-2.544578214341644204e-02
-2.631910460150250694e-02
-2.719799266472352345e-02
-2.808215675505056769e-02
-2.897134997728450373e-02
-2.986536258142123701e-02
-3.076401668725044225e-02
-3.166716155351731454e-02
-3.257466947331483231e-02
-3.348643221542967063e-02
-3.440235782801780162e-02
-3.532236757698292706e-02
-3.624639281409013786e-02
-3.717437162393632394e-02
-3.810624518436481201e-02
-3.904195386257715283e-02
-3.998143314563350204e-02
-4.092460955848856163e-02
-4.187139674471309497e-02
-4.282169188922384240e-02
-4.377537263104819970e-02
-4.473229457554026706e-02
-4.569228946695381294e-02
-4.665516403506508175e-02
-4.762069949063073293e-02
-4.858865161084194306e-02
-4.955875134834585027e-02
-5.053070588463019763e-02
-5.150420005619547187e-02
-5.247889809125130117e-02
-5.345444560661326283e-02
-5.443047182693599995e-02
-5.540659199005060209e-02
-5.638240991811729885e-02
-5.735752072327512940e-02
-5.833151361784123107e-02
-5.930397479297155883e-02
-6.027449032542452761e-02
-6.124264905917723573e-02
-6.220804542047148056e-02
-6.317028211088371314e-02
-6.412897263154955507e-02
-6.508374359733992698e-02
-6.603423679887167330e-02
-6.698011099302715599e-02
-6.792104339759724718e-02
-6.885673088009736098e-02
-6.978689083739939014e-02
-7.071126177128150836e-02
-7.162960356060607547e-02
-7.254169745358682309e-02
-7.344734578943740155e-02
-7.434637146927992879e-02
-7.523861719699820316e-02
-7.612394451465738510e-02
-7.700223264812565416e-02
-7.787337720070061642e-02
-7.873728871403000429e-02
-7.959389112608009076e-02
-8.044312015507354419e-02
-8.128492164060906189e-02
-8.211924986278547334e-02
-8.294606587994550473e-02
-8.376533590166353183e-02
-8.457702972976026412e-02
-8.538111929158020974e-02
-8.617757727210396956e-02
-8.696637586744990212e-02
-8.774748568593429554e-02
-8.852087479869139020e-02
-8.928650794828089932e-02
-9.004434591997650950e-02
-9.079434507596571835e-02
-9.153645705746724093e-02
-9.227062864388550778e-02
-9.299680177114762192e-02
-9.371491369157880502e-02
-9.442489727592562332e-02
-9.512668143604786908e-02
-9.582019165628186119e-02
-9.650535062911970441e-02
-9.718207896227880338e-02
-9.785029595947637715e-02
-9.850992043910641871e-02
-9.916087159365179204e-02
-9.980306985322484614e-02
-1.004364377576958539e-01
-1.010609008012358923e-01
-1.016763882562303073e-01
-1.022828339418838245e-01
-1.028801769476665323e-01
-1.034683622791216784e-01
-1.040473414398277591e-01
-1.046170729196859855e-01
-1.051775226071676034e-01
-1.057286640984992920e-01
-1.062704789252287979e-01
-1.068029566759096244e-01
-1.073260950369186173e-01
-1.078398997306669743e-01
-1.083443843793831657e-01
-1.088395702748809896e-01
-1.093254860851138044e-01
-1.098021674796021141e-01
-1.102696567065197114e-01
-1.107280021046620766e-01
-1.111772575843694155e-01
-1.116174820612071267e-01
-1.120487388770471937e-01
-1.124710951923987984e-01
-1.128846213845126345e-01
-1.132893904346732733e-01
-1.136854773384541051e-01
-1.140729585215229241e-01
-1.144519112934773847e-01
-1.148224133247273404e-01
-1.151845421595879687e-01
-1.155383747837773478e-01
-1.158839872245404079e-01
-1.162214542146802337e-01
-1.165508488952982924e-01
-1.168722425858125247e-01
-1.171857045950140258e-01
-1.174913020992029711e-01
-1.177891000638594809e-01
-1.180791612149660469e-01
-1.183615460701244876e-01
-1.186363130009354255e-01
-1.189035183501461063e-01
-1.191632165764822393e-01
-1.194154604309253659e-01
-1.196603011719606924e-01
-1.198977887933379421e-01
-1.201279722681615758e-01
-1.203508998165828681e-01
-1.205666191702201295e-01
-1.207751778375600465e-01
-1.209766233778464123e-01
-1.211710036572878763e-01
-1.213583670927246005e-01
-1.215387628908306816e-01
-1.217122412583478003e-01
-1.218788535931432243e-01
-1.220386526474647043e-01
-1.221916926756123345e-01
-1.223380295436017201e-01
-1.224777208127182521e-01
-1.226108257904782867e-01
-1.227374055626790916e-01
-1.228575229868086593e-01
-1.229712426601986819e-01
-1.230786308618379982e-01
-1.231797554693044028e-01
-1.232746858528252359e-01
-1.233634927487595734e-01
-1.234462481115060489e-01
-1.235230249605275832e-01
-1.235938972049625689e-01
-1.236589394614485277e-01
-1.237182268657031764e-01
-1.237718348806085833e-01
-1.238198391037207829e-01
-1.238623150770311598e-01
-1.238993381016748052e-01
-1.239309830601147550e-01
-1.239573242481314674e-01
-1.239784352187114913e-01
-1.239943886396750183e-01
-1.240052561666058067e-01
-1.240111083357469529e-01
-1.240120144643316602e-01
-1.240080425789222146e-01
-1.239992593596856707e-01
-1.239857301031140197e-01
-1.239675187032358294e-01
-1.239446876508619316e-01
-1.239172980501557081e-01
-1.238854096548939188e-01
-1.238490809099766082e-01
-1.238083690164430012e-01
-1.237633300061631997e-01
-1.237140188269676006e-01
-1.236604894400351734e-01
-1.236027949144486299e-01
-1.235409875367667887e-01
-1.234751189213843525e-01
-1.234052401256075654e-01
-1.233314017544552554e-01
-1.232536540734189695e-01
-1.231720471150208746e-01
-1.230866307834307671e-01
-1.229974549427567260e-01
-1.229045695075117461e-01
-1.228080245251798874e-01
-1.227078702388083031e-01
-1.226041571494346505e-01
-1.224969360650695754e-01
-1.223862581416299000e-01
-1.222721749030074995e-01
-1.221547382595747772e-01
-1.220340005163919883e-01
-1.219100143609260084e-01
-1.217828328503143959e-01
-1.216525093898285503e-01
-1.215190976928930272e-01
-1.213826517462519849e-01
-1.212432257555690202e-01
-1.211008740951516199e-01
-1.209556512535670120e-01
-1.208076117655275672e-01
-1.206568101512361518e-01
-1.205033008549435541e-01
-1.203471381734927542e-01
-1.201883761985974297e-01
-1.200270687483229876e-01
-1.198632693111418429e-01
-1.196970309940694477e-01
-1.195284064654424799e-01
-1.193574479155705276e-01
-1.191842070105053886e-01
-1.190087348649225135e-01
-1.188310820084347158e-01
-1.186512983719834741e-01
-1.184694332675614303e-01
-1.182855353849591035e-01
-1.180996527953187408e-01
-1.179118329512267860e-01
-1.177221227056973185e-01
-1.175305683244265292e-01
-1.173372155158991514e-01
-1.171421094572131366e-01
-1.169452948225715438e-01
-1.167468158267593314e-01
-1.165467162572621507e-01
-1.163450395220983064e-01
-1.161418286891462565e-01
-1.159371265252340799e-01
-1.157309755462580664e-01
-1.155234180561425655e-01
-1.153144961874065372e-01
-1.151042519398784852e-01
-1.148927272195965216e-01
-1.146799638638229812e-01
-1.144660036767368855e-01
-1.142508884668998331e-01
-1.140346600616824468e-01
-1.138173603221033087e-01
-1.135990311599402725e-01
-1.133797145430956721e-01
-1.131594525014425756e-01
-1.129382871273574424e-01
-1.127162605745147816e-01
-1.124934150442371966e-01
-1.122697927752278474e-01
-1.120454360283148348e-01
-1.118203870677037665e-01
-1.115946881393666268e-01
-1.113683814469886707e-01
-1.111415091259188442e-01
-1.109141132155867931e-01
-1.106862356308515594e-01
-1.104579181327446785e-01
-1.102292022990585957e-01
-1.100001294952183961e-01
-1.097707408458485634e-01
-1.095410772074206368e-01
-1.093111791423327928e-01
-1.090810868947356821e-01
-1.088508403683782627e-01
-1.086204791037369832e-01
-1.083900422662658070e-01
-1.081595686291913078e-01
-1.079290965609289027e-01
-1.076986640155203900e-01
-1.074683085258507087e-01
-1.072380671995856738e-01
-1.070079767177344460e-01
-1.067780733357055062e-01
-1.065483928866974711e-01
-1.063189707872376766e-01
-1.060898420417412946e-01
-1.058610412573180726e-01
-1.056326026520741368e-01
-1.054045600665303728e-01
-1.051769469762213749e-01
-1.049497965049532300e-01
-1.047231414384165865e-01
-1.044970142378640887e-01
-1.042714470535714977e-01
-1.040464717378240117e-01
-1.038221198543597124e-01
-1.035984226951906922e-01
-1.033754112885779675e-01
-1.031531164076078255e-01
-1.029315685776141381e-01
-1.027107980820985839e-01
-1.024908349670475421e-01
-1.022717090435741466e-01
-1.020534498888482078e-01
-1.018360868453121459e-01
-1.016196490154679388e-01
-1.014041652630877643e-01
-1.011896642054024575e-01
-1.009761742056786565e-01
-1.007637233647467878e-01
-1.005523395113959439e-01
-1.003420501917728774e-01
-1.001328826579358372e-01
-9.992486385572639518e-02
-9.971802041213410905e-02
-9.951237862233520970e-02
-9.930796443397800488e-02
-9.910480343914833401e-02
-9.890292085945144585e-02
-9.870234153319737413e-02
-9.850308990336155424e-02
-9.830519000625158321e-02
-9.810866546098677421e-02
-9.791353945988584551e-02
-9.771983475984286072e-02
-9.752757367475961559e-02
-9.733677806908898333e-02
-9.714746934994376859e-02
-9.695966846792200555e-02
-9.677339591210988579e-02
-9.658867170793691836e-02
-9.640551541639290345e-02
-9.622394613435251987e-02
-9.604398249592761838e-02
-9.586564267475750079e-02
-9.568894438713956840e-02
-9.551390489589851873e-02
-9.534054101489178312e-02
-9.516886911404183469e-02
-9.499890512478637028e-02
-9.483066454583272131e-02
-9.466416244668519886e-02
-9.449941347831483651e-02
-9.433643187728538160e-02
-9.417523147134423955e-02
-9.401582568502347970e-02
-9.385822754497888387e-02
-9.370244968497459803e-02
-9.354850435043580992e-02
-9.339640340250185413e-02
-9.324615832153067274e-02
-9.309778021002064474e-02
-9.295127979492945336e-02
-9.280666742938088742e-02
-9.266395309376219969e-02
-9.252314639622495618e-02
