-8.000047507298458963e-06
-2.400095841843370796e-05
-4.800718981691393962e-05
-8.003134080455064341e-05
-1.200927298355780826e-04
-1.681967633803647672e-04
-2.242887402138899974e-04
-2.881965706076070662e-04
-3.595962271892690293e-04
-4.380331152233727255e-04
-5.230089164108274761e-04
-6.141120249991448895e-04
-7.111500975867376473e-04
-8.142446968734814387e-04
-9.238657489313129674e-04
-1.040805631850741332e-03
-1.166108961399935908e-03
-1.300980504720383084e-03
-1.446691629319837510e-03
-1.604499248200904390e-03
-1.775584069990084231e-03
-1.961009312692781059e-03
-2.161697580238900514e-03
-2.378422065953824261e-03
-2.611808005538908059e-03
-2.862340742490871413e-03
-3.130377461496591535e-03
-3.416160359406994300e-03
-3.719829675213386089e-03
-4.041435585079447904e-03
-4.380948501813028591e-03
-4.738267800120432582e-03
-5.113229390960986193e-03
-5.505612841152189574e-03
-5.915148829332670527e-03
-6.341527621578931136e-03
-6.784408954637567365e-03
-7.243433290527937288e-03
-7.718233943575333010e-03
-8.208449180780737209e-03
-8.713733146172630839e-03
-9.233764412622975926e-03
-9.768251130147773131e-03
-1.031693208460828307e-02
-1.087957343966914139e-02
-1.145596142773602950e-02
-1.204589170333949383e-02
-1.264915641329875454e-02
-1.326553023392208069e-02
-1.389475666567871991e-02
-1.453653577377205137e-02
-1.519051434910536312e-02
-1.585627917944426937e-02
-1.653335380692013551e-02
-1.722119884428539860e-02
-1.791921565802253452e-02
-1.862675302058192442e-02
-1.934311619521652745e-02
-2.006757784375398299e-02
-2.079939013113512800e-02
-2.153779742860374713e-02
-2.228204907380279889e-02
-2.303141171826166012e-02
-2.378518086855085228e-02
-2.454269129971573676e-02
-2.530332608502029040e-02
-2.606652404405455925e-02
-2.683178546475967555e-02
-2.759867600698194534e-02
-2.836682874922458186e-02
-2.913594439830227700e-02
-2.990578974365179152e-02
-3.067619450235753095e-02
-3.144704676358332784e-02
-3.221828729765043725e-02
-3.298990303986035211e-02
-3.376192008800901062e-02
-3.453439656185962325e-02
-3.530741566131888332e-02
-3.608107922769931281e-02
-3.685550206206912593e-02
-3.763080718997657836e-02
-3.840712218842706055e-02
-3.918457661398652009e-02
-3.996330049649758631e-02
-4.074342379645844170e-02
-4.152507666834607397e-02
-4.230839033240871988e-02
-4.309349833173627131e-02
-4.388053794345871117e-02
-4.466965151864182165e-02
-4.546098754516543494e-02
-4.625470125754382877e-02
-4.705095465575684366e-02
-4.784991583772614521e-02
-4.865175759552374524e-02
-4.945665527003555162e-02
-5.026478390171235794e-02
-5.107631475375985775e-02
-5.189141131698098847e-02
-5.271022493229943207e-02
-5.353289018644893926e-02
-5.435952024709568564e-02
-5.519020230803359933e-02
-5.602499330963654767e-02
-5.686391608866045444e-02
-5.770695609280018790e-02
-5.855405877082214827e-02
-5.940512772072966546e-02
-6.026002364768375669e-02
-6.111856414956882977e-02
-6.198052431732235107e-02
-6.284563810636301096e-02
-6.371360040926769830e-02
-6.458406973843630605e-02
-6.545667141089317465e-02
-6.633100111843369395e-02
-6.720662876145654108e-02
-6.808310242828369274e-02
-6.895995240871619081e-02
-6.983669514319928995e-02
-7.071283702414016270e-02
-7.158787798439880667e-02
-7.246131482592584050e-02
-7.333264426121507973e-02
-7.420136565664782469e-02
-7.506698348344270633e-02
-7.592900949316590264e-02
-7.678696464584662540e-02
-7.764038082346570724e-02
-7.848880236557335965e-02
-7.933178746262711800e-02
-8.016890944013078946e-02
-8.099975796106376191e-02
-8.182394016729729880e-02
-8.264108177268322808e-02
-8.345082811230647435e-02
-8.425284514403055813e-02
-8.504682039187835829e-02
-8.583246381357452492e-02
-8.660950857156529681e-02
-8.737771168234800823e-02
-8.813685451999801745e-02
-8.888674314840905311e-02
-8.962720846177567313e-02
-9.035810611397331049e-02
-9.107931622596475429e-02
-9.179074286250059334e-02
-9.249231327945320325e-02
-9.318397694555384525e-02
-9.386570435355764963e-02
-9.453748563441884134e-02
-9.519932900266760145e-02
-9.585125905219010756e-02
-9.649331494144548771e-02
-9.712554848649287975e-02
-9.774802221198380936e-02
-9.836080736574341621e-02
-9.896398196502474709e-02
-9.955762884849590766e-02
-1.001418338391401319e-01
-1.007166839240195289e-01
-1.012822656436738744e-01
-1.018386634467157159e-01
-1.023859584151822766e-01
-1.029242267697377117e-01
-1.034535390815733008e-01
-1.039739587664346848e-01
-1.044855420885960756e-01
-1.049883361688568606e-01
-1.054823805437012790e-01
-1.059677034122993439e-01
-1.064443268001804693e-01
-1.069122575954228327e-01
-1.073715019888365624e-01
-1.078220417218861416e-01
-1.082638738600877615e-01
-1.086969449442975605e-01
-1.091212625889548260e-01
-1.095367076777302440e-01
-1.099433555341551572e-01
-1.103409269355958150e-01
-1.107297364876767692e-01
-1.111090489658341229e-01
-1.114799501788569375e-01
-1.118403082726528719e-01
-1.121936747064221640e-01
-1.125334757809637182e-01
-1.128712549990976977e-01
-1.131859422038110491e-01
-1.135154903218259653e-01
-1.137904718711671148e-01
-1.141378968879276923e-01
-1.143237554686433316e-01
-1.147815244465076462e-01
-1.147067310326119055e-01
-1.156097796674389611e-01
-1.146807092236579173e-01
-1.173064446733173144e-01
-1.136139396466863266e-01
-1.227912030608200727e-01
-1.117288042922831709e-01
-1.187792829625779339e-01
-1.105392236742703260e-01
-1.260663720318065117e-01
-1.107378616642344382e-01
-1.130453425200825673e-01
-1.087530068125926591e-01
-1.139405289286089806e-01
-1.087287219156255619e-01
-1.154536534266070030e-01
-1.084037097660825316e-01
-1.166466369932799840e-01
-1.080722848585490559e-01
-1.173825903670817350e-01
-1.078054160105220566e-01
-1.180678659903759836e-01
-1.076130382154726617e-01
-1.184054127394963407e-01
-1.074343814228032462e-01
-1.191033118178395078e-01
-1.073142344836829493e-01
-1.186951191854118265e-01
-1.070731786971032828e-01
-1.207774612049094670e-01
-1.070942801345469986e-01
-1.154213688620520650e-01
-1.061701068025073802e-01
-1.234528444088747595e-01
-1.066648504250274077e-01
-1.063991114565419477e-01
-1.034368100422647513e-01
-1.049313937556190929e-01
-1.030200704688926661e-01
-1.043767893454611712e-01
-1.026233478339872301e-01
-1.040942458298485945e-01
-1.022833624578890488e-01
-1.040872271944475180e-01
-1.019647270063267636e-01
-1.043895230416097553e-01
-1.015828496415062676e-01
-1.050945154504279860e-01
-1.010404802917443390e-01
-1.063063793834200799e-01
-1.003216903309389341e-01
-1.076427866730250427e-01
-9.954929140134823051e-02
-1.081114039237311836e-01
-9.877473880783084470e-02
-1.084178103096100076e-01
-9.801228229677752535e-02
-1.078840355497775877e-01
-9.716194604412942137e-02
-1.076506587838566564e-01
-9.633742201339623445e-02
-1.057864262307153247e-01
-9.536229618754495096e-02
-1.059575940512035158e-01
-9.465213677900460865e-02
-1.027179190564192768e-01
-9.362761434899764812e-02
-1.040436602017734274e-01
-9.311355379002118904e-02
-1.003632264231003740e-01
-9.208786149992988224e-02
-1.025224439075760469e-01
-9.159557004072903241e-02
-9.876300565194523484e-02
-9.044901707462117690e-02
-1.016909239571955337e-01
-8.983222093117194940e-02
-9.607576768515349586e-02
-8.825537079876978608e-02
-9.884847444662811511e-02
-8.737401899565107322e-02
-9.311170007884396471e-02
-8.554477460339786343e-02
-9.413694936047213579e-02
-8.432630801883607419e-02
-9.047383593297857185e-02
-8.258486807587028800e-02
-8.962128116532755429e-02
-8.112884320736685195e-02
-8.688020930292303379e-02
-7.947410831260803832e-02
-8.478049399069356729e-02
-7.792178312941333562e-02
-8.233489983115843680e-02
-7.635077152443048298e-02
-7.994316601583351112e-02
-7.481776643365720125e-02
-7.759839941281998499e-02
-7.331048636701566201e-02
-7.533952568935625704e-02
-7.182443038856962947e-02
-7.317685952162888974e-02
-7.034820022501922510e-02
-7.111093123191909726e-02
-6.887027500946495129e-02
-6.914268335920596698e-02
-6.738388569155943919e-02
-6.727721049517623730e-02
-6.589160950181847942e-02
-6.552087957918102668e-02
-6.440678888693675275e-02
-6.387641785976196085e-02
-6.294942552901718058e-02
-6.234038176549312055e-02
-6.153836601006062307e-02
-6.090375329007367833e-02
-6.018512893769079747e-02
-5.955415968356518597e-02
-5.889259119573427709e-02
-5.827827182121853716e-02
-5.765734628913248005e-02
-5.706357593327673894e-02
-5.647286860261871433e-02
-5.589916407099252554e-02
-5.533163784592307066e-02
-5.477558857654486052e-02
-5.422590789719523852e-02
-5.368418077094795626e-02
-5.314767025831398234e-02
-5.261636908374568711e-02
-5.208849817278066174e-02
-5.156339029358701642e-02
-5.103968248625535137e-02
-5.051649204887552480e-02
-4.999270537601459286e-02
-4.946745615665427975e-02
-4.893984963626602652e-02
-4.840915261305422240e-02
-4.787468397557875788e-02
-4.733588367980788580e-02
-4.679226429166680884e-02
-4.624343001559362565e-02
-4.568905163608214665e-02
-4.512886782048527307e-02
-4.456267189235143394e-02
-4.399031013705591298e-02
-4.341167684941907995e-02
-4.282671507637293012e-02
-4.223541745878756082e-02
-4.163782969326877692e-02
-4.103405421722875618e-02
-4.042425447112604764e-02
-3.980865861821159674e-02
-3.918756259919799895e-02
-3.856133208166789839e-02
-3.793040327213676594e-02
-3.729528255104326562e-02
-3.665654505185415857e-02
-3.601483231739346924e-02
-3.537084919388495258e-02
-3.472536009207316532e-02
-3.407918470913062770e-02
-3.343319325583750390e-02
-3.278830119380105740e-02
-3.214546345990800663e-02
-3.150566814833952872e-02
-3.086992963274715410e-02
-3.023928114207524373e-02
-2.961476684597546052e-02
-2.899743355310644907e-02
-2.838832217092021604e-02
-2.778845911053394110e-02
-2.719884784160911395e-02
-2.662046080567324197e-02
-2.605423188244624169e-02
-2.550104957456934829e-02
-2.496175103472213913e-02
-2.443711701159860875e-02
-2.392786774145856318e-02
-2.343465976587271252e-02
-2.295808361716614523e-02
-2.249866228384581751e-02
-2.205685034950383844e-02
-2.163303369129239082e-02
-2.122752962542939770e-02
-2.084058739674989405e-02
-2.047238892357083548e-02
-2.012304972666203312e-02
-1.979261998965348851e-02
-1.948108571595174449e-02
-1.918836996380962959e-02
-1.891433415542444901e-02
-1.865877946815496999e-02
-1.842144832601108617e-02
-1.820202601781160251e-02
-1.800014247495199810e-02
-1.781537424649957610e-02
-1.764724671259110256e-02
-1.749523657814607003e-02
-1.735877468784350827e-02
-1.723724919957946369e-02
-1.713000914712716968e-02
-1.703636841341448632e-02
-1.695561012390909769e-02
-1.688699145548417171e-02
-1.682974884043734326e-02
-1.678310352921675089e-02
-1.674626745924424551e-02
-1.671844936275668908e-02
-1.669886103403574185e-02
-1.668672366703194410e-02
-1.668127416849841602e-02
-1.668177134969713038e-02
-1.668750190160884009e-02
-1.669778606402569365e-02
-1.671198290757772500e-02
-1.672949515907772022e-02
-1.674977351372630707e-02
-1.677232039191088250e-02
-1.679669311312358831e-02
-1.682250647382663861e-02
-1.684943472945557227e-02
-1.687721299286949056e-02
-1.690563807172996980e-02
-1.693456877557980925e-02
-1.696392572949500729e-02
-1.699369073503225955e-02
-1.702390572123062967e-02
-1.705467132822468049e-02
-1.708614516435444722e-02
-1.711853977448121039e-02
-1.715212035292580650e-02
-1.718720222941802489e-02
-1.722414815103947769e-02
-1.726336537764353377e-02
-1.730530260314034480e-02
-1.735044671045263970e-02
-1.739931936433759124e-02
-1.745247344385452912e-02
-1.751048931488855681e-02
-1.757397094342888488e-02
-1.764354185158227561e-02
-1.771984092113867981e-02
-1.780351805312972019e-02
-1.789522969654415777e-02
-1.799563426460063301e-02
-1.810538746235116833e-02
-1.822513755490237641e-02
-1.835552061071094032e-02
-1.849715575875410939e-02
-1.865064050211054716e-02
-1.881654613293696002e-02
-1.899541329523424249e-02
-1.918774774193473046e-02
-1.939401633150961146e-02
-1.961464330722132235e-02
-1.985000689846722413e-02
-2.010043627945336947e-02
-2.036620891532118713e-02
-2.064754832019531638e-02
-2.094462224578404544e-02
-2.125754131303232361e-02
-2.158635809355943791e-02
-2.193106664178628290e-02
-2.229160247363495828e-02
-2.266784298279397522e-02
-2.305960828159776127e-02
-2.346666245004019533e-02
-2.388871517372920944e-02
-2.432542374936831966e-02
-2.477639543471417752e-02
-2.524119011900626680e-02
-2.571932328882309965e-02
-2.621026926434162629e-02
-2.671346468025053225e-02
-2.722831218566070313e-02
-2.775418433721696040e-02
-2.829042765915212865e-02
-2.883636684387884397e-02
-2.939130906594197498e-02
-2.995454838166425673e-02
-3.052537018605918501e-02
-3.110305569733381320e-02
-3.168688643901003410e-02
-3.227614868828109634e-02
-3.287013785897532903e-02
-3.346816278681218754e-02
-3.406954988475219964e-02
-3.467364713633269008e-02
-3.527982789566946192e-02
-3.588749446414240402e-02
-3.649608141526037436e-02
-3.710505864131945913e-02
-3.771393409843084438e-02
-3.832225622876808679e-02
-3.892961604307412782e-02
-3.953564884889618214e-02
-4.014003561451155028e-02
-4.074250396182673567e-02
-4.134282878507643949e-02
-4.194083249593315299e-02
-4.253638489893628305e-02
-4.312940270406696863e-02
-4.371984868641524968e-02
-4.430773050525159407e-02
