0.000000000000000000e+00
0.000000000000000000e+00
1.777136262076460249e-01
5.493468928126339357e-01
9.496543094434728438e-01
1.373001476037859936e+00
1.816287419161833672e+00
2.277448067374815643e+00
2.754964243917965572e+00
3.247644667501797144e+00
3.754513256641142771e+00
4.274744011150194645e+00
4.807620422827965534e+00
5.352508704531481420e+00
5.908839348983818240e+00
6.476093985465850800e+00
7.053795756633174818e+00
7.641502121061185981e+00
8.238799380033391628e+00
8.845298463321309868e+00
9.460631656271655032e+00
1.008445004569988690e+01
1.071642152524676206e+01
1.135622924378182574e+01
1.200357041022981086e+01
1.265815538926084471e+01
1.331970703740563877e+01
1.398796024015978823e+01
1.466266161873635276e+01
1.534356938113010749e+01
1.603045329664412222e+01
1.672309477637996267e+01
1.742128704472106548e+01
1.812483538870976929e+01
1.883355747362243093e+01
1.954728371406684317e+01
2.026585769065472675e+01
2.098913660283013982e+01
2.171699174875902116e+01
2.244930902340790624e+01
2.318598942605456159e+01
2.392694956851313037e+01
2.467212217536674501e+01
2.542145656746917481e+01
2.617491911994353160e+01
2.693249368588990578e+01
2.769418197699947015e+01
2.846000389231512173e+01
2.922999778645533908e+01
3.000422066875722038e+01
3.078274832501234215e+01
3.156567535374649225e+01
3.235311510937783908e+01
3.314519954503699495e+01
3.394207894838765327e+01
3.474392156438499057e+01
3.555091309959915691e+01
3.636325610342399983e+01
3.718116922218881371e+01
3.800488632282709744e+01
3.883465548329160555e+01
3.967073784725078411e+01
4.051340634071819125e+01
4.136294424810935055e+01
4.221964364467543618e+01
4.308380368144972294e+01
4.395572871763830136e+01
4.483572629399350262e+01
4.572410493920298791e+01
4.662117179993246197e+01
4.752723008420474571e+01
4.844257630758093569e+01
4.936749733254739425e+01
5.030226719410218550e+01
5.124714370905533656e+01
5.220236487351754562e+01
5.316814506256826434e+01
5.414467105836738625e+01
5.513209794775533368e+01
5.613054494744196887e+01
5.714009123341649854e+01
5.816077187040051655e+01
5.919257395565897184e+01
6.023543310789267480e+01
6.128923044448773538e+01
6.235379019730266492e+01
6.342887811667402076e+01
6.451420080372857058e+01
6.560940609127501943e+01
6.671408456286201272e+01
6.782777225834475132e+01
6.894995456378710230e+01
7.008007122625318175e+01
7.121752237353088333e+01
7.236167535962661645e+01
7.351187220394203337e+01
7.466743735058221887e+01
7.582768544859237636e+01
7.699192884763317579e+01
7.815948451825393306e+01
7.932968014123390788e+01
8.050185916415627219e+01
8.167538469099289955e+01
8.284964214650059944e+01
8.402404073486417246e+01
8.519801378485315979e+01
8.637101813559206676e+01
8.754253276337715306e+01
8.871205687775201909e+01
8.987910772328324072e+01
9.104321831304667967e+01
9.220393529313295744e+01
9.336081709820427932e+01
9.451343251056749750e+01
9.566135968396153544e+01
9.680418564243767321e+01
9.794150621832052650e+01
9.907292635396449043e+01
1.001980606621460339e+02
1.013165341205120598e+02
1.024279827670192020e+02
1.035320542653996085e+02
1.046284082216044453e+02
1.057167161528478516e+02
1.067966610387320117e+02
1.078679364175459483e+02
1.089302450281218739e+02
1.099832970364001170e+02
1.110268079234050873e+02
1.120604961444547456e+02
1.130840806948174588e+02
1.140972787313814791e+02
1.150998034005842214e+02
1.160913620086114406e+02
1.170716546410167638e+02
1.180403732979875429e+02
1.189972015630279714e+02
1.199418147725851753e+02
1.208738806087734901e+02
1.217930600026136148e+02
1.226990082156283677e+02
1.235913759651275257e+02
1.244698104725294314e+02
1.253339563414893121e+02
1.261834562085675628e+02
1.270179511480673256e+02
1.278370808487484283e+02
1.286404836092440860e+02
1.294277962179197345e+02
1.301986537910308357e+02
1.309526896407010952e+02
1.316895352336648841e+02
1.324088202856529222e+02
1.331101730175451507e+02
1.337932205809430570e+02
1.344575896444717387e+02
1.351029071194852804e+02
1.357288009954017696e+02
1.363349012506498923e+02
1.369208408046893055e+02
1.374862564788511747e+02
1.380307899381317043e+02
1.385540885914477371e+02
1.390558064337189421e+02
1.395356048187030922e+02
1.399931531565956107e+02
1.404281295345289209e+02
1.408402212615550866e+02
1.412291253420146688e+02
1.415945488830056433e+02
1.419362094425315206e+02
1.422538353254378194e+02
1.425471658342134162e+02
1.428159514814816475e+02
1.430599541704790738e+02
1.432789473491891954e+02
1.434727161431094089e+02
1.436410574708739318e+02
1.437837801462539744e+02
1.439007049694011187e+02
1.439916648095290554e+02
1.440565046807421936e+02
1.440950818121818031e+02
1.441072657133102837e+02
1.440929382347658532e+02
1.440519936250311446e+02
1.439843385828800137e+02
1.438898923054917987e+02
1.437685865319940319e+02
1.436203655821464054e+02
1.434451863898638919e+02
1.432430185312804269e+02
1.430138442470718019e+02
1.427576584588069863e+02
1.424744687791216506e+02
1.421642955155555512e+02
1.418271716679744259e+02
1.414631429194815837e+02
1.410722676208094697e+02
1.406546167681953534e+02
1.402102739747668068e+02
1.397393354354828432e+02
1.394212962970777880e+02
1.392755554671558116e+02
1.391395245949243531e+02
1.390097942674328522e+02
1.388851992980453360e+02
1.387653724131080253e+02
1.386502744874084669e+02
1.385399937215014745e+02
1.384346492670473765e+02
1.383343431909919730e+02
1.382391370148804697e+02
1.381490416672656352e+02
1.380640154593554030e+02
1.379839674288784863e+02
1.379087645533773809e+02
1.378382416723493122e+02
1.377722129544015957e+02
1.377104836931771388e+02
1.376528612603078443e+02
1.375991642223654878e+02
1.375492289136605564e+02
1.375029130926616858e+02
1.374600966421363069e+02
1.374206795608654943e+02
1.373845777147550962e+02
1.373517169586385194e+02
1.373220263092266009e+02
1.372954308528091474e+02
1.372718450199726306e+02
1.372511667668673851e+02
1.372332730813621140e+02
1.372180170955705876e+02
1.372052269451323525e+02
1.371947063805603193e+02
1.371862370151881407e+02
1.371795819941895616e+02
1.371744907940308735e+02
1.371707048136082960e+02
1.371679633973917305e+02
1.371660099352899636e+02
1.371645977105940517e+02
1.371634952117651665e+02
1.371624906810741322e+02
1.371613957377728923e+02
1.371600479804951078e+02
1.371583125382341279e+02
1.371560825976324338e+02
1.371532789836788879e+02
1.371498489091538318e+02
1.371457640347744302e+02
1.371410179968287082e+02
1.371356235633009248e+02
1.371296095743036005e+02
1.371230178101565116e+02
1.371158999124673130e+02
1.371083144621770771e+02
1.371003242955657129e+02
1.370919941161803024e+02
1.370833884388495392e+02
1.370745698824039494e+02
1.370655978108325996e+02
1.370565273089722496e+02
1.370474084682549005e+02
1.370382859506487137e+02
1.370291987942555068e+02
1.370201804218814061e+02
1.370112588137615717e+02
1.370024568071406748e+02
1.369937924880921400e+02
1.369852796445987053e+02
1.369769282538810842e+02
1.369687449813265516e+02
1.369607336725976268e+02
1.369528958245688273e+02
1.369452310245362412e+02
1.369377373504491118e+02
1.369304117278537092e+02
1.369232502416276418e+02
1.369162484025913500e+02
1.369094013705532689e+02
1.369027041365410184e+02
1.368961516676741894e+02
1.368897390186723442e+02
1.368834614141522081e+02
1.368773143059439974e+02
1.368712934094633340e+02
1.368653947229838082e+02
1.368596145332823539e+02
1.368539494107770906e+02
1.368483961968872791e+02
1.368429519859350592e+02
1.368376141035470539e+02
1.368323800831279300e+02
1.368272476416860002e+02
1.368222146559871533e+02
1.368172791397538504e+02
1.368124392224185897e+02
1.368076931297821659e+02
1.368030391667466574e+02
1.367984757022063320e+02
1.367940011560758364e+02
1.367896139883756064e+02
1.367853126902507199e+02
1.367810957767586046e+02
1.367769617812469107e+02
1.367729092511404758e+02
1.367689367449558517e+02
1.367650428303498700e+02
1.367612260830496496e+02
1.367574850864957057e+02
1.367538184320605694e+02
1.367502247197092515e+02
1.367467025590022445e+02
1.367432505703197876e+02
1.367398673862554404e+02
1.367365516530731782e+02
1.367333020322005268e+02
1.367301172016886710e+02
1.367269958576055444e+02
1.367239367153512433e+02
1.367209385108312176e+02
1.367180000015245298e+02
1.367151199673905921e+02
1.367122972116361552e+02
1.367095305613274263e+02
1.367068188678566401e+02
1.367041610072581079e+02
1.367015558803862803e+02
1.366990024129555081e+02
1.366964995554657492e+02
1.366940462829984426e+02
1.366916415949166890e+02
1.366892845144644184e+02
1.366869740882888777e+02
1.366847093858804669e+02
1.366824894989609618e+02
1.366803135408119374e+02
1.366781806455708761e+02
1.366760899674929135e+02
1.366740406801963275e+02
1.366720319759017457e+02
1.366700630646634522e+02
1.366681331736180880e+02
1.366662415462470506e+02
1.366643874416612618e+02
1.366625701339178818e+02
1.366607889113705596e+02
1.366590430760668369e+02
1.366573319431715561e+02
1.366556548404624323e+02
1.366540111078427060e+02
1.366524000969316432e+02
1.366508211706777729e+02
1.366492737030320086e+02
1.366477570786675244e+02
1.366462706927295869e+02
1.366448139506370580e+02
1.366433862679136837e+02
1.366419870700492822e+02
1.366406157923979663e+02
1.366392718800817931e+02
1.366379547879383267e+02
1.366366639804574561e+02
1.366353989317464652e+02
1.366341591254960690e+02
1.366329440549455398e+02
1.366317532228516427e+02
1.366305861414564617e+02
1.366294423324423519e+02
1.366283213268831958e+02
1.366272226651850019e+02
1.366261458970170679e+02
1.366250905812239864e+02
1.366240562857388170e+02
1.366230425874637149e+02
1.366220490721585747e+02
1.366210753343032707e+02
1.366201209769549223e+02
1.366191856115928545e+02
1.366182688579548596e+02
1.366173703438649909e+02
1.366164897050566083e+02
1.366156265849855345e+02
1.366147806346484117e+02
1.366139515123858530e+02
1.366131388836992073e+02
1.366123424210550752e+02
1.366115618036987200e+02
1.366107967174711177e+02
1.366100468546215438e+02
1.366093119136377823e+02
1.366085915990698538e+02
1.366078856213652273e+02
1.366071936967140914e+02
1.366065155468943431e+02
1.366058508991298766e+02
1.366051994859530794e+02
1.366045610450779577e+02
1.366039353192757915e+02
1.366033220562632664e+02
1.366027210085945001e+02
1.366021319335569046e+02
1.366015545930839892e+02
1.366009887536606868e+02
1.366004341862376634e+02
1.365998906661599221e+02
1.365993579730839542e+02
1.365988358909110616e+02
1.365983242077168143e+02
1.365978227156866467e+02
1.365973312110518521e+02
1.365968494940272535e+02
1.365963773687466869e+02
1.365959146432119553e+02
1.365954611292237360e+02
1.365950166423265557e+02
1.365945810017512656e+02
1.365941540303495287e+02
1.365937355545371474e+02
1.365933254042380725e+02
1.365929234128140024e+02
1.365925294170101552e+02
1.365921432568899831e+02
1.365917647757738962e+02
1.365913938201770748e+02
1.365910302397431622e+02
1.365906738871857726e+02
1.365903246182235193e+02
1.365899822915135360e+02
1.365896467685950881e+02
1.365893179138218727e+02
1.365889955943060272e+02
1.365886796798502587e+02
1.365883700428941552e+02
1.365880665584559779e+02
1.365877691040660693e+02
1.365874775597237374e+02
1.365871918078307772e+02
1.365869117331458540e+02
1.365866372227254146e+02
1.365863681658801738e+02
1.365861044541233014e+02
1.365858459811187231e+02
1.365855926426412452e+02
1.365853443365311932e+02
1.365851009626479424e+02
1.365848624228290191e+02
1.365846286208548008e+02
1.365843994624028710e+02
1.365841748550146235e+02
1.365839547080575187e+02
1.365837389326896414e+02
1.365835274418260781e+02
1.365833201501022245e+02
1.365831169738480924e+02
1.365829178310473537e+02
1.365827226413157689e+02
1.365825313258612823e+02
1.365823438074641842e+02
1.365821600104367235e+02
1.365819798606086692e+02
1.365818032852818078e+02
1.365816302132171529e+02
1.365814605745993617e+02
1.365812943010111553e+02
1.365811313254078243e+02
1.365809715820903421e+02
1.365808150066770850e+02
1.365806615360845910e+02
1.365805111084907821e+02
1.365803636633209805e+02
1.365802191412174125e+02
1.365800774840168685e+02
1.365799386347229927e+02
1.365798025374878080e+02
1.365796691375839487e+02
1.365795383813832586e+02
1.365794102163347929e+02
1.365792845909398352e+02
1.365791614547362940e+02
1.365790407582680075e+02
1.365789224530709305e+02
1.365788064916500559e+02
1.365786928274611398e+02
1.365785814148865995e+02
1.365784722092201946e+02
1.365783651666481262e+02
1.365782602442276072e+02
1.365781573998732767e+02
1.365780565923366794e+02
1.365779577811864840e+02
1.365778609268014918e+02
1.365777659903424421e+02
1.365776729337456459e+02
1.365775817197006745e+02
1.365774923116401567e+02
1.365774046737232368e+02
1.365773187708181524e+02
1.365772345684950437e+02
1.365771520330048929e+02
1.365770711312703156e+02
1.365769918308720321e+02
1.365769141000330649e+02
1.365768379076114911e+02
1.365767632230807180e+02
1.365766900165264133e+02
1.365766182586248476e+02
1.365765479206377790e+02
1.365764789744007146e+02
1.365764113923058289e+02
1.365763451473010832e+02
1.365762802128694773e+02
1.365762165630211200e+02
1.365761541722902166e+02
1.365760930157100574e+02
1.365760330688187310e+02
1.365759743076391430e+02
1.365759167086696664e+02
1.365758602488819804e+02
1.365758049057022561e+02
1.365757506570089674e+02
1.365756974811191071e+02
1.365756453567834683e+02
1.365755942631747359e+02
1.365755441798800689e+02
1.365754950868937101e+02
1.365754469646063285e+02
1.365753997937997042e+02
1.365753535556372640e+02
1.365753082316555833e+02
1.365752638037618283e+02
1.365752202542159921e+02
1.365751775656370910e+02
1.365751357209837522e+02
1.365750947035560046e+02
1.365750544969843645e+02
1.365750150852218212e+02
1.365749764525427565e+02
1.365749385835318890e+02
1.365749014630801810e+02
1.365748650763740670e+02
1.365748294089003423e+02
1.365747944464269210e+02
1.365747601750076399e+02
1.365747265809727935e+02
1.365746936509195564e+02
1.365746613717155356e+02
1.365746297304842187e+02
1.365745987146075322e+02
1.365745683117148133e+02
1.365745385096827249e+02
1.365745092966253083e+02
1.365744806608957163e+02
1.365744525910746461e+02
1.365744250759707370e+02
1.365743981046141471e+02
1.365743716662514089e+02
1.365743457503436389e+02
1.365743203465606541e+02
1.365742954447740942e+02
1.365742710350607467e+02
1.365742471076913773e+02
1.365742236531285414e+02
1.365742006620264704e+02
1.365741781252224598e+02
1.365741560337378644e+02
1.365741343787670132e+02
1.365741131516834628e+02
1.365740923440298218e+02
1.365740719475151081e+02
1.365740519540140383e+02
1.365740323555618545e+02
1.365740131443514827e+02
1.365739943127290985e+02
1.365739758531936445e+02
1.365739577583923392e+02
1.365739400211170675e+02
1.365739226343044663e+02
1.365739055910273692e+02
1.365738888844995245e+02
1.365738725080634879e+02
1.365738564552008540e+02
1.365738407195160278e+02
1.365738252947416811e+02
1.365738101747357121e+02
1.365737953534747078e+02
1.365737808250577245e+02
1.365737665836970223e+02
1.365737526237222141e+02
1.365737389395731611e+02
1.365737255257980394e+02
1.365737123770583707e+02
1.365736994881143858e+02
1.365736868538352269e+02
1.365736744691881199e+02
1.365736623292406762e+02
1.365736504291599829e+02
1.365736387642040484e+02
1.365736273297291348e+02
1.365736161211819137e+02
1.365736051340973347e+02
1.365735943641003018e+02
1.365735838069024624e+02
1.365735734582979717e+02
1.365735633141678704e+02
1.365735533704704778e+02
1.365735436232459961e+02
1.365735340686147197e+02
1.365735247027686512e+02
1.365735155219799992e+02
1.365735065225923108e+02
1.365734977010226316e+02
1.365734890537551394e+02
1.365734805773497840e+02
1.365734722684284179e+02
1.365734641236836637e+02
1.365734561398712401e+02
1.365734483138122073e+02
1.365734406423897553e+02
1.365734331225484084e+02
1.365734257512947352e+02
1.365734185256916362e+02
1.365734114428641419e+02
1.365734044999885839e+02
1.365733976943009793e+02
1.365733910230929666e+02
1.365733844837051265e+02
1.365733780735347125e+02
1.365733717900287445e+02
1.365733656306835542e+02
1.365733595930475701e+02
1.365733536747152641e+02
1.365733478733303627e+02
1.365733421865816126e+02
1.365733366122043719e+02
1.365733311479793315e+02
1.365733257917290473e+02
1.365733205413201574e+02
1.365733153946630694e+02
1.365733103497059631e+02
1.365733054044407879e+02
1.365733005568969247e+02
1.365732958051441983e+02
1.365732911472894386e+02
1.365732865814789818e+02
1.365732821058923321e+02
1.365732777187474483e+02
1.365732734182965373e+02
1.365732692028279871e+02
1.365732650706602840e+02
1.365732610201505679e+02
1.365732570496818710e+02
1.365732531576759072e+02
1.365732493425804250e+02
1.365732456028771651e+02
1.365732419370747266e+02
1.365732383437145074e+02
1.365732348213633429e+02
1.365732313686207249e+02
1.365732279841086267e+02
1.365732246664808542e+02
1.365732214144140357e+02
1.365732182266141024e+02
1.365732151018112575e+02
1.365732120387591806e+02
1.365732090362389215e+02
1.365732060930555463e+02
1.365732032080338172e+02
1.365732003800260088e+02
1.365731976079058541e+02
1.365731948905679189e+02
1.365731922269310701e+02
1.365731896159330461e+02
1.365731870565342376e+02
1.365731845477150443e+02
1.365731820884753915e+02
1.365731796778368903e+02
1.365731773148379489e+02
1.365731749985377803e+02
1.365731727280131338e+02
1.365731705023604263e+02
1.365731683206919627e+02
1.365731661821386069e+02
1.365731640858491573e+02
1.365731620309877599e+02
1.365731600167372335e+02
1.365731580422918228e+02
1.365731561068685949e+02
1.365731542096943940e+02
1.365731523500126343e+02
1.365731505270849766e+02
1.365731487401841093e+02
1.365731469885970739e+02
1.365731452716259469e+02
1.365731435885888629e+02
1.365731419388134213e+02
1.365731403216434501e+02
1.365731387364334637e+02
1.365731371825525571e+02
1.365731356593811654e+02
1.365731341663124567e+02
1.365731327027531279e+02
1.365731312681178053e+02
1.365731298618362928e+02
1.365731284833485120e+02
1.365731271321036786e+02
1.365731258075654182e+02
1.365731245092041490e+02
1.365731232365032781e+02
1.365731219889565580e+02
1.365731207660664097e+02
1.365731195673446905e+02
1.365731183923157630e+02
1.365731172405090774e+02
1.365731161114673569e+02
1.365731150047405151e+02
1.365731139198869357e+02
1.365731128564746939e+02
1.365731118140816136e+02
1.365731107922897820e+02
1.365731097906933371e+02
1.365731088088934655e+02
1.365731078464984307e+02
1.365731069031253639e+02
1.365731059783967680e+02
1.365731050719471966e+02
1.365731041834122550e+02
1.365731033124401677e+02
1.365731024586831666e+02
1.365731016218003333e+02
1.365731008014592760e+02
1.365730999973332871e+02
1.365730992091012013e+02
1.365730984364488450e+02
1.365730976790685531e+02
1.365730969366593968e+02
1.365730962089236868e+02
1.365730954955732273e+02
1.365730947963227209e+02
1.365730941108956245e+02
1.365730934390147411e+02
1.365730927804164025e+02
1.365730921348355480e+02
1.365730915020156431e+02
1.365730908817058378e+02
1.365730902736573285e+02
1.365730896776287011e+02
1.365730890933812987e+02
1.365730885206837968e+02
1.365730879593065765e+02
1.365730874090274369e+02
1.365730868696259677e+02
1.365730863408879827e+02
1.365730858226014846e+02
1.365730853145620358e+02
1.365730848165640623e+02
1.365730843284132732e+02
1.365730838499114839e+02
1.365730833808694058e+02
1.365730829210999104e+02
1.365730824704206725e+02
1.365730820286507878e+02
1.365730815956147239e+02
1.365730811711400179e+02
1.365730807550575605e+02
1.365730803472015680e+02
1.365730799474087576e+02
1.365730795555201667e+02
1.365730791713805559e+02
1.365730787948356237e+02
1.365730784257355594e+02
1.365730780639334512e+02
1.365730777092851440e+02
1.365730773616482452e+02
1.365730770208861600e+02
1.365730766868617252e+02
1.365730763594418988e+02
1.365730760384959410e+02
1.365730757238978583e+02
1.365730754155187299e+02
1.365730751132387297e+02
1.365730748169350477e+02
1.365730745264924906e+02
1.365730742417919714e+02
1.365730739627218782e+02
1.365730736891715935e+02
1.365730734210303297e+02
1.365730731581921873e+02
1.365730729005516366e+02
1.365730726480066153e+02
1.365730724004562830e+02
1.365730721578021303e+02
1.365730719199465284e+02
1.365730716867966237e+02
1.365730714582566350e+02
1.365730712342378581e+02
1.365730710146496563e+02
1.365730707994045190e+02
1.365730705884179486e+02
1.365730703816034293e+02
1.365730701788805561e+02
1.365730699801685830e+02
1.365730697853861670e+02
1.365730695944579907e+02
1.365730694073062352e+02
1.365730692238562085e+02
1.365730690440359751e+02
1.365730688677740261e+02
1.365730686949981134e+02
1.365730685256406787e+02
1.365730683596344193e+02
1.365730681969118621e+02
1.365730680374098256e+02
1.365730678810634515e+02
1.365730677278105532e+02
1.365730675775893133e+02
1.365730674303416095e+02
1.365730672860070740e+02
1.365730671445288920e+02
1.365730670058499356e+02
1.365730668699163459e+02
1.365730667366727573e+02
1.365730666060647707e+02
1.365730664780428754e+02
1.365730663525542354e+02
1.365730662295494540e+02
1.365730661089782245e+02
1.365730659907952145e+02
1.365730658749507711e+02
1.365730657613989081e+02
1.365730656500944349e+02
1.365730655409944063e+02
1.365730654340533476e+02
1.365730653292299621e+02
1.365730652264804235e+02
1.365730651257666182e+02
1.365730650270453168e+02
1.365730649302797417e+02
1.365730648354294487e+02
1.365730647424574613e+02
1.365730646513261490e+02
1.365730645619993879e+02
1.365730644744413098e+02
1.365730643886170412e+02
1.365730643044928740e+02
1.365730642220342190e+02
1.365730641412085049e+02
1.365730640619840699e+02
1.365730639843279732e+02
1.365730639082109121e+02
1.365730638336004006e+02
1.365730637604689832e+02
1.365730636887852825e+02
1.365730636185214451e+02
1.365730635496505272e+02
1.365730634821428566e+02
1.365730634159732233e+02
1.365730633511140582e+02
1.365730632875407480e+02
1.365730632252261216e+02
1.365730631641471575e+02
1.365730631042778214e+02
1.365730630455953758e+02
1.365730629880752360e+02
1.365730629316954321e+02
1.365730628764326866e+02
1.365730628222660528e+02
1.365730627691711163e+02
1.365730627171302274e+02
1.365730626661202507e+02
1.365730626161220300e+02
1.365730625671142775e+02
1.365730625190789738e+02
1.365730624719945752e+02
1.365730624258447961e+02
1.365730623806092012e+02
1.365730623362712777e+02
1.365730622928122671e+02
1.365730622502153153e+02
1.365730622084623747e+02
1.365730621675383247e+02
1.365730621274246346e+02
1.365730620881071786e+02
1.365730620495696712e+02
1.365730620117970204e+02
1.365730619747733385e+02
1.365730619384838462e+02
1.365730619029150148e+02
1.365730618680515249e+02
1.365730618338789668e+02
1.365730618003848349e+02
1.365730617675558847e+02
1.365730617353786442e+02
1.365730617038393575e+02
1.365730616729257463e+02
1.365730616426253903e+02
1.365730616129276882e+02
1.365730615838184576e+02
1.365730615552874383e+02
1.365730615273231763e+02
1.365730614999131092e+02
1.365730614730478010e+02
1.365730614467161388e+02
1.365730614209068676e+02
1.365730613956105515e+02
1.365730613708168448e+02
1.365730613465149190e+02
1.365730613226961339e+02
1.365730612993496607e+02
1.365730612764680814e+02
1.365730612540395725e+02
1.365730612320582793e+02
1.365730612105126909e+02
1.365730611893954176e+02
1.365730611686984730e+02
1.365730611484117674e+02
1.365730611285283942e+02
1.365730611090402817e+02
1.365730610899395572e+02
1.365730610712195414e+02
1.365730610528705711e+02
1.365730610348855123e+02
1.365730610172604713e+02
1.365730609999834826e+02
1.365730609830511355e+02
1.365730609664558131e+02
1.365730609501897845e+02
1.365730609342481898e+02
1.365730609186230708e+02
1.365730609033084022e+02
1.365730608882987838e+02
1.365730608735882754e+02
1.365730608591700275e+02
1.365730608450381567e+02
1.365730608311884566e+02
1.365730608176134240e+02
1.365730608043098755e+02
1.365730607912710184e+02
1.365730607784902304e+02
1.365730607659654368e+02
1.365730607536895889e+02
1.365730607416574571e+02
1.365730607298652046e+02
1.365730607183077439e+02
1.365730607069810105e+02
1.365730606958803719e+02
1.365730606850000584e+02
1.365730606743371709e+02
1.365730606638856557e+02
1.365730606536431537e+02
1.365730606436046344e+02
1.365730606337661754e+02
1.365730606241237979e+02
1.365730606146737784e+02
1.365730606054117402e+02
1.365730605963350683e+02
1.365730605874388743e+02
1.365730605787208276e+02
1.365730605701752722e+02
1.365730605618012135e+02
1.365730605535945585e+02
1.365730605455505042e+02
1.365730605376668620e+02
1.365730605299416993e+02
1.365730605223700707e+02
1.365730605149502139e+02
1.365730605076775248e+02
1.365730605005500138e+02
1.365730604935657482e+02
1.365730604867216300e+02
1.365730604800111507e+02
1.365730604734379199e+02
1.365730604669937236e+02
1.365730604606809209e+02
1.365730604544911273e+02
1.365730604484266735e+02
1.365730604424836940e+02
1.365730604366586931e+02
1.365730604309505622e+02
1.365730604253559477e+02
1.365730604198737979e+02
1.365730604145016969e+02
1.365730604092361773e+02
1.365730604040772960e+02
1.365730603990202212e+02
1.365730603940643846e+02
1.365730603892083650e+02
1.365730603844489792e+02
1.365730603797856872e+02
1.365730603752150785e+02
1.365730603707364139e+02
1.365730603663468230e+02
1.365730603620454815e+02
1.365730603578306557e+02
1.365730603536999297e+02
1.365730603496518256e+02
1.365730603456849224e+02
1.365730603417987084e+02
1.365730603379881245e+02
1.365730603342555298e+02
