0.000000000000000000e+00
0.000000000000000000e+00
-1.561726150356225126e-03
-4.780894271708591332e-03
-8.180439868795691058e-03
-1.173676168520207223e-02
-1.542677735050940364e-02
-1.923173617251661138e-02
-2.313708713190096647e-02
-2.713154190971703641e-02
-3.120619241403740224e-02
-3.535384073734628568e-02
-3.956852140299597920e-02
-4.384516510750384455e-02
-4.817935989167497490e-02
-5.256717822736595852e-02
-5.700504894948629081e-02
-6.148966023556281385e-02
-6.601788457423207745e-02
-7.058671968920429696e-02
-7.519324131501869957e-02
-7.983456496120257262e-02
-8.450781463715972830e-02
-8.921009706716505339e-02
-9.393848032318086183e-02
-9.868997610143621924e-02
-1.034615250739104320e-01
-1.082499849353285304e-01
-1.130521208893367352e-01
-1.178645984399968177e-01
-1.226839784496031038e-01
-1.275067145082413866e-01
-1.323291527204267237e-01
-1.371475340885094096e-01
-1.419579996996712390e-01
-1.467565989697981466e-01
-1.515393012070404277e-01
-1.563020107537943237e-01
-1.610405859629419068e-01
-1.657508621957655415e-01
-1.704286790025154874e-01
-1.750699115215763879e-01
-1.796705060723270408e-01
-1.842265197435024315e-01
-1.887341636909976861e-01
-1.931898496672540544e-01
-1.975902391829862659e-01
-2.019322945554113957e-01
-2.062133309545902127e-01
-2.104310684711872270e-01
-2.145836831372896214e-01
-2.186698557760257955e-01
-2.226888175488338506e-01
-2.266403910175935343e-01
-2.305250255767259948e-01
-2.343438260438633902e-01
-2.380985731543001638e-01
-2.417917345588110334e-01
-2.454264647025874713e-01
-2.490065916152971737e-01
-2.525365881758700470e-01
-2.560215247952479789e-01
-2.594669997496067415e-01
-2.628790425334154857e-01
-2.662639847894400225e-01
-2.696282924679233584e-01
-2.729783522439186982e-01
-2.763202047373330417e-01
-2.796592170721997617e-01
-2.829996878603737720e-01
-2.863443789738633893e-01
-2.896939705562177614e-01
-2.930464388981975365e-01
-2.963963608863393606e-01
-2.997341538216346524e-01
-3.030452654016252967e-01
-3.063093350853330343e-01
-3.094993547925429800e-01
-3.125808631633382184e-01
-3.155112128803043703e-01
-3.182389542546703587e-01
-3.207033794437439966e-01
-3.228342699734689236e-01
-3.245518851645404212e-01
-3.257672203053338378e-01
-3.263825514791868221e-01
-3.262922690840653339e-01
-3.253839854451069935e-01
-3.235398845731174422e-01
-3.206382657622384169e-01
-3.165552185726377976e-01
-3.111663563804668575e-01
-3.043485302446911622e-01
-2.959814446099245933e-01
-2.859491021247814735e-01
-2.741410154192783777e-01
-2.604531388579218731e-01
-2.447884912713002847e-01
-2.270574603200709862e-01
-2.071777988260667114e-01
-1.850743416339781511e-01
-1.606784874092290483e-01
-1.339275020141387773e-01
-1.047637084997998652e-01
-7.313363275350612258e-02
-3.898717354441782329e-02
-2.276861280043169025e-03
3.704273851667246042e-02
7.901543259127369323e-02
1.236835881350973609e-01
1.710880881166632894e-01
2.212680575589275889e-01
2.742603825113057447e-01
3.300990606288372042e-01
3.888144379728085687e-01
4.504324001009111234e-01
5.149735958573050665e-01
5.824527788162707775e-01
6.528783536290585499e-01
7.262522111325979690e-01
8.025699268641232065e-01
8.818213805183491294e-01
9.639918289685156516e-01
1.049063431137734481e+00
1.137017180794328342e+00
1.227835154262278516e+00
1.321502928482235051e+00
1.418011976522135065e+00
1.517361809535586747e+00
1.619561614923012760e+00
1.724631146795763792e+00
1.832600662077539022e+00
1.943509764374513837e+00
2.057405114048489470e+00
2.174337077276156993e+00
2.294355505573077547e+00
2.417504944099650999e+00
2.543819646315852001e+00
2.673318811588041743e+00
2.806002454073292629e+00
2.941848256014609309e+00
3.080809663094124407e+00
3.222815357486247034e+00
3.367770111530059118e+00
3.515556899138078339e+00
3.666040037886946656e+00
3.819069062953073690e+00
3.974482999617814816e+00
4.132114703676470491e+00
4.291794973266213731e+00
4.453356193090431070e+00
4.616635342527422026e+00
4.781476273136846089e+00
4.947731229993512336e+00
5.115261649439093006e+00
5.283938309611693640e+00
5.453640938561621354e+00
5.624257399082432052e+00
5.795682571441227005e+00
5.967817048359641774e+00
6.140565743631918316e+00
6.313836499391781487e+00
6.487538759722482951e+00
6.661582361176928480e+00
6.835876475521356355e+00
7.010328726229278828e+00
7.184844489028593628e+00
7.359326377467712454e+00
7.533673906871031001e+00
7.707783324401580316e+00
7.881547588356183631e+00
8.054856476774382656e+00
8.227596803291328698e+00
8.399652717195946749e+00
8.570906064594865370e+00
8.741236788348274445e+00
8.910523346139504142e+00
9.078643128370908144e+00
9.245472860471110721e+00
9.410888977486589368e+00
9.574767962491662843e+00
9.736986643749524717e+00
9.897422449138224110e+00
1.005595361947836253e+01
1.021245938480939408e+01
1.036682011010895721e+01
1.051891741796412560e+01
1.066863429683078479e+01
1.081585520326363969e+01
1.096046616630742498e+01
1.110235490102685496e+01
1.124141093682961134e+01
1.137752576463637055e+01
1.151059300504174665e+01
1.164050859789060333e+01
1.176717101205223415e+01
1.189048147252811383e+01
1.201034420098535804e+01
1.212666666487294620e+01
1.223935982969632619e+01
1.234833840880718903e+01
1.245352110541539226e+01
1.255349055693497640e+01
1.264833542326709903e+01
1.273952565282756844e+01
1.282706052057495683e+01
1.291092094442295490e+01
1.299107375020319211e+01
1.306747761576676758e+01
1.314008739398835957e+01
1.320885709996120028e+01
1.327374175004892898e+01
1.333469787433603670e+01
1.339168253796188601e+01
1.344465094692913532e+01
1.349355298121028035e+01
1.353832919116618960e+01
1.357890688847323446e+01
1.361519696960114167e+01
1.364709205039479123e+01
1.367446638117079338e+01
1.369717786609785470e+01
1.371507233711517060e+01
1.372799004155246472e+01
1.373577410665348530e+01
1.373828055925866742e+01
1.373538932278842317e+01
1.372701550125627357e+01
1.371312020425557598e+01
1.369372017130236152e+01
1.366889551923671497e+01
1.363879505379654589e+01
1.360363874454051114e+01
1.356371714654109439e+01
1.351938774571632962e+01
1.347106839353773644e+01
1.341922816596443724e+01
1.336437612188276525e+01
1.330704853884898853e+01
1.324779526531380114e+01
1.318716584729673436e+01
1.312569606561502411e+01
1.306389546207253005e+01
1.300223634559382191e+01
1.294114466063925128e+01
1.288099297858316383e+01
1.282209574699128041e+01
1.276470681026196985e+01
1.270901910435124016e+01
1.265516633470941343e+01
1.260322637277610447e+01
1.255322605580430917e+01
1.250514704636399088e+01
1.245893240132208035e+01
1.241449351253758593e+01
1.237171710977937700e+01
1.233047205634193411e+01
1.229061571609624792e+01
1.225199972255093428e+01
1.221447503312824878e+01
1.217789620185989286e+01
1.214212484866497732e+01
1.210703234216093982e+01
1.207250174361382733e+01
1.203842908285817437e+01
1.200472405187075786e+01
1.197131020971437110e+01
1.193812479385986691e+01
1.190511822898580974e+01
1.187225341660841238e+01
1.183950487795091355e+01
1.180685781019517577e+01
1.177430710330075314e+01
1.174185635207307499e+01
1.170951688659028278e+01
1.167730683440585970e+01
1.164525021989997100e+01
1.161337610054328273e+01
1.158171773590248677e+01
1.155031178368334999e+01
1.151919751670139647e+01
1.148841605608547667e+01
1.145800961797374384e+01
1.142802077378455650e+01
1.139849172696172452e+01
1.136946361201748523e+01
1.134097582381175329e+01
1.131306538726262900e+01
1.128576637818279060e+01
1.125910940682959982e+01
1.123312117466334037e+01
1.120782411401574485e+01
1.118323611817097785e+01
1.115937036717987141e+01
1.113623525180242346e+01
1.111383439531129014e+01
1.109216676972061855e+01
1.107122690050128000e+01
1.105100515117802296e+01
1.103148807722608815e+01
1.101265883706358473e+01
1.099449764680557706e+01
1.097698226492608242e+01
1.096008849293890108e+01
1.094379067868552902e+01
1.092806220960744668e+01
1.091287598481706667e+01
1.089820485613468115e+01
1.088402203008978653e+01
1.087030142469971494e+01
1.085701797666181534e+01
1.084414789643999022e+01
1.083166887045562810e+01
1.081956021106970667e+01
1.080780295636309418e+01
1.079637992300013671e+01
1.078527571609404845e+01
1.077447670080614550e+01
1.076397094082969552e+01
1.075374810893953104e+01
1.074379937506185279e+01
1.073411727691966000e+01
1.072469557830791409e+01
1.071552911937352626e+01
1.070661366324081776e+01
1.069794574241003815e+01
1.068952250823421579e+01
1.068134158609048434e+01
1.067340093839201209e+01
1.066569873726588646e+01
1.065823324814834372e+01
1.065100272529823755e+01
1.064400531987288190e+01
1.063723900088290897e+01
1.063070148908507484e+01
1.062439020385037480e+01
1.061830222247361810e+01
1.061243425166945187e+01
1.060678261058099814e+01
1.060134322453794553e+01
1.059611162889629732e+01
1.059108298195675779e+01
1.058625208606508927e+01
1.058161341584065163e+01
1.057716115258098633e+01
1.057288922357050076e+01
1.056879134546526799e+01
1.056486107038641364e+01
1.056109183385710715e+01
1.055747700343046525e+01
1.055400992707631680e+01
1.055068398032796573e+01
1.054749261145176931e+01
1.054442938375481198e+01
1.054148801452662809e+01
1.053866240991179026e+01
1.053594669542851037e+01
1.053333524174814784e+01
1.053082268554791234e+01
1.052840394543021851e+01
1.052607423284524302e+01
1.052382905824606674e+01
1.052166423266081985e+01
1.051957586498208208e+01
1.051756035540611123e+01
1.051561438535351201e+01
1.051373490446378867e+01
1.051191911503340393e+01
1.051016445448742864e+01
1.050846857634544840e+01
1.050682933018329912e+01
1.050524474106287443e+01
1.050371298883205817e+01
1.050223238774903578e+01
1.050080136674254661e+01
1.049941845061174561e+01
1.049808224246623745e+01
1.049679140754383688e+01
1.049554465866215125e+01
1.049434074328995870e+01
1.049317843243678183e+01
1.049205651126758454e+01
1.049097377152103228e+01
1.048992900561077590e+01
1.048892100237633862e+01
1.048794854437828938e+01
1.048701040658901107e+01
1.048610535637766006e+01
1.048523215462137337e+01
1.048438955776818560e+01
1.048357632074017509e+01
1.048279120050777635e+01
1.048203296008207985e+01
1.048130037297563533e+01
1.048059222776418231e+01
1.047990733278252939e+01
1.047924452073751489e+01
1.047860265319235573e+01
1.047798062476062952e+01
1.047737736698981870e+01
1.047679185182118289e+01
1.047622309459933554e+01
1.047567015656217038e+01
1.047513214683463900e+01
1.047460822382886114e+01
1.047409759615529978e+01
1.047359952294301522e+01
1.047311331370243614e+01
1.047263832762611457e+01
1.047217397251164783e+01
1.047171970322959389e+01
1.047127501979696973e+01
1.047083946524199405e+01
1.047041262308504095e+01
1.046999411469137620e+01
1.046958359645413417e+01
1.046918075687089456e+01
1.046878531357420883e+01
1.046839701037607639e+01
1.046801561434025274e+01
1.046764091296061139e+01
1.046727271145078042e+01
1.046691083017084090e+01
1.046655510228171515e+01
1.046620537154160324e+01
1.046586149034460078e+01
1.046552331798399216e+01
1.046519071913317056e+01
1.046486356256140482e+01
1.046454172005524619e+01
1.046422506558959675e+01
1.046391347467244692e+01
1.046360682388192664e+01
1.046330499060707986e+01
1.046300785289994018e+01
1.046271528950633112e+01
1.046242717998982741e+01
1.046214340495130735e+01
1.046186384634811084e+01
1.046158838785507328e+01
1.046131691524818486e+01
1.046104931685202466e+01
1.046078548395338181e+01
1.046052531123994456e+01
1.046026869717225338e+01
1.046001554438532111e+01
1.045976575998809999e+01
1.045951925586665254e+01
1.045927594886952328e+01
1.045903576103481036e+01
1.045879861962870194e+01
1.045856445724045081e+01
1.045833321175622110e+01
1.045810482628259663e+01
1.045787924902284871e+01
1.045765643311235849e+01
1.045743633639699866e+01
1.045721892116919882e+01
1.045700415388202842e+01
1.045679200481968074e+01
1.045658244779768609e+01
1.045637545974473781e+01
1.045617102039694046e+01
1.045596911190898126e+01
1.045576971849963321e+01
1.045557282608937477e+01
1.045537842197688505e+01
1.045518649450917437e+01
1.045499703277185155e+01
1.045481002631916745e+01
1.045462546491926403e+01
1.045444333834021755e+01
1.045426363612097731e+01
1.045408634742689813e+01
1.045391146091858836e+01
1.045373896460482044e+01
1.045356884579058132e+01
1.045340109099473480e+01
1.045323568593472174e+01
1.045307261548683364e+01
1.045291186371331271e+01
1.045275341387940138e+01
1.045259724849003469e+01
1.045244334932803021e+01
1.045229169754274778e+01
1.045214227369123883e+01
1.045199505782774807e+01
1.045185002956524656e+01
1.045170716816964607e+01
1.045156645262620110e+01
1.045142786171777871e+01
1.045129137409025688e+01
1.045115696832335139e+01
1.045102462298771329e+01
1.045089431670728786e+01
1.045076602818320133e+01
1.045063973625979159e+01
1.045051541993943189e+01
1.045039305839993915e+01
1.045027263102811865e+01
1.045015411742757827e+01
1.045003749740279275e+01
1.044992275097160217e+01
1.044980985835758069e+01
1.044969879996918394e+01
1.044958955639298104e+01
1.044948210836413161e+01
1.044937643674616012e+01
1.044927252251897443e+01
1.044917034673645162e+01
1.044906989051503032e+01
1.044897113501697916e+01
1.044887406139158692e+01
1.044877865080337820e+01
1.044868488437729859e+01
1.044859274319096443e+01
1.044850220826381992e+01
1.044841326054474706e+01
1.044832588090046777e+01
1.044824005010322487e+01
1.044815574884390941e+01
1.044807295771644995e+01
1.044799165722606915e+01
1.044791182780531003e+01
1.044783344978528561e+01
1.044775650346630158e+01
1.044768096905677268e+01
1.044760682675572916e+01
1.044753405671597868e+01
1.044746263908079342e+01
1.044739255400614830e+01
1.044732378166593634e+01
1.044725630226753665e+01
1.044719009608935778e+01
1.044712514346089449e+01
1.044706142482540123e+01
1.044699892071911229e+01
1.044693761178569069e+01
1.044687747883449092e+01
1.044681850278925950e+01
1.044676066475631870e+01
1.044670394599574514e+01
1.044664832795375276e+01
1.044659379226693474e+01
1.044654032074994277e+01
1.044648789543394507e+01
1.044643649854675438e+01
1.044638611252154092e+01
1.044633672000076885e+01
1.044628830384362672e+01
1.044624084711874623e+01
1.044619433310213630e+01
1.044614874528829240e+01
1.044610406737822927e+01
1.044606028327784486e+01
1.044601737711544409e+01
1.044597533320149374e+01
1.044593413606892796e+01
1.044589377043583234e+01
1.044585422123422980e+01
1.044581547357688223e+01
1.044577751278153421e+01
1.044574032434603161e+01
1.044570389397456189e+01
1.044566820753757774e+01
1.044563325111720431e+01
1.044559901095857590e+01
1.044556547351012732e+01
1.044553262538580540e+01
1.044550045340326250e+01
1.044546894454802377e+01
1.044543808599152790e+01
1.044540786509199748e+01
1.044537826938755387e+01
1.044534928660533701e+01
1.044532090464215734e+01
1.044529311159393892e+01
1.044526589573089659e+01
1.044523924550759730e+01
1.044521314956369018e+01
1.044518759673134944e+01
1.044516257601142328e+01
1.044513807659556015e+01
1.044511408786429030e+01
1.044509059937430706e+01
1.044506760087057806e+01
1.044504508227174355e+01
1.044502303368060403e+01
1.044500144538568165e+01
1.044498030784230735e+01
1.044495961169126019e+01
1.044493934774773436e+01
1.044491950699511662e+01
1.044490008059274899e+01
1.044488105986889082e+01
1.044486243631602029e+01
1.044484420159926863e+01
1.044482634753080674e+01
1.044480886610696047e+01
1.044479174945346678e+01
1.044477498987583886e+01
1.044475857982153322e+01
1.044474251188789360e+01
1.044472677881843303e+01
1.044471137350740264e+01
1.044469628898922409e+01
1.044468151843518910e+01
1.044466705515638516e+01
1.044465289260609175e+01
1.044463902435025737e+01
1.044462544411278238e+01
1.044461214571903263e+01
1.044459912313759631e+01
1.044458637045191551e+01
1.044457388187217006e+01
1.044456165172363526e+01
1.044454967444636395e+01
1.044453794460355311e+01
1.044452645686697423e+01
1.044451520601659666e+01
1.044450418694439620e+01
1.044449339465063176e+01
1.044448282424183105e+01
1.044447247091862252e+01
1.044446233000115321e+01
1.044445239689558846e+01
1.044444266710731206e+01
1.044443313624621261e+01
1.044442380000747228e+01
1.044441465419503423e+01
1.044440569467716884e+01
1.044439691744517873e+01
1.044438831855281258e+01
1.044437989414787182e+01
1.044437164047228883e+01
1.044436355383775172e+01
1.044435563064670269e+01
1.044434786737329368e+01
1.044434026058294585e+01
1.044433280690553900e+01
1.044432550304355622e+01
1.044431834579158824e+01
1.044431133199923245e+01
1.044430445858748335e+01
1.044429772256157563e+01
1.044429112097287948e+01
1.044428465095253244e+01
1.044427830969143045e+01
1.044427209445118265e+01
1.044426600253579629e+01
1.044426003133793834e+01
1.044425417827628877e+01
1.044424844085898485e+01
1.044424281662645448e+01
1.044423730318439070e+01
1.044423189819673858e+01
1.044422659936194364e+01
1.044422140445672476e+01
1.044421631128197525e+01
1.044421131769467692e+01
1.044420642161902180e+01
1.044420162099495464e+01
1.044419691383050441e+01
1.044419229816830530e+01
1.044418777209661364e+01
1.044418333375074326e+01
1.044417898129904287e+01
1.044417471295705013e+01
1.044417052697433412e+01
1.044416642165503717e+01
1.044416239531221891e+01
1.044415844632719015e+01
1.044415457309756512e+01
1.044415077406039316e+01
1.044414704769397950e+01
1.044414339250146639e+01
1.044413980702600497e+01
1.044413628983991238e+01
1.044413283954863125e+01
1.044412945478284804e+01
1.044412613421219405e+01
1.044412287653267235e+01
1.044411968046188655e+01
1.044411654475791806e+01
1.044411346819480713e+01
1.044411044957873891e+01
1.044410748774780728e+01
1.044410458155375920e+01
1.044410172988013130e+01
1.044409893163035363e+01
1.044409618574614207e+01
1.044409349116845220e+01
1.044409084688024159e+01
1.044408825188151368e+01
1.044408570519216539e+01
1.044408320584592964e+01
1.044408075291581817e+01
1.044407834547730829e+01
1.044407598263579118e+01
1.044407366351004640e+01
1.044407138723774509e+01
1.044406915298355720e+01
1.044406695991534306e+01
1.044406480723576358e+01
1.044406269414396604e+01
1.044406061987573864e+01
1.044405858367387729e+01
1.044405658479194265e+01
1.044405462250954741e+01
1.044405269611081444e+01
1.044405080491185878e+01
1.044404894821907170e+01
1.044404712537401458e+01
1.044404533572030758e+01
1.044404357861375310e+01
1.044404185344217773e+01
1.044404015957602994e+01
1.044403849642871229e+01
1.044403686339944670e+01
1.044403525992114545e+01
1.044403368542374366e+01
1.044403213936038100e+01
1.044403062117791769e+01
1.044402913035902358e+01
1.044402766637535862e+01
1.044402622871939812e+01
1.044402481689413698e+01
1.044402343040498060e+01
1.044402206877630590e+01
1.044402073154561350e+01
1.044401941823831415e+01
1.044401812841326382e+01
1.044401686162424170e+01
1.044401561744173002e+01
1.044401439543981702e+01
1.044401319519693772e+01
1.044401201631627174e+01
1.044401085838707388e+01
1.044400972102638114e+01
1.044400860384245533e+01
1.044400750646341436e+01
1.044400642852266614e+01
1.044400536964913684e+01
1.044400432949751156e+01
1.044400330771140162e+01
1.044400230395695495e+01
1.044400131789380204e+01
1.044400034920097831e+01
1.044399939755056828e+01
1.044399846263035769e+01
1.044399754412917147e+01
1.044399664174484954e+01
1.044399575517910428e+01
1.044399488414429911e+01
1.044399402834679691e+01
1.044399318751145955e+01
1.044399236136285758e+01
1.044399154963087106e+01
1.044399075204371563e+01
1.044398996835763604e+01
1.044398919830003081e+01
1.044398844163464624e+01
1.044398769810410421e+01
1.044398696748100619e+01
1.044398624952007282e+01
1.044398554399261059e+01
1.044398485067303106e+01
1.044398416933726637e+01
1.044398349976674112e+01
1.044398284174731728e+01
1.044398219506945225e+01
1.044398155952708329e+01
1.044398093491059143e+01
1.044398032103227436e+01
1.044397971769525846e+01
1.044397912469883316e+01
1.044397854186894214e+01
1.044397796900995701e+01
1.044397740594577684e+01
1.044397685250179286e+01
1.044397630849984715e+01
1.044397577377267083e+01
1.044397524814897693e+01
1.044397473146924149e+01
1.044397422356537675e+01
1.044397372428494286e+01
1.044397323347082285e+01
1.044397275097356470e+01
1.044397227663744943e+01
1.044397181032034894e+01
1.044397135187532477e+01
1.044397090116255988e+01
1.044397045804496038e+01
1.044397002238638272e+01
1.044396959404511094e+01
1.044396917290304927e+01
1.044396875882036824e+01
1.044396835167840720e+01
1.044396795134876577e+01
1.044396755771212781e+01
1.044396717064692304e+01
1.044396679003844852e+01
1.044396641576653018e+01
1.044396604772498804e+01
1.044396568579832341e+01
1.044396532988417903e+01
1.044396497986535266e+01
1.044396463564739541e+01
1.044396429711689400e+01
1.044396396418456341e+01
1.044396363674565542e+01
1.044396331469807393e+01
1.044396299795772798e+01
1.044396268641725278e+01
1.044396237999756138e+01
1.044396207860002512e+01
1.044396178213868609e+01
1.044396149052659517e+01
1.044396120368068459e+01
1.044396092150981836e+01
1.044396064394341650e+01
1.044396037088837481e+01
1.044396010227645988e+01
1.044395983801898353e+01
1.044395957804879949e+01
1.044395932228406920e+01
1.044395907065941564e+01
1.044395882309268409e+01
1.044395857952075524e+01
1.044395833986927258e+01
1.044395810407303493e+01
1.044395787206285320e+01
1.044395764377583546e+01
1.044395741914353692e+01
1.044395719810479939e+01
1.044395698059578059e+01
1.044395676655632599e+01
1.044395655592710170e+01
1.044395634864834399e+01
1.044395614465890532e+01
1.044395594391517257e+01
1.044395574634059010e+01
1.044395555189500158e+01
1.044395536052222795e+01
1.044395517216887548e+01
1.044395498677909551e+01
1.044395480430866208e+01
1.044395462470256852e+01
1.044395444791608085e+01
1.044395427389489583e+01
1.044395410259861556e+01
1.044395393397665295e+01
1.044395376798395247e+01
1.044395360457594180e+01
1.044395344371276124e+01
1.044395328534374201e+01
1.044395312943116849e+01
1.044395297593400151e+01
1.044395282480805953e+01
1.044395267601691835e+01
1.044395252951714426e+01
1.044395238527777359e+01
1.044395224324967586e+01
1.044395210340596414e+01
1.044395196570496509e+01
1.044395183010836980e+01
1.044395169658654332e+01
1.044395156510146982e+01
1.044395143562162964e+01
1.044395130810982586e+01
1.044395118253553889e+01
1.044395105886567876e+01
1.044395093707119493e+01
1.044395081711667039e+01
1.044395069897701767e+01
1.044395058261536313e+01
1.044395046800902804e+01
1.044395035512300396e+01
1.044395024393610250e+01
1.044395013441326014e+01
1.044395002653302562e+01
1.044394992026066404e+01
1.044394981557965707e+01
1.044394971245573345e+01
1.044394961086937101e+01
1.044394951079009637e+01
1.044394941220070905e+01
1.044394931506502289e+01
1.044394921937188236e+01
1.044394912509123685e+01
1.044394903220446658e+01
1.044394894068410551e+01
1.044394885050857624e+01
1.044394876165893216e+01
1.044394867411343064e+01
1.044394858785007507e+01
1.044394850284870735e+01
1.044394841908760618e+01
1.044394833655037935e+01
1.044394825521343506e+01
1.044394817505850703e+01
1.044394809607192975e+01
1.044394801822648411e+01
1.044394794151171268e+01
1.044394786590199686e+01
1.044394779139137341e+01
1.044394771794735988e+01
1.044394764556555977e+01
1.044394757422348441e+01
1.044394750390698690e+01
1.044394743459666230e+01
1.044394736627974929e+01
1.044394729894211160e+01
1.044394723256272606e+01
1.044394716713233073e+01
1.044394710263176584e+01
1.044394703905210342e+01
1.044394697636861835e+01
1.044394691458322200e+01
1.044394685366779463e+01
1.044394679361421119e+01
1.044394673440836385e+01
1.044394667604108839e+01
1.044394661849128170e+01
1.044394656175563618e+01
1.044394650581435080e+01
1.044394645066151206e+01
1.044394639627550880e+01
1.044394634265639077e+01
1.044394628978543693e+01
1.044394623765042596e+01
1.044394618624631121e+01
1.044394613555287776e+01
1.044394608556663151e+01
1.044394603627399043e+01
1.044394598766852589e+01
1.044394593973114205e+01
1.044394589245930227e+01
1.044394584584290975e+01
1.044394579986559535e+01
1.044394575452511553e+01
1.044394570980946568e+01
1.044394566570525562e+01
1.044394562220817768e+01
1.044394557931067169e+01
1.044394553699381767e+01
1.044394549526057681e+01
1.044394545409935127e+01
1.044394541349780603e+01
1.044394537345091933e+01
1.044394533394585345e+01
1.044394529497920665e+01
1.044394525654652917e+01
1.044394521862950675e+01
1.044394518123140081e+01
1.044394514433597720e+01
1.044394510794012554e+01
1.044394507203551292e+01
1.044394503661652784e+01
1.044394500167604534e+01
1.044394496720291521e+01
1.044394493319349237e+01
1.044394489964321693e+01
1.044394486654065801e+01
1.044394483388409256e+01
1.044394480166275407e+01
1.044394476987299747e+01
1.044394473850871741e+01
1.044394470755949733e+01
1.044394467702837836e+01
1.044394464689886703e+01
1.044394461717078748e+01
1.044394458783986579e+01
1.044394455889757012e+01
1.044394453033770276e+01
1.044394450215731496e+01
1.044394447434987860e+01
1.044394444690884249e+01
1.044394441983066990e+01
1.044394439311113132e+01
1.044394436674190096e+01
1.044394434071905664e+01
1.044394431504286835e+01
1.044394428969616406e+01
1.044394426469127879e+01
1.044394424000776134e+01
1.044394421564872566e+01
1.044394419161143972e+01
1.044394416788498425e+01
1.044394414447193675e+01
1.044394412136206718e+01
1.044394409855379280e+01
1.044394407604268160e+01
1.044394405382281299e+01
1.044394403189663656e+01
1.044394401025051700e+01
1.044394398889014042e+01
1.044394396779984469e+01
1.044394394698793782e+01
1.044394392644783842e+01
1.044394390616484181e+01
1.044394388615141445e+01
