-5.000000000000510111e-07
-1.500000000001571496e-06
-3.000000000021922983e-06
-5.000000000201475666e-06
-7.500000001388199099e-06
-1.050000000763925066e-05
-1.400000003487860580e-05
-1.800000013540052439e-05
-2.250000045396256611e-05
-2.750000132592694856e-05
-3.300000337849446751e-05
-3.900000744107938851e-05
-4.550001373106838065e-05
-5.250001921053439020e-05
-6.000001129418519987e-05
-6.799995556644817727e-05
-7.649977548497861467e-05
-8.549932406032782317e-05
-9.499835190792989411e-05
-1.049964828671034209e-04
-1.154932163265884380e-04
-1.264879818007700750e-04
-1.379802724867576350e-04
-1.499698769915895787e-04
-1.624572103996779521e-04
-1.754437187571405098e-04
-1.889322999605112362e-04
-2.029276568979840778e-04
-2.174364842392203059e-04
-2.324673953083640412e-04
-2.480305224434096556e-04
-2.641367699939518388e-04
-2.807967553698059162e-04
-2.980195289783953280e-04
-3.158112069993098260e-04
-3.341736730280174864e-04
-3.531035017307156327e-04
-3.725912312064881700e-04
-3.926210667244823377e-04
-4.131710456134829804e-04
-4.342136406111192981e-04
-4.557167348231446055e-04
-4.776448708212348879e-04
-4.999606614058584985e-04
-5.226262494084407250e-04
-5.456047157532513620e-04
-5.688613548900571613e-04
-5.923647605093511955e-04
-6.160876885436321294e-04
-6.400076861424339398e-04
-6.641074929338246615e-04
-6.883752337632183856e-04
-7.128044302987812404e-04
-7.373938629828988246e-04
-7.621473156252391804e-04
-7.870732333790498138e-04
-8.121843217641129412e-04
-8.374971105032194031e-04
-8.630315017684768095e-04
-8.888103183689377356e-04
-9.148588636911879606e-04
-9.412045019584586950e-04
-9.678762646466069304e-04
-9.949044866795501898e-04
-1.022320474281122361e-03
-1.050156205026099186e-03
-1.078444059646752181e-03
-1.107216584450329338e-03
-1.136506282729354703e-03
-1.166345433250654592e-03
-1.196765933748633777e-03
-1.227799167287884838e-03
-1.259475889372124909e-03
-1.291826133738122398e-03
-1.324879134867497756e-03
-1.358663265363881665e-03
-1.393205986466893639e-03
-1.428533810103804844e-03
-1.464672271008861599e-03
-1.501645907569284935e-03
-1.539478250184861483e-03
-1.578191816057271510e-03
-1.617808109455898648e-03
-1.658347626642323221e-03
-1.699829864772958244e-03
-1.742273334239906064e-03
-1.785695574046747541e-03
-1.830113169944039275e-03
-1.875541775158080402e-03
-1.921996133626688091e-03
-1.969490105694892898e-03
-2.018036696214194330e-03
-2.067648084923227360e-03
-2.118335658866214027e-03
-2.170110046433254645e-03
-2.222981152397693165e-03
-2.276958193100175106e-03
-2.332049730714921831e-03
-2.388263705361846900e-03
-2.445607463729530719e-03
-2.504087782880453934e-03
-2.563710888039610891e-03
-2.624482463436248175e-03
-2.686407655672018013e-03
-2.749491069611941819e-03
-2.813736757404636680e-03
-2.879148201895110649e-03
-2.945728296337313083e-03
-3.013479322893103211e-03
-3.082402932854775776e-03
-3.152500131803591833e-03
-3.223771272973844325e-03
-3.296216061907266889e-03
-3.369833575054675782e-03
-3.444622294320320768e-03
-3.520580158688491751e-03
-3.597704633074001387e-03
-3.675992793456529968e-03
-3.755441426272587528e-03
-3.836047139016340087e-03
-3.917806478114995751e-03
-4.000716049452371532e-03
-4.084772636467550073e-03
-4.169973310577126079e-03
-4.256315528778709285e-03
-4.343797213677577304e-03
-4.432416811815574620e-03
-4.522173327032853046e-03
-4.613066326609612487e-03
-4.705095919056209025e-03
-4.798262703588833215e-03
-4.892567692479941020e-03
-4.988012208555924268e-03
-5.084597761075954590e-03
-5.182325904030541178e-03
-5.281198081512981229e-03
-5.381215465227533537e-03
-5.482378789398101998e-03
-5.584688188333615175e-03
-5.688143041706536333e-03
-5.792741832229584414e-03
-5.898482019897502079e-03
-6.005359936331863650e-03
-6.113370702051155840e-03
-6.222508168727363537e-03
-6.332764887708185013e-03
-6.444132105312987482e-03
-6.556599784676007958e-03
-6.670156653229912871e-03
-6.784790274319277975e-03
-6.900487140912348050e-03
-7.017232788952462372e-03
-7.135011927562922435e-03
-7.253808583086265513e-03
-7.373606253800304988e-03
-7.494388072104640232e-03
-7.616136971002476254e-03
-7.738835851804257669e-03
-7.862467750145221701e-03
-7.987015997618758523e-03
-8.112464376583767428e-03
-8.238797265984124443e-03
-8.365999776316756370e-03
-8.494057872194800060e-03
-8.622958481263263628e-03
-8.752689588525208730e-03
-8.883240315430408068e-03
-9.014600983350622501e-03
-9.146763161323047397e-03
-9.279719698172251424e-03
-9.413464739330929670e-03
-9.547993728864627785e-03
-9.683303397361127385e-03
-9.819391736489145942e-03
-9.956257961140420332e-03
-1.009390246017016074e-02
-1.023232673682484932e-02
-1.037153334000691027e-02
-1.051152578757257906e-02
-1.065230848288412600e-02
-1.079388662585560772e-02
-1.093626611972958740e-02
-1.107945347480737523e-02
-1.122345571032657384e-02
-1.136828025563479429e-02
-1.151393485174774176e-02
-1.166042745430454983e-02
-1.180776613884247823e-02
-1.195595900920931598e-02
-1.210501410981448464e-02
-1.225493934229450639e-02
-1.240574238703407578e-02
-1.255743062984632404e-02
-1.271001109398191449e-02
-1.286349037750443743e-02
-1.301787459594628237e-02
-1.317316933005468170e-02
-1.332937957834710342e-02
-1.348650971412256906e-02
-1.364456344653682159e-02
-1.380354378532754230e-02
-1.396345300877876311e-02
-1.412429263455308032e-02
-1.428606339306646815e-02
-1.444876520316251689e-02
-1.461239714992650096e-02
-1.477695746458989288e-02
-1.494244350657561449e-02
-1.510885174784493655e-02
-1.527617775980837263e-02
-1.544441620314899143e-02
-1.561356082098028751e-02
-1.578360443581445713e-02
-1.595453895083787099e-02
-1.612635535599369133e-02
-1.629904373933930076e-02
-1.647259330409692191e-02
-1.664699239172704251e-02
-1.682222851125082103e-02
-1.699828837492120548e-02
-1.717515794020477507e-02
-1.735282245788178149e-02
-1.753126652591629683e-02
-1.771047414859774904e-02
-1.789042880030054794e-02
-1.807111349308572479e-02
-1.825251084723488945e-02
-1.843460316372041649e-02
-1.861737249754642082e-02
-1.880080073084005113e-02
-1.898486964456984338e-02
-1.916956098777387527e-02
-1.935485654322516638e-02
-1.954073818853487021e-02
-1.972718795178990750e-02
-1.991418806093748703e-02
-2.010172098626744619e-02
-2.028976947549912188e-02
-2.047831658113394987e-02
-2.066734567991401414e-02
-2.085684048438608829e-02
-2.104678504674848544e-02
-2.123716375530508224e-02
-2.142796132401569506e-02
-2.161916277575301817e-02
-2.181075342000589681e-02
-2.200271882585887531e-02
-2.219504479116392662e-02
-2.238771730887431297e-02
-2.258072253154633571e-02
-2.277404673502744434e-02
-2.296767628233919653e-02
-2.316159758873929594e-02
-2.335579708889613804e-02
-2.355026120704249715e-02
-2.374497633090106100e-02
-2.393992879007548341e-02
-2.413510483950538632e-02
-2.433049064846127055e-02
-2.452607229545071196e-02
-2.472183576928103921e-02
-2.491776697640151958e-02
-2.511385175453594715e-02
-2.531007589249165829e-02
-2.550642515593035814e-02
-2.570288531877906735e-02
-2.589944219985932175e-02
-2.609608170424474946e-02
-2.629278986876385990e-02
-2.648955291102082082e-02
-2.668635728125131820e-02
-2.688318971629243687e-02
-2.708003729493145550e-02
-2.727688749387698064e-02
-2.747372824361681010e-02
-2.767054798342129598e-02
-2.786733571479560467e-02
-2.806408105271224543e-02
-2.826077427400277078e-02
-2.845740636234443677e-02
-2.865396904933924932e-02
-2.885045485124877046e-02
-2.904685710101439361e-02
-2.924316997527223044e-02
-2.943938851613862179e-02
-2.963550864761976475e-02
-2.983152718656597105e-02
-3.002744184815439935e-02
-3.022325124595409349e-02
-3.041895488667245573e-02
-3.061455315974201744e-02
-3.081004732194476264e-02
-3.100543947730587113e-02
-3.120073255252273081e-02
-3.139593026821013017e-02
-3.159103710626292444e-02
-3.178605827364856806e-02
-3.198099966293805468e-02
-3.217586780989471068e-02
-3.237066984842594530e-02
-3.256541346320138142e-02
-3.276010684023813319e-02
-3.295475861573409632e-02
-3.314937782343098382e-02
-3.334397384077666254e-02
-3.353855633415455534e-02
-3.373313520343591831e-02
-3.392772052611782441e-02
-3.412232250130848438e-02
-3.431695139381863574e-02
-3.451161747862808299e-02
-3.470633098599926886e-02
-3.490110204752717993e-02
-3.509594064340507136e-02
-3.529085655121330656e-02
-3.548585929653080839e-02
-3.568095810568226722e-02
-3.587616186092992127e-02
-3.607147905842754410e-02
-3.626691776923640642e-02
-3.646248560370576874e-02
-3.665818967950162238e-02
-3.685403659353869710e-02
-3.705003239806359955e-02
-3.724618258109440444e-02
-3.744249205138502901e-02
-3.763896512805019190e-02
-3.783560553494175888e-02
-3.803241639980839417e-02
-3.822940025823450688e-02
-3.842655906229480028e-02
-3.862389419380403421e-02
-3.882140648199953331e-02
-3.901909622542641676e-02
-3.921696321776012295e-02
-3.941500677724963514e-02
-3.961322577941437523e-02
-3.981161869260581992e-02
-4.001018361599786854e-02
-4.020891831955239470e-02
-4.040782028549239763e-02
-4.060688675079144466e-02
-4.080611475019419593e-02
-4.100550115928405792e-02
-4.120504273712866788e-02
-4.140473616803503482e-02
-4.160457810200158396e-02
-4.180456519345297772e-02
-4.200469413790521717e-02
-4.220496170623853210e-02
-4.240536477629899825e-02
-4.260590036160719768e-02
-4.280656563699829220e-02
-4.300735796107374442e-02
-4.320827489539301458e-02
-4.340931422039002313e-02
-4.361047394804817151e-02
-4.381175233142636100e-02
-4.401314787115184757e-02
-4.421465931906361224e-02
-4.441628567920946624e-02
-4.461802620644439443e-02
-4.481988040289214964e-02
-4.502184801257081564e-02
-4.522392901448162028e-02
-4.542612361448689767e-02
-4.562843223628559874e-02
-4.583085551182257411e-02
-4.603339427142987689e-02
-4.623604953400645839e-02
-4.643882249751755259e-02
-4.664171453007875945e-02
-4.684472716185074381e-02
-4.704786207796245179e-02
-4.725112111263634479e-02
-4.745450624465449158e-02
-4.765801959428721951e-02
-4.786166342174485305e-02
-4.806544012720842529e-02
-4.826935225243472738e-02
-4.847340248392235235e-02
-4.867759365757640122e-02
-4.888192876478716226e-02
-4.908641095981498836e-02
-4.929104356835240647e-02
-4.949583009710029763e-02
-4.970077424418875567e-02
-4.990587991026604331e-02
-5.011115121004609818e-02
-5.031659248412718305e-02
-5.052220831085699887e-02
-5.072800351804062496e-02
-5.093398319428698445e-02
-5.114015269977687655e-02
-5.134651767626313007e-02
-5.155308405610106726e-02
-5.175985807013099016e-02
-5.196684625423825254e-02
-5.217405545442990039e-02
-5.238149283028580017e-02
-5.258916585663903076e-02
-5.279708232337229634e-02
-5.300525033323477686e-02
-5.321367829757592954e-02
-5.342237492993184150e-02
-5.363134923740729004e-02
-5.384061050980649965e-02
-5.405016830649680276e-02
-5.426003244098897421e-02
-5.447021296324616735e-02
-5.468072013974627221e-02
-5.489156443133897528e-02
-5.510275646895214374e-02
-5.531430702722775483e-02
-5.552622699617717345e-02
-5.573852735095686378e-02
-5.595121911990597746e-02
-5.616431335097214067e-02
-5.637782107668498632e-02
-5.659175327785881393e-02
-5.680612084619804381e-02
-5.702093454602277095e-02
-5.723620497531660412e-02
-5.745194252632913195e-02
-5.766815734595824583e-02
-5.788485929617839115e-02
-5.810205791474174625e-02
-5.831976237642270272e-02
-5.853798145505529488e-02
-5.875672348663211336e-02
-5.897599633370953498e-02
-5.919580735136766719e-02
-5.941616335497946350e-02
-5.963707059001530086e-02
-5.985853470408841054e-02
-6.008056072146367166e-02
-6.030315302020906182e-02
-6.052631531214737459e-02
-6.075005062575764697e-02
-6.097436129214077460e-02
-6.119924893415072675e-02
-6.142471445874189695e-02
-6.165075805258611596e-02
-6.187737918095909118e-02
-6.210457658988257496e-02
-6.233234831147072691e-02
-6.256069167241073981e-02
-6.278960330547543600e-02
-6.301907916392975040e-02
-6.324911453870001032e-02
-6.347970407811047433e-02
-6.371084181001102076e-02
-6.394252116607372638e-02
-6.417473500804035669e-02
-6.440747565567156441e-02
-6.464073491616791067e-02
-6.487450411479438184e-02
-6.510877412645704743e-02
-6.534353540798114313e-02
-6.557877803083227153e-02
-6.581449171402380116e-02
-6.605066585699810588e-02
-6.628728957222156104e-02
-6.652435171729538521e-02
-6.676184092638567935e-02
-6.699974564077265660e-02
-6.723805413837542766e-02
-6.747675456208374056e-02
-6.771583494679596360e-02
-6.795528324504360174e-02
-6.819508735111881603e-02
-6.843523512365085049e-02
-6.867571440658766513e-02
-6.891651304856102889e-02
-6.915761892062673166e-02
-6.939901993241290312e-02
-6.964070404668901149e-02
-6.988265929241903318e-02
-7.012487377635388819e-02
-7.036733569323433413e-02
-7.061003333469727250e-02
-7.085295509696998284e-02
-7.109608948745416157e-02
-7.133942513030661070e-02
-7.158295077111727356e-02
-7.182665528079966444e-02
-7.207052765879351508e-02
-7.231455703569109050e-02
-7.255873267538642812e-02
-7.280304397685040396e-02
-7.304748047561983315e-02
-7.329203184508363556e-02
-7.353668789764271352e-02
-7.378143858582300596e-02
-7.402627400338793184e-02
-7.427118438650993915e-02
-7.451616011503893466e-02
-7.476119171390162299e-02
-7.500626985464577123e-02
-7.525138535714492871e-02
-7.549652919146782049e-02
-7.574169247989731568e-02
-7.598686649909168478e-02
-7.623204268234910763e-02
-7.647721262195514291e-02
-7.672236807156024296e-02
-7.696750094855343838e-02
-7.721260333636183193e-02
-7.745766748662567813e-02
-7.770268582118668166e-02
-7.794765093381415821e-02
-7.819255559160886992e-02
-7.843739273600519590e-02
-7.868215548330576015e-02
-7.892683712466153079e-02
-7.917143112544572370e-02
-7.941593112393359466e-02
-7.966033092923467673e-02
-7.990462451841007230e-02
-8.014880603271744286e-02
-8.039286977292775527e-02
-8.063681019367800740e-02
-8.088062189681553826e-02
-8.112429962370744374e-02
-8.136783824649888863e-02
-8.161123275829819390e-02
-8.185447826231007085e-02
-8.209756995990741268e-02
-8.234050313767253548e-02
-8.258327315344476949e-02
-8.282587542141947590e-02
-8.306830539633607013e-02
-8.331055855686080036e-02
-8.355263038821342247e-02
-8.379451636413265403e-02
-8.403621192828315822e-02
-8.427771247522551634e-02
-8.451901333104548664e-02
-8.476010973378740598e-02
-8.500099681381581562e-02
-8.524166957423807978e-02
-8.548212287154871580e-02
-8.572235139662558179e-02
-8.596234965622158442e-02
-8.620211195512308966e-02
-8.644163237908941699e-02
-8.668090477874432209e-02
-8.691992275454225869e-02
-8.715867964294890524e-02
-8.739716850396034298e-02
-8.763538211007636247e-02
-8.787331293684697009e-02
-8.811095315507173897e-02
-8.834829462475689288e-02
-8.858532889089026918e-02
-8.882204718109278085e-02
-8.905844040519406146e-02
-8.929449915676987426e-02
-8.953021371663896777e-02
-8.976557405833657244e-02
-9.000056985554646949e-02
-9.023519049144756998e-02
-9.046942506994534727e-02
-9.070326242871917799e-02
-9.093669115402547298e-02
-9.116969959715361116e-02
-9.140227589245496220e-02
-9.163440797682227690e-02
-9.186608361051862293e-02
-9.209729039920679095e-02
-9.232801581707446303e-02
-9.255824723089123296e-02
-9.278797192486694378e-02
-9.301717712615870104e-02
-9.324585003088198265e-02
-9.347397783047234343e-02
-9.370154773825642436e-02
-9.392854701607705747e-02
-9.415496300082844272e-02
-9.438078313077968851e-02
-9.460599497153013293e-02
-9.483058624148382743e-02
-9.505454483672544364e-02
-9.527785885517116304e-02
-9.550051661991490470e-02
-9.572250670164982045e-02
-9.594381794009812503e-02
-9.616443946437511214e-02
-9.638436071222147850e-02
-9.660357144804276874e-02
-9.682206177971820760e-02
-9.703982217414894307e-02
-9.725684347152088738e-02
-9.747311689826718140e-02
-9.768863407871870852e-02
-9.790338704546414084e-02
-9.811736824840577853e-02
-9.833057056257232809e-02
-9.854298729467360352e-02
-9.875461218844543143e-02
-9.896543942883498368e-02
-9.917546364506760193e-02
-9.938467991262885104e-02
-9.959308375423070459e-02
-9.980067113980160831e-02
-1.000074384855746956e-01
-1.002133826523205762e-01
-1.004185009427794734e-01
-1.006227910983658602e-01
-1.008262512951815654e-01
-1.010288801394213648e-01
-1.012306766621964282e-01
-1.014316403138427608e-01
-1.016317709577681666e-01
-1.018310688638659756e-01
-1.020295347015472004e-01
-1.022271695324416668e-01
-1.024239748027644392e-01
-1.026199523354181936e-01
-1.028151043218289845e-01
-1.030094333135377765e-01
-1.032029422135803121e-01
-1.033956342676456835e-01
-1.035875130550142909e-01
-1.037785824793245049e-01
-1.039688467591063925e-01
-1.041583104181145331e-01
-1.043469782754430503e-01
-1.045348554354088022e-01
-1.047219472771970389e-01
-1.049082594442564409e-01
-1.050937978334114398e-01
-1.052785685837036439e-01
-1.054625780649255801e-01
-1.056458328658410606e-01
-1.058283397820771188e-01
-1.060101058036748145e-01
-1.061911381022889039e-01
-1.063714440180345971e-01
-1.065510310459657772e-01
-1.067299068222095498e-01
-1.069080791097352656e-01
-1.070855557837734617e-01
-1.072623448169186394e-01
-1.074384542639078427e-01
-1.076138922461211261e-01
-1.077886669358159299e-01
-1.079627865401409370e-01
-1.081362592849781645e-01
-1.083090933986406018e-01
-1.084812970954786848e-01
-1.086528785594741003e-01
-1.088238459278464271e-01
-1.089942072747629859e-01
-1.091639705952067441e-01
-1.093331437890712604e-01
-1.095017346455698926e-01
-1.096697508280068539e-01
-1.098371998590117055e-01
-1.100040891063030768e-01
-1.101704257690503813e-01
-1.103362168649206637e-01
-1.105014692178637459e-01
-1.106661894467267232e-01
-1.108303839547574027e-01
-1.109940589200503203e-01
-1.111572202870086540e-01
-1.113198737588639575e-01
-1.114820247913040491e-01
-1.116436785872506887e-01
-1.118048400928237096e-01
-1.119655139945151673e-01
-1.121257047175888838e-01
-1.122854164257256204e-01
-1.124446530219315454e-01
-1.126034181506635062e-01
-1.127617152011980706e-01
-1.129195473122078658e-01
-1.130769173775337394e-01
-1.132338280530789248e-01
-1.133902817648270306e-01
-1.135462807179056649e-01
-1.137018269066457227e-01
-1.138569221255695124e-01
-1.140115679812531424e-01
-1.141657659049615525e-01
-1.143195171660052190e-01
-1.144728228857118391e-01
-1.146256840519521286e-01
-1.147781015340912231e-01
-1.149300760983143349e-01
-1.150816084232176156e-01
-1.152326991155631919e-01
-1.153833487261120144e-01
-1.155335577654365981e-01
-1.156833267196432924e-01
-1.158326560658733129e-01
-1.159815462875450898e-01
-1.161299978892033624e-01
-1.162780114109445567e-01
-1.164255874423048426e-01
-1.165727266355580799e-01
-1.167194297183533347e-01
-1.168656975056316383e-01
-1.170115309107664786e-01
-1.171569309558781607e-01
-1.173018987812871616e-01
-1.174464356540592669e-01
-1.175905429756145676e-01
-1.177342222883796946e-01
-1.178774752814739368e-01
-1.180203037953971856e-01
-1.181627098257312380e-01
-1.183046955258521687e-01
-1.184462632086511064e-01
-1.185874153472942505e-01
-1.187281545750190487e-01
-1.188684836840014081e-01
-1.190084056233091103e-01
-1.191479234959873235e-01
-1.192870405552999696e-01
-1.194257602001451285e-01
-1.195640859697348207e-01
-1.197020215375285274e-01
-1.198395707044893482e-01
-1.199767373917085406e-01
-1.201135256324396272e-01
-1.202499395635910212e-01
-1.203859834167107096e-01
-1.205216615085318160e-01
-1.206569782311149031e-01
-1.207919380416260791e-01
-1.209265454518008015e-01
-1.210608050171370353e-01
-1.211947213258560280e-01
-1.213282989876658946e-01
-1.214615426223648598e-01
-1.215944568483211530e-01
-1.217270462708681389e-01
-1.218593154706239801e-01
-1.219912689917820176e-01
-1.221229113303888558e-01
-1.222542469226278322e-01
-1.223852801331373474e-01
-1.225160152433810434e-01
-1.226464564400616131e-01
-1.227766078036426484e-01
-1.229064732969382262e-01
-1.230360567538115457e-01
-1.231653618679975221e-01
-1.232943921820273681e-01
-1.234231510762999612e-01
-1.235516417582950416e-01
-1.236798672519226761e-01
-1.238078303870464997e-01
-1.239355337891605430e-01
-1.240629798692564345e-01
-1.241901708138772042e-01
-1.243171085753598248e-01
-1.244437948623128287e-01
-1.245702311303128612e-01
-1.246964185728388491e-01
-1.248223581124945081e-01
-1.249480503924881025e-01
-1.250734957684386806e-01
-1.251986943004904373e-01
-1.253236457457916897e-01
-1.254483495513452618e-01
-1.255728048472656566e-01
-1.256970104404668831e-01
-1.258209648088221277e-01
-1.259446660957959652e-01
-1.260681121056120846e-01
-1.261913002989740740e-01
-1.263142277893605780e-01
-1.264368913399435135e-01
-1.265592873611429969e-01
-1.266814119088572888e-01
-1.268032606833875420e-01
-1.269248290291022929e-01
-1.270461119348335610e-01
-1.271671040350482451e-01
-1.272877996118194355e-01
-1.274081925975894258e-01
-1.275282765787642270e-01
-1.276480448001321155e-01
-1.277674901701164600e-01
-1.278866052668722331e-01
-1.280053823452128592e-01
-1.281238133443643179e-01
-1.282418898965558829e-01
-1.283596033364035605e-01
-1.284769447110944152e-01
-1.285939047913158828e-01
-1.287104740829482230e-01
-1.288266428394545804e-01
-1.289424010749442850e-01
-1.290577385778759190e-01
-1.291726449253440823e-01
-1.292871094979092250e-01
-1.294011214949330746e-01
-1.295146699503531285e-01
-1.296277437488399520e-01
-1.297403316422909292e-01
-1.298524222665932981e-01
-1.299640041585893580e-01
-1.300750657732014925e-01
-1.301855955006223364e-01
-1.302955816835335290e-01
-1.304050126342870541e-01
-1.305138766519548521e-01
-1.306221620392273575e-01
-1.307298571190674275e-01
-1.308369502510621230e-01
-1.309434298474310976e-01
-1.310492843886181535e-01
-1.311545024384105917e-01
-1.312590726585525225e-01
-1.313629838227875213e-01
-1.314662248302740366e-01
-1.315687847183738823e-01
-1.316706526747332684e-01
-1.317718180486407431e-01
-1.318722703616393155e-01
-1.319719993173532335e-01
-1.320709948104997755e-01
-1.321692469351065102e-01
-1.322667459918892841e-01
-1.323634824947880206e-01
-1.324594471766622206e-01
-1.325546309941499079e-01
-1.326490251316717606e-01
-1.327426210046282473e-01
-1.328354102617604338e-01
-1.329273847867240566e-01
-1.330185366988702045e-01
-1.331088583532736014e-01
-1.331983423400260880e-01
-1.332869814828142319e-01
-1.333747688368256412e-01
-1.334616976860141802e-01
-1.335477615397523687e-01
-1.336329541289016931e-01
-1.337172694013655239e-01
-1.338007015171195913e-01
-1.338832448427970112e-01
-1.339648939458508159e-01
-1.340456435883284336e-01
-1.341254887203070789e-01
-1.342044244730206393e-01
-1.342824461517310164e-01
-1.343595492283677917e-01
-1.344357293339829562e-01
-1.345109822510311137e-01
-1.345853039055584233e-01
-1.346586903592845441e-01
-1.347311378016495531e-01
-1.348026425418158425e-01
-1.348732010006918614e-01
-1.349428097029904405e-01
-1.350114652693364115e-01
-1.350791644084701759e-01
-1.351459039095462278e-01
-1.352116806345752542e-01
-1.352764915110053756e-01
-1.353403335244744987e-01
-1.354032037117492704e-01
-1.354650991538626226e-01
-1.355260169694705308e-01
-1.355859543084501073e-01
-1.356449083457222649e-01
-1.357028762753405837e-01
-1.357598553048694756e-01
-1.358158426500047922e-01
-1.358708355295103198e-01
-1.359248311604546455e-01
-1.359778267537569696e-01
-1.360298195100405338e-01
-1.360808066158342156e-01
-1.361307852401069385e-01
-1.361797525311442547e-01
-1.362277056137995712e-01
-1.362746415870915717e-01
-1.363205575221891619e-01
-1.363654504607774431e-01
-1.364093174138102660e-01
-1.364521553606838078e-01
-1.364939612487919562e-01
-1.365347319935112103e-01
-1.365744644786092699e-01
-1.366131555570820610e-01
-1.366508020524207223e-01
-1.366874007603280650e-01
-1.367229484508798165e-01
-1.367574418711303141e-01
-1.367908777481765259e-01
-1.368232527926634134e-01
-1.368545637027522854e-01
-1.368848071685354606e-01
-1.369139798768955196e-01
-1.369420785168107835e-01
-1.369690997850964431e-01
-1.369950403925795090e-01
-1.370198970706769104e-01
-1.370436665783893448e-01
-1.370663457096788496e-01
-1.370879313012287049e-01
-1.371084202405451480e-01
-1.371278094744125819e-01
-1.371460960176333066e-01
-1.371632769620864389e-01
-1.371793494860217011e-01
-1.371943108635967357e-01
-1.372081584746074612e-01
-1.372208898143944811e-01
-1.372325025038763358e-01
-1.372429942996785668e-01
-1.372523631043400250e-01
-1.372606069765206771e-01
-1.372677241412148252e-01
-1.372737129998898298e-01
-1.372785721405411219e-01
-1.372823003476045800e-01
-1.372848966116927416e-01
-1.372863601391025035e-01
-1.372866903610746314e-01
-1.372858869427533712e-01
-1.372839497917868190e-01
-1.372808790665673295e-01
-1.372766751840434896e-01
-1.372713388270928869e-01
-1.372648709513867027e-01
-1.372572727917496238e-01
-1.372485458679620629e-01
-1.372386919899848123e-01
-1.372277132625755736e-01
-1.372156120892721043e-01
-1.372023911757365988e-01
-1.371880535324170314e-01
-1.371726024765274887e-01
-1.371560416333252042e-01
-1.371383749366922866e-01
-1.371196066289932791e-01
-1.370997412602168175e-01
-1.370787836864001130e-01
-1.370567390673345376e-01
-1.370336128635619433e-01
-1.370094108326605775e-01
-1.369841390248558166e-01
-1.369578037779381752e-01
-1.369304117115224262e-01
-1.369019697206751707e-01
-1.368724849689141043e-01
-1.368419648806081246e-01
-1.368104171328099750e-01
-1.367778496465600069e-01
-1.367442705776546197e-01
-1.367096883069456592e-01
-1.366741114301940896e-01
-1.366375487474947859e-01
-1.366000092523414200e-01
-1.365615021203272772e-01
-1.365220366975494204e-01
-1.364816224887424045e-01
-1.364402691451755967e-01
-1.363979864523371943e-01
-1.363547843174878205e-01
-1.363106727570666532e-01
-1.362656618840162315e-01
-1.362197618950581335e-01
-1.361729830579512524e-01
-1.361253356987614238e-01
-1.360768301891845389e-01
-1.360274769339547274e-01
-1.359772863583624813e-01
-1.359262688959081977e-01
-1.358744349761402959e-01
-1.358217950126749951e-01
-1.357683593914647824e-01
-1.357141384592859268e-01
-1.356591425125112660e-01
-1.356033817861789226e-01
-1.355468664433654435e-01
-1.354896065648879544e-01
-1.354316121393616956e-01
-1.353728930536156616e-01
-1.353134590834934314e-01
-1.352533198850367213e-01
-1.351924849860823563e-01
-1.351309637782510675e-01
-1.350687655093850692e-01
-1.350058992764026078e-01
-1.349423740185966558e-01
-1.348781985113760018e-01
-1.348133813604471543e-01
-1.347479309964653982e-01
-1.346818556701440128e-01
-1.346151634478052750e-01
-1.345478622074078034e-01
-1.344799596350317317e-01
-1.344114632218211536e-01
-1.343423802613899765e-01
-1.342727178476957051e-01
-1.342024828733545949e-01
-1.341316820284183253e-01
-1.340603217996002572e-01
-1.339884084699447808e-01
-1.339159481189349243e-01
-1.338429466230464382e-01
-1.337694096567038637e-01
-1.336953426936768607e-01
-1.336207510088663619e-01
-1.335456396805139445e-01
-1.334700135927783249e-01
-1.333938774387085358e-01
-1.333172357235680727e-01
-1.332400927685276626e-01
-1.331624527146830772e-01
-1.330843195274085122e-01
-1.330056970010081996e-01
-1.329265887636601751e-01
-1.328469982826488982e-01
-1.327669288698329619e-01
-1.326863836873590219e-01
-1.326053657535847807e-01
-1.325238779491987595e-01
-1.324419230235082401e-01
-1.323595036008728132e-01
-1.322766221872673509e-01
-1.321932811769361282e-01
-1.321094828591312109e-01
-1.320252294248865088e-01
-1.319405229738160046e-01
-1.318553655209160902e-01
-1.317697590033259369e-01
-1.316837052870289682e-01
-1.315972061734865250e-01
-1.315102634061284526e-01
-1.314228786767319135e-01
-1.313350536316171546e-01
-1.312467898776528974e-01
-1.311580889880603062e-01
-1.310689525079503093e-01
-1.309793819596034026e-01
-1.308893788474741748e-01
-1.307989446628558816e-01
-1.307080808882362111e-01
-1.306167890012880084e-01
-1.305250704784982341e-01
-1.304329267983948271e-01
-1.303403594443924562e-01
-1.302473699071984015e-01
-1.301539596868087900e-01
-1.300601302940626036e-01
-1.299658832517487095e-01
-1.298712200952571449e-01
-1.297761423727861185e-01
-1.296806516450761393e-01
-1.295847494847081616e-01
-1.294884374749370737e-01
-1.293917172080663869e-01
-1.292945902833912419e-01
-1.291970583047029053e-01
-1.290991228773709365e-01
-1.290007856050018054e-01
-1.289020480857031303e-01
-1.288029119079854290e-01
-1.287033786462606633e-01
-1.286034498560247041e-01
-1.285031270687114202e-01
-1.284024117862341274e-01
-1.283013054752572546e-01
-1.281998095612017496e-01
-1.280979254220394881e-01
-1.279956543818665526e-01
-1.278929977043177513e-01
-1.277899565858284514e-01
-1.276865321487760108e-01
-1.275827254345405781e-01
-1.274785373965047486e-01
-1.273739688930095038e-01
-1.272690206803349100e-01
-1.271636934056890045e-01
-1.270579876002659869e-01
-1.269519036723848748e-01
-1.268454419007464806e-01
-1.267386024278328305e-01
-1.266313852534680928e-01
-1.265237902285786531e-01
-1.264158170491785360e-01
-1.263074652505863371e-01
-1.261987342019149361e-01
-1.260896231008557522e-01
-1.259801309687468840e-01
-1.258702566459937167e-01
-1.257599987878232350e-01
-1.256493558603991589e-01
-1.255383261373142212e-01
-1.254269076964798224e-01
-1.253150984173939664e-01
-1.252028959788550333e-01
-1.250902978570690161e-01
-1.249773013242041209e-01
-1.248639034473750797e-01
-1.247501010880727040e-01
-1.246358909020339328e-01
-1.245212693395667397e-01
-1.244062326463179352e-01
-1.242907768644992694e-01
-1.241748978345440652e-01
-1.240585911972299643e-01
-1.239418523962255991e-01
-1.238246766810844196e-01
-1.237070591106678302e-01
-1.235889945569908499e-01
-1.234704777094808997e-01
-1.233515030796483031e-01
-1.232320650061555223e-01
-1.231121576602620810e-01
-1.229917750516635877e-01
-1.228709110346782457e-01
-1.227495593147830549e-01
-1.226277134554992626e-01
-1.225053668855877048e-01
-1.223825129065645723e-01
-1.222591447004940796e-01
-1.221352553380654488e-01
-1.220108377869227601e-01
-1.218858849202439504e-01
-1.217603895255368607e-01
-1.216343443136478075e-01
-1.215077419279545906e-01
-1.213805749537189976e-01
-1.212528359275965029e-01
-1.211245173472739051e-01
-1.209956116812185428e-01
-1.208661113785087365e-01
-1.207360088787402252e-01
-1.206052966219710310e-01
-1.204739670586940925e-01
-1.203420126598221673e-01
-1.202094259266467263e-01
-1.200761994007570749e-01
-1.199423256739170635e-01
-1.198077973978338706e-01
-1.196726072938482655e-01
-1.195367481624893258e-01
-1.194002128928846329e-01
-1.192629944720073332e-01
-1.191250859937310752e-01
-1.189864806676890069e-01
-1.188471718278978906e-01
-1.187071529411369841e-01
-1.185664176150570959e-01
-1.184249596060206883e-01
-1.182827728266300088e-01
-1.181398513529267613e-01
-1.179961894312827608e-01
-1.178517814849251999e-01
-1.177066221200947227e-01
-1.175607061318397206e-01
-1.174140285094056602e-01
-1.172665844412367625e-01
-1.171183693195589626e-01
-1.169693787445478111e-01
-1.168196085280583524e-01
-1.166690546969385567e-01
-1.165177134958937516e-01
-1.163655813899013847e-01
-1.162126550661973651e-01
-1.160589314358091706e-01
-1.159044076346432278e-01
-1.157490810241262602e-01
-1.155929491914213791e-01
-1.154360099491979069e-01
-1.152782613349851160e-01
-1.151197016100917042e-01
-1.149603292581302671e-01
-1.148001429831388143e-01
-1.146391417073025498e-01
-1.144773245683270019e-01
-1.143146909164256403e-01
-1.141512403109901097e-01
-1.139869725169086467e-01
-1.138218875005925640e-01
-1.136559854257077617e-01
-1.134892666486378154e-01
-1.133217317137027724e-01
-1.131533813481360312e-01
-1.129842164568727048e-01
-1.128142381171422237e-01
-1.126434475729039403e-01
-1.124718462291507820e-01
-1.122994356460914334e-01
-1.121262175332463085e-01
-1.119521937434789643e-01
-1.117773662669818563e-01
-1.116017372252454121e-01
-1.114253088650294238e-01
-1.112480835523654288e-01
-1.110700637666002799e-01
-1.108912520945197627e-01
-1.107116512245611556e-01
-1.105312639411426823e-01
-1.103500931191230133e-01
-1.101681417184099815e-01
-1.099854127787477376e-01
-1.098019094146933661e-01
-1.096176348107858328e-01
-1.094325922169354370e-01
-1.092467849440626193e-01
-1.090602163599694724e-01
-1.088728898854622318e-01
-1.086848089907653386e-01
-1.084959771921836236e-01
-1.083063980490745204e-01
-1.081160751611033172e-01
-1.079250121657908956e-01
-1.077332127363684472e-01
-1.075406805799406784e-01
-1.073474194359452794e-01
-1.071534330749371738e-01
-1.069587252976587216e-01
-1.067632999344316908e-01
-1.065671608448426899e-01
-1.063703119177249606e-01
-1.061727570714456614e-01
-1.059745002544636161e-01
-1.057755454461828254e-01
-1.055758966580660485e-01
-1.053755579350160593e-01
-1.051745333570115598e-01
-1.049728270409817782e-01
-1.047704431429185568e-01
-1.045673858601950251e-01
-1.043636594341106338e-01
-1.041592681526160302e-01
-1.039542163532219538e-01
-1.037485084260691970e-01
-1.035421488171538174e-01
-1.033351420316844793e-01
-1.031274926375648909e-01
-1.029192052689741760e-01
-1.027102846300365913e-01
-1.025007354985629920e-01
-1.022905627298482945e-01
-1.020797712605069907e-01
-1.018683661123323675e-01
-1.016563523961468013e-01
-1.014437353156598109e-01
-1.012305201712879743e-01
-1.010167123639287567e-01
-1.008023173986689613e-01
-1.005873408884213893e-01
-1.003717885574600122e-01
-1.001556662448531559e-01
-9.993897990775903184e-02
-9.972173562458698515e-02
-9.950393959800185595e-02
-9.928559815775354902e-02
-9.906671776331944790e-02
-9.884730500634697492e-02
-9.862736661289139839e-02
-9.840690944541491403e-02
-9.818594050455434208e-02
-9.796446693063828870e-02
-9.774249600493764567e-02
-9.752003515065715833e-02
-9.729709193363225705e-02
-9.707367406274240718e-02
-9.684978939002544807e-02
-9.662544591048417841e-02
-9.640065176158250926e-02
-9.617541522241833396e-02
-9.594974471258148341e-02
-9.572364879067578325e-02
-9.549713615251916032e-02
-9.527021562900497842e-02
-9.504289618363363779e-02
-9.481518690970774932e-02
-9.458709702719650392e-02
-9.435863587926193730e-02
-9.412981292846991921e-02
-9.390063775266568880e-02
-9.367112004053416985e-02
-9.344126958684484396e-02
-9.321109628739120134e-02
-9.298061013362984850e-02
-9.274982120703120780e-02
-9.251873967315159264e-02
-9.228737577542675541e-02
-9.205573982871907701e-02
-9.182384221261322144e-02
-9.159169336448755305e-02
-9.135930377235373934e-02
-9.112668396750941979e-02
-9.089384451699825118e-02
-9.066079601589918657e-02
-9.042754907946055909e-02
-9.019411433511097254e-02
-8.996050241434458417e-02
-8.972672394450896538e-02
-8.949278954051624602e-02
-8.925870979649598580e-02
-8.902449527740904922e-02
-8.879015651064042780e-02
-8.855570397759710000e-02
-8.832114810532031013e-02
-8.808649925814576731e-02
-8.785176772942299150e-02
-8.761696373332035492e-02
-8.738209739671995435e-02
-8.714717875124658453e-02
-8.691221772543217261e-02
-8.667722413703288220e-02
-8.644220768553206868e-02
-8.620717794483077900e-02
-8.597214435615432859e-02
-8.573711622118261599e-02
-8.550210269542539432e-02
-8.526711278185089560e-02
-8.503215532479461991e-02
-8.479723900414783133e-02
-8.456237232984438468e-02
-8.432756363665296073e-02
-8.409282107929035022e-02
-8.385815262786185109e-02
-8.362356606363643974e-02
-8.338906897516243366e-02
-8.315466875473205566e-02
-8.292037259520357306e-02
-8.268618748717476707e-02
-8.245212021651592005e-02
-8.221817736226802453e-02
-8.198436529489985802e-02
-8.175069017492521406e-02
-8.151715795188067826e-02
-8.128377436365448461e-02
-8.105054493617105948e-02
-8.081747498343160030e-02
-8.058456960788180912e-02
-8.035183370112453094e-02
-8.011927194495077620e-02
-7.988688881270501752e-02
-7.965468857094383515e-02
-7.942267528140321831e-02
-7.919085280325688370e-02
-7.895922479564043694e-02
-7.872779472045608740e-02
-7.849656584541400695e-02
-7.826554124732777729e-02
-7.803472381563178462e-02
-7.780411625609869042e-02
-7.757372109476573518e-02
-7.734354068204153665e-02
-7.711357719697231605e-02
-7.688383265167186842e-02
-7.665430889587662722e-02
-7.642500762161909267e-02
-7.619593036801655672e-02
-7.596707852613843182e-02
-7.573845334395015727e-02
-7.551005593131372706e-02
-7.528188726502654804e-02
-7.505394819388712391e-02
-7.482623944376985692e-02
-7.459876162269536704e-02
-7.437151522587862051e-02
-7.414450064074652735e-02
-7.391771815190238681e-02
-7.369116794602850740e-02
-7.346485011671533005e-02
-7.323876466919682082e-02
-7.301291152498594339e-02
-7.278729052639430763e-02
-7.256190144093020711e-02
-7.233674396556052932e-02
-7.211181773082399327e-02
-7.188712230478291887e-02
-7.166265719681702562e-02
-7.143842186124538252e-02
-7.121441570075505434e-02
-7.099063806965297263e-02
-7.076708827691405301e-02
-7.054376558903273364e-02
-7.032066923267066283e-02
-7.009779839709026628e-02
-6.987515223637327799e-02
-6.965272987143071581e-02
-6.943053039178846697e-02
-6.920855285715354910e-02
-6.898679629876389163e-02
-6.876525972051936164e-02
-6.854394209989352060e-02
-6.832284238862956771e-02
-6.810195951321904029e-02
-6.788129237518042425e-02
-6.766083985112140986e-02
-6.744060079260728868e-02
-6.722057402583367369e-02
-6.700075835110780309e-02
-6.678115254215363783e-02
-6.656175534524003123e-02
-6.634256547814093574e-02
-6.612358162894370339e-02
-6.590480245471254384e-02
-6.568622658000955461e-02
-6.546785259529747103e-02
-6.524967905522119360e-02
-6.503170447679075539e-02
-6.481392733747398660e-02
-6.459634607320981214e-02
-6.437895907635529658e-02
-6.416176469358346457e-02
-6.394476122373911331e-02
-6.372794691568091363e-02
-6.351131996609536701e-02
-6.329487851732794323e-02
-6.307862065522278072e-02
-6.286254440699869106e-02
-6.264664773916797658e-02
-6.243092855551492237e-02
-6.221538469514580061e-02
-6.200001393062563176e-02
-6.178481396621805788e-02
-6.156978243623772301e-02
-6.135491690352157246e-02
-6.114021485804499445e-02
-6.092567371569022200e-02
-6.071129081716906961e-02
-6.049706342712518614e-02
-6.028298873341032121e-02
-6.006906384656410247e-02
-5.985528579948948963e-02
-5.964165154734470814e-02
-5.942815796764282926e-02
-5.921480186058786926e-02
-5.900157994963717289e-02
-5.878848888229931680e-02
-5.857552523118120941e-02
-5.836268549527268146e-02
-5.814996610148447098e-02
-5.793736340644067839e-02
-5.772487369851212607e-02
-5.751249320011329880e-02
-5.730021807024620467e-02
-5.708804440729862290e-02
-5.687596825208569851e-02
-5.666398559114267652e-02
-5.645209236025361399e-02
-5.624028444821868589e-02
-5.602855770085525544e-02
-5.581690792522334826e-02
-5.560533089406353990e-02
-5.539382235045017810e-02
-5.518237801264438275e-02
-5.497099357913520778e-02
-5.475966473386571082e-02
-5.454838715163034396e-02
-5.433715650362999638e-02
-5.412596846317461324e-02
-5.391481871152371819e-02
-5.370370294385138493e-02
-5.349261687531314813e-02
-5.328155624722307609e-02
-5.307051683329847697e-02
-5.285949444598189023e-02
-5.264848494281743063e-02
-5.243748423286165306e-02
-5.222648828312360242e-02
-5.201549312501307226e-02
-5.180449486078497062e-02
-5.159348966996504110e-02
-5.138247381574131273e-02
-5.117144365130250200e-02
-5.096039562611932860e-02
-5.074932629214572860e-02
-5.053823230992796067e-02
-5.032711045460463994e-02
-5.011595762179249514e-02
-4.990477083334249331e-02
-4.969354724294056808e-02
-4.948228414155862037e-02
-4.927097896273281707e-02
-4.905962928766245679e-02
-4.884823285011376942e-02
-4.863678754112488178e-02
-4.842529141349387334e-02
-4.821374268604691760e-02
-4.800213974767723185e-02
-4.779048116114311545e-02
-4.757876566661831813e-02
-4.736699218499124814e-02
-4.715515982090905805e-02
-4.694326786554599978e-02
-4.673131579911248001e-02
-4.651930329308597012e-02
-4.630723021216542890e-02
-4.609509661594486662e-02
-4.588290276031108811e-02
-4.567064909855202831e-02
-4.545833628218410444e-02
-4.524596516149661379e-02
-4.503353678581451663e-02
-4.482105240348027708e-02
-4.460851346155641356e-02
-4.439592160525609316e-02
-4.418327867710052093e-02
-4.397058671580836298e-02
-4.375784795492395490e-02
-4.354506482118956912e-02
-4.333223993266534929e-02
-4.311937609660983911e-02
-4.290647630712026567e-02
-4.269354374254657331e-02
-4.248058176268735414e-02
-4.226759390577351089e-02
-4.205458388525266239e-02
-4.184155558638023159e-02
-4.162851306262848466e-02
-4.141546053193276289e-02
-4.120240237276813489e-02
-4.098934312008743752e-02
-4.077628746111729846e-02
-4.056324023103631549e-02
-4.035020640853424767e-02
-4.013719111127739964e-02
-3.992419959128410550e-02
-3.971123723022470381e-02
-3.949830953466370448e-02
-3.928542213125122556e-02
-3.907258076187722362e-02
-3.885979127880233308e-02
-3.864705963977878300e-02
-3.843439190317151505e-02
-3.822179422309501806e-02
-3.800927284457307487e-02
-3.779683409873910854e-02
-3.758448439808393521e-02
-3.737223023176601544e-02
-3.716007816099096972e-02
-3.694803481447563043e-02
-3.673610688400330559e-02
-3.652430112008351465e-02
-3.631262432772036641e-02
-3.610108336230134080e-02
-3.588968512561800661e-02
-3.567843656201769714e-02
-3.546734465470326170e-02
-3.525641642217973437e-02
-3.504565891486036144e-02
-3.483507921182919104e-02
-3.462468441777162564e-02
-3.441448166007636533e-02
-3.420447808610641016e-02
-3.399468086064984934e-02
-3.378509716354583664e-02
-3.357573418748751454e-02
-3.336659913600902028e-02
-3.315769922164691491e-02
-3.294904166428331421e-02
-3.274063368966338011e-02
-3.253248252808951108e-02
-3.232459541328547292e-02
-3.211697958143149706e-02
-3.190964227035718997e-02
-3.170259071890275948e-02
-3.149583216642669325e-02
-3.128937385246632202e-02
-3.108322301653870107e-02
-3.087738689807457970e-02
-3.067187273648216972e-02
-3.046668777133101913e-02
-3.026183924264452818e-02
-3.005733439129606652e-02
-2.985318045949951135e-02
-2.964938469138250418e-02
-2.944595433363444634e-02
-2.924289663622185731e-02
-2.904021885315183349e-02
-2.883792824328761453e-02
-2.863603207119186714e-02
-2.843453760799603824e-02
-2.823345213228006453e-02
-2.803278293095912838e-02
-2.783253730015623414e-02
-2.763272254605948774e-02
-2.743334598574810601e-02
-2.723441494798163956e-02
-2.703593677393712272e-02
-2.683791881788772510e-02
-2.664036844781202118e-02
-2.644329304592614449e-02
-2.624670000912734946e-02
-2.605059674934166736e-02
-2.585499069376673981e-02
-2.565988928500457372e-02
-2.546529998107330273e-02
-2.527123025529130068e-02
-2.507768759602842235e-02
-2.488467950631810532e-02
-2.469221350332613529e-02
-2.450029711766587431e-02
-2.430893789256147880e-02
-2.411814338285332010e-02
-2.392792115384076435e-02
-2.373827877995873109e-02
-2.354922384329079937e-02
-2.336076393191180087e-02
-2.317290663806165218e-02
-2.298565955614937512e-02
-2.279903028058985481e-02
-2.261302640346834689e-02
-2.242765551204083108e-02
-2.224292518606659289e-02
-2.205884299498061391e-02
-2.187541649490401530e-02
-2.169265322550124886e-02
-2.151056070668370956e-02
-2.132914643516690620e-02
-2.114841788088759472e-02
-2.096838248328456236e-02
-2.078904764744983480e-02
-2.061042074015790801e-02
-2.043250908578052999e-02
-2.025531996209084529e-02
-2.007886059597228240e-02
-1.990313815903336364e-02
-1.972815976314271427e-02
-1.955393245588917667e-02
-1.938046321597970342e-02
-1.920775894858204463e-02
-1.903582648062454238e-02
-1.886467255606299326e-02
-1.869430383112213184e-02
-1.852472686952661568e-02
-1.835594813772887732e-02
-1.818797400014500465e-02
-1.802081071441121590e-02
-1.785446442667164291e-02
-1.768894116690580484e-02
-1.752424684430846369e-02
-1.736038724273449366e-02
-1.719736801621387506e-02
-1.703519468455455890e-02
-1.687387262903798299e-02
-1.671340708822083646e-02
-1.655380315384976514e-02
-1.639506576690452980e-02
-1.623719971377232327e-02
-1.608020962256742625e-02
-1.592409995960260977e-02
-1.576887502602267177e-02
-1.561453895460668088e-02
-1.546109570674736484e-02
-1.530854906961483415e-02
-1.515690265351253389e-02
-1.500615988943075109e-02
-1.485632402680360509e-02
-1.470739813147614074e-02
-1.455938508388456704e-02
-1.441228757745605625e-02
-1.426610811723096756e-02
-1.412084901871094381e-02
-1.397651240693572640e-02
-1.383310021579010722e-02
-1.369061418754366488e-02
-1.354905587262367032e-02
-1.340842662962133877e-02
-1.326872762553197790e-02
-1.312995983622746929e-02
-1.299212404716008039e-02
-1.285522085429566946e-02
-1.271925066527257626e-02
-1.258421370078489747e-02
-1.245010999618528791e-02
-1.231693940330380772e-02
-1.218470159247699199e-02
-1.205339605478179983e-02
-1.192302210447078632e-02
-1.179357888159851368e-02
-1.166506535483692077e-02
-1.153748032446793963e-02
-1.141082242554926178e-02
-1.128509013124268968e-02
-1.116028175629926039e-02
-1.103639546068939555e-02
-1.091342925337289091e-02
-1.079138099619482254e-02
-1.067024840790127722e-02
-1.055002906826466719e-02
-1.043072042230674783e-02
-1.031231978461111080e-02
-1.019482434371520030e-02
-1.007823116656813602e-02
-9.962537203048784859e-03
-9.847739290530172288e-03
-9.733834158480381832e-03
-9.620818433091055805e-03
-9.508688641921780871e-03
-9.397441218549641359e-03
-9.287072507214904141e-03
-9.177578767453677469e-03
-9.068956178705796234e-03
-8.961200844889476852e-03
-8.854308798933584190e-03
-8.748276007258366793e-03
-8.643098374195671077e-03
-8.538771746340684254e-03
-8.435291916827755351e-03
-8.332654629520515679e-03
-8.230855583111398172e-03
-8.129890435122986980e-03
-8.029754805804400694e-03
-7.930444281916776417e-03
-7.831954420403143199e-03
-7.734280751936405997e-03
-7.637418784342730506e-03
-7.541364005894185367e-03
-7.446111888468764754e-03
-7.351657890574007058e-03
-7.257997460231637062e-03
-7.165126037721882869e-03
-7.073039058185112693e-03
-6.981731954080780227e-03
-6.891200157502162457e-03
-6.801439102348065188e-03
-6.712444226350920348e-03
-6.624210972963623899e-03
-6.536734793105162915e-03
-6.450011146768499549e-03
-6.364035504491932262e-03
-6.278803348698108050e-03
-6.194310174902387459e-03
-6.110551492796254848e-03
-6.027522827208688268e-03
-5.945219718950312329e-03
-5.863637725545366511e-03
-5.782772421856762456e-03
-5.702619400609691171e-03
-5.623174272819935794e-03
-5.544432668132989218e-03
-5.466390235080048968e-03
-5.389042641258049403e-03
-5.312385573440047380e-03
-5.236414737623791039e-03
-5.161125859024748817e-03
-5.086514682022025106e-03
-5.012576970063105722e-03
-4.939308505536510983e-03
-4.866705089618715042e-03
-4.794762542103902722e-03
-4.723476701222847039e-03
-4.652843423459992155e-03
-4.582858583375325028e-03
-4.513518073438234877e-03
-4.444817803881243035e-03
-4.376753702580825703e-03
-4.309321714971741171e-03
-4.242517804002223641e-03
-4.176337950136465617e-03
-4.110778151410949578e-03
-4.045834423550588588e-03
-3.981502800150497554e-03
-3.917779332929546485e-03
-3.854660092060465792e-03
-3.792141166581483157e-03
-3.730218664894562573e-03
-3.668888715354034612e-03
-3.608147466949901405e-03
-3.547991090088827796e-03
-3.488415777476499332e-03
-3.429417745103921847e-03
-3.370993233339485400e-03
-3.313138508128827837e-03
-3.255849862304776091e-03
-3.199123617006634050e-03
-3.142956123211068653e-03
-3.087343763373563785e-03
-3.032282953180395150e-03
-2.977770143410068786e-03
-2.923801821903639075e-03
-2.870374515641049579e-03
-2.817484792922434617e-03
-2.765129265650834080e-03
-2.713304591714055507e-03
-2.662007477461356998e-03
-2.611234680271984181e-03
-2.560983011210690545e-03
-2.511249337765314102e-03
-2.462030586661975544e-03
-2.413323746752404908e-03
-2.365125871966947905e-03
-2.317434084327994834e-03
-2.270245577016785209e-03
-2.223557617487300145e-03
-2.177367550620168749e-03
-2.131672801909305272e-03
-2.086470880673811645e-03
-2.041759383287639670e-03
-1.997535996419135505e-03
-1.953798500272435970e-03
-1.910544771822736279e-03
-1.867772788037225500e-03
-1.825480629073098935e-03
-1.783666481444890622e-03
-1.742328641152318973e-03
-1.701465516760317142e-03
-1.661075632423221569e-03
-1.621157630844645208e-03
-1.581710276164827178e-03
-1.542732456767333376e-03
-1.504223187997441461e-03
-1.466181614784255183e-03
-1.428607014158777373e-03
-1.391498797660720155e-03
-1.354856513626997690e-03
-1.318679849354744641e-03
-1.282968633132393734e-03
-1.247722836132380501e-03
-1.212942574159558279e-03
-1.178628109249500429e-03
-1.144779851111380224e-03
-1.111398358410541900e-03
-1.078484339886177359e-03
-1.046038655299856698e-03
-1.014062316211120258e-03
-9.825564865769095043e-04
-9.515224831716873402e-04
-9.209617758261456032e-04
-8.908759874821914598e-04
-8.612668940626173062e-04
-8.321364241545543914e-04
-8.034866585059091551e-04
-7.753198293346257215e-04
-7.476383194511426354e-04
-7.204446611946010125e-04
-6.937415351842417558e-04
-6.675317688874237440e-04
-6.418183350065101087e-04
-6.166043496871249398e-04
-5.918930705507303167e-04
-5.676878945549512605e-04
-5.439923556854605550e-04
-5.208101224835921935e-04
-4.981449954143514838e-04
-4.760009040796872224e-04
-4.543819042824730247e-04
-4.332921749467477874e-04
-4.127360149002110836e-04
-3.927178395252756333e-04
-3.732421772852667912e-04
-3.543136661325464558e-04
-3.359370498056315894e-04
-3.181171740226023488e-04
-3.008589825783050003e-04
-2.841675133529609890e-04
-2.680478942400528193e-04
-2.525053390013612528e-04
-2.375451430572547392e-04
-2.231726792203413720e-04
-2.093933933806784201e-04
-1.962128001507435393e-04
-1.836364784784195255e-04
-1.716700672362333601e-04
-1.603192607949942912e-04
-1.495898045900120139e-04
-1.394874906878995342e-04
-1.300181533619458921e-04
-1.211876646838491159e-04
-1.130019301395060504e-04
-1.054668842763651677e-04
-9.858848638963838950e-05
-9.237271625450952229e-05
-8.682556991122815078e-05
-8.195305550972670433e-05
-7.776118922013966852e-05
-7.425599121534402942e-05
-7.144348173131862705e-05
-6.932967721085308221e-05
-6.792058653578895934e-05
-6.722220735263610681e-05
-6.724052249610203494e-05
-6.798149651467975182e-05
-6.945107230210696540e-05
-7.165516783811617149e-05
-7.459967304152800892e-05
-7.829044673837513141e-05
-8.273331374733233626e-05
-8.793406208434482866e-05
-9.389844028796960423e-05
-1.006321548665479657e-04
-1.081408678679160598e-04
-1.164301945720137149e-04
-1.255057013063125412e-04
-1.353729033836366456e-04
-1.460372631615817303e-04
-1.575041882223333510e-04
-1.697790296713484694e-04
-1.828670805529872365e-04
-1.967735743808665672e-04
-2.115036837803746994e-04
-2.270625192404070072e-04
-2.434551279711635115e-04
-2.606864928644618529e-04
-2.787615315528153099e-04
-2.976850955632163640e-04
-3.174619695613278727e-04
-3.380968706815677205e-04
-3.595944479383261067e-04
-3.819592817133974218e-04
-4.051958833144498088e-04
-4.293086945993971411e-04
-4.543020876611129758e-04
-4.801803645670544153e-04
-5.069477571481221904e-04
-5.346084268310557445e-04
-5.631664645086817715e-04
-5.926258904421474781e-04
-6.229906541893637283e-04
-6.542646345538639854e-04
-6.864516395482896842e-04
-7.195554063668333899e-04
-7.535796013610173956e-04
-7.885278200131239394e-04
-8.244035869020352458e-04
-8.612103556559379171e-04
-8.989515088870417107e-04
-9.376303581029608652e-04
-9.772501435903083004e-04
-1.017814034265579221e-03
-1.059325127489209794e-03
-1.101786448838496966e-03
-1.145200951835484426e-03
-1.189571517626449243e-03
-1.234900954609199995e-03
-1.281191998005537470e-03
-1.328447309375747421e-03
-1.376669476073058432e-03
-1.425861010635633705e-03
-1.476024350114443773e-03
-1.527161855335367824e-03
-1.579275810094745835e-03
-1.632368420287199284e-03
-1.686441812965518150e-03
-1.741498035332493402e-03
-1.797539053664759610e-03
-1.854566752169521529e-03
-1.912582931774831898e-03
-1.971589308855297394e-03
-2.031587513893832932e-03
-2.092579090082324206e-03
-2.154565491863072186e-03
-2.217548083413841981e-03
-2.281528137079308089e-03
-2.346506831751958913e-03
-2.412485251206363240e-03
-2.479464382390382179e-03
-2.547445113677202378e-03
-2.616428233082775806e-03
-2.686414426453277455e-03
-2.757404275627004051e-03
-2.829398256576082325e-03
-2.902396737533019695e-03
-2.976399977107132416e-03
-3.051408122397085768e-03
-3.127421207104369699e-03
-3.204439149654134469e-03
-3.282461751328779979e-03
-3.361488694420645268e-03
-3.441519540409446447e-03
-3.522553728171045045e-03
-3.604590572222776939e-03
-3.687629261012389213e-03
-3.771668855255985980e-03
-3.856708286331278490e-03
-3.942746354732060143e-03
-4.029781728589717713e-03
-4.117812942267764890e-03
-4.206838395035115800e-03
-4.296856349823652624e-03
-4.387864932075089854e-03
-4.479862128682574399e-03
-4.572845787032760005e-03
-4.666813614152471625e-03
-4.761763175964671239e-03
-4.857691896658544208e-03
-4.954597058177322155e-03
-5.052475799828415153e-03
-5.151325118018819545e-03
-5.251141866119625641e-03
-5.351922754462954193e-03
-5.453664350473294911e-03
-5.556363078936085893e-03
-5.660015222405888856e-03
-5.764616921755976418e-03
-5.870164176870488505e-03
-5.976652847480405997e-03
-6.084078654144137871e-03
-6.192437179373139026e-03
-6.301723868903019374e-03
