0.000000000000000000e+00
6.766251573349069126e-01
1.441334814462744029e+00
2.253193748396141505e+00
3.112012009824721037e+00
4.007239910621251511e+00
4.938683725654874124e+00
5.900912984263045225e+00
6.893725538690016030e+00
7.913617293230605476e+00
8.960375141985210234e+00
1.003145928475653825e+01
1.112664710910019750e+01
1.224396347902423621e+01
1.338318041564678218e+01
1.454269043385335713e+01
1.572226633207837487e+01
1.692056104936558825e+01
1.813735606955514612e+01
1.937150337607918260e+01
2.062280275413181840e+01
2.189026990137374185e+01
2.317373420139857743e+01
2.447235582933995346e+01
2.578600666878136849e+01
2.711398272492907680e+01
2.845621271552215248e+01
2.981212707130714534e+01
3.118172681498709764e+01
3.256458037973687425e+01
3.396077726503840211e+01
3.537003075277118569e+01
3.679253511405966037e+01
3.822815715649507240e+01
3.967721163087483660e+01
4.113972807167825607e+01
4.261615600785065539e+01
4.410669618008728321e+01
4.561194486746583010e+01
4.713228054811978041e+01
4.866845489588585849e+01
5.022102747535018352e+01
5.179090959670148209e+01
5.337884083351356423e+01
5.498589086428598449e+01
5.661297258081430073e+01
5.826130624966821614e+01
5.993196483357173321e+01
6.162630425211387575e+01
6.334553732861265019e+01
6.509113357498922880e+01
6.686441890214979367e+01
6.866694810522628245e+01
7.050012805871600108e+01
7.236556577824543979e+01
7.426471311889463323e+01
7.619919275189407415e+01
7.817046225883532884e+01
8.018011948112967957e+01
8.222958337087206360e+01
8.432037907147284272e+01
8.645383222034675441e+01
8.863133316533776451e+01
9.085404107256454154e+01
9.312312639704070705e+01
9.543948178670603966e+01
9.780394314281396362e+01
1.002170069745336747e+02
1.026790342079967076e+02
1.051899791819092229e+02
1.077495869079860142e+02
1.103571462375098662e+02
1.130116979488045388e+02
1.157118295156044212e+02
1.184559123276379609e+02
1.212419507234713052e+02
1.240678540925805322e+02
1.269313322197537559e+02
1.298301810219495849e+02
1.327621884308913138e+02
1.357253915754878619e+02
1.387179513094597496e+02
1.417383506443314332e+02
1.447852231356091295e+02
1.478574958153992043e+02
1.509541872381402925e+02
1.540745199944589956e+02
1.572177164196077399e+02
1.603831097126157204e+02
1.635699628097549976e+02
1.667775992618443297e+02
1.700052587466973364e+02
1.732522532474544903e+02
1.765178536219194712e+02
1.798014547118531823e+02
1.831024664368327421e+02
1.864204583506329129e+02
1.897550302287670831e+02
1.931059238630661241e+02
1.964728746979104699e+02
1.998557031986492802e+02
2.032541623958174171e+02
2.066680212223092212e+02
2.100969154016129607e+02
2.135404294199174728e+02
2.169979619446804975e+02
2.204688282832838695e+02
2.239521712251058716e+02
2.274471131483281852e+02
2.309527176744810220e+02
2.344681541650427334e+02
2.379926295255249045e+02
2.415254714853689109e+02
2.450659720892187465e+02
2.486134052688353506e+02
2.521668696417739852e+02
2.557253546717044799e+02
2.592876594196500832e+02
2.628525099403591980e+02
2.664184984285053588e+02
2.699841897233771419e+02
2.735480504079162074e+02
2.771085458987595302e+02
2.806640699387234577e+02
2.842130377339734082e+02
2.877538160854744547e+02
2.912848109488608657e+02
2.948043949211936479e+02
2.983109871179422612e+02
3.018029797260029454e+02
3.052788144896627500e+02
3.087369100257213290e+02
3.121757333210627507e+02
3.155937266123172549e+02
3.189893766912383057e+02
3.223611456593519620e+02
3.257075398800420203e+02
3.290270432760318045e+02
3.323181851600912182e+02
3.355794766954463171e+02
3.388094772125533041e+02
3.420067311888547579e+02
3.451698315994142945e+02
3.482973588290707880e+02
3.513879431249401932e+02
3.544402051468316017e+02
3.574528159341419382e+02
3.604244382134145326e+02
3.633537844916974109e+02
3.662395601194436949e+02
3.690805202225083690e+02
3.718754140209495631e+02
3.746230392443569599e+02
3.773221868199579490e+02
3.799716939136262113e+02
3.825703910451164234e+02
3.851171546000319950e+02
3.876108548343164557e+02
3.900504058769472522e+02
3.924347146259688088e+02
3.947627303046451743e+02
3.970333951078723658e+02
3.992456919448851522e+02
4.013985959026724117e+02
4.034911214012711866e+02
4.055222750832174938e+02
4.074911012724948023e+02
4.093966359211775057e+02
4.112379517245852298e+02
4.130141134638527092e+02
4.147242216789281883e+02
4.163673688983614056e+02
4.179426825452206913e+02
4.194492824216029021e+02
4.208863228409995827e+02
4.222529514247662519e+02
4.235483504701625179e+02
4.247716966186599166e+02
4.259222013037190777e+02
4.269990717155152993e+02
4.280015507603819742e+02
4.289288789979830199e+02
4.297803336648847221e+02
4.305551915802823828e+02
4.312527675249847334e+02
4.318723781088252167e+02
4.324133793991310313e+02
4.328751316886485370e+02
4.332570364245884207e+02
4.335585018527496004e+02
4.337789792467090706e+02
4.339179293494800049e+02
4.339748578666859657e+02
4.339492826804715833e+02
4.338407686182985685e+02
4.336488953127646369e+02
4.333732911815671969e+02
4.330136019584114706e+02
4.325695239600562445e+02
4.320407732296760628e+02
4.307455169985050816e+02
4.319838988575380654e+02
4.307567061910124835e+02
4.319764074876520681e+02
4.307744839114838555e+02
4.320208072920723907e+02
4.308734609759167142e+02
4.321705253841615786e+02
4.310820888260789161e+02
4.324294690266369798e+02
4.313927856054585277e+02
4.327829950430627832e+02
4.317901587378257204e+02
4.332227518055740916e+02
4.322832889518681441e+02
4.337789941101447653e+02
4.329181740382805970e+02
4.344990141664866314e+02
4.337234294896722417e+02
4.353700147306148551e+02
4.346276007172973550e+02
4.362597657264440727e+02
4.354554575125138172e+02
4.369825006033050840e+02
4.360474023200761735e+02
4.374341188237084452e+02
4.363690422954388737e+02
4.376470835455275505e+02
4.365035533141267479e+02
4.377321219741702407e+02
4.365659249351341487e+02
4.377902740607212309e+02
4.366327034544240178e+02
4.378706182592936784e+02
4.367284054738869372e+02
4.379792764024998064e+02
4.368478132723296881e+02
4.381058612303948507e+02
4.369797215767380294e+02
4.382406802970741637e+02
4.371166967427697045e+02
4.383782489238607241e+02
4.372544389991429057e+02
4.385147143912555521e+02
4.373891374779125272e+02
4.386462911251229571e+02
4.375173624548561975e+02
4.387704081341752271e+02
4.376378843671429308e+02
4.388874467203033873e+02
4.377526786136939450e+02
4.390006579730443264e+02
4.378657222396295197e+02
4.391140734921277158e+02
4.379804516647056971e+02
4.392300053364020869e+02
4.380977401122713104e+02
4.393478322545804531e+02
4.382156763176636787e+02
4.394647525720121166e+02
4.383310742631391577e+02
4.395776852725740582e+02
4.384413309183611318e+02
4.396846942987579041e+02
4.385451808473173969e+02
4.397850385988274979e+02
4.386421913425121488e+02
4.398783961321330480e+02
4.387320544441532206e+02
4.399645195963163928e+02
4.388147771725048756e+02
4.400439546630899486e+02
4.388917314276240518e+02
4.401190868318697085e+02
4.389663283177460471e+02
4.401941542516923391e+02
4.390432423050532975e+02
4.402737343313198153e+02
4.391263546912010156e+02
4.403604305677393427e+02
4.392165216783708956e+02
4.404530848699345142e+02
4.393105828090963314e+02
4.405468540937238799e+02
4.394026066117622236e+02
4.406354842486549614e+02
4.394868116751566731e+02
4.407143427967891967e+02
4.395601642705900076e+02
4.407821682205542402e+02
4.396230871103860522e+02
4.408407787762579346e+02
4.396783959232619168e+02
4.408935754780047205e+02
4.397297345380120532e+02
4.409442215616210774e+02
4.397806907276305992e+02
4.409962289730309521e+02
4.398347356738651683e+02
4.410530310406526269e+02
4.398951813170833702e+02
4.411176123273640428e+02
4.399643470687369131e+02
4.411911783944673289e+02
4.400418302112001356e+02
4.412712894652804607e+02
4.401229373722665059e+02
4.413511312118138790e+02
4.401992884004590678e+02
4.414216976297576025e+02
4.402624245325790184e+02
4.414762549268510838e+02
4.403082866251924656e+02
4.415139673570052992e+02
4.403393364594141985e+02
4.415402165689472440e+02
4.403631427965831335e+02
4.415638083680170780e+02
4.403887375023440427e+02
4.415930813055212525e+02
4.404230666178405045e+02
4.416331874503730432e+02
4.404693942215332072e+02
4.416856540623059004e+02
4.405277927862082379e+02
4.417493762534684265e+02
4.405961352315061390e+02
4.418211701953212014e+02
4.406699680228512079e+02
4.418950222807650903e+02
4.407415286539060162e+02
4.419615406613128243e+02
4.408003812766736473e+02
4.420103219986324348e+02
4.408375754304992711e+02
4.420353389429711228e+02
4.408511815028672345e+02
4.420393599039805963e+02
4.408485692532304938e+02
4.420336124177997590e+02
4.408436071729929608e+02
4.420331327860021702e+02
4.408509705878652198e+02
4.420508146911745371e+02
4.408805955243940957e+02
4.420928196011790305e+02
4.409344890739763514e+02
4.421570690664573249e+02
4.410069341846766520e+02
4.422348940482712578e+02
4.410870762248139272e+02
4.423139738099022225e+02
4.411617497883801207e+02
4.423808566909055457e+02
4.412178122807150089e+02
4.424234553203621658e+02
4.412451924510443746e+02
4.424348448062361854e+02
4.412412332072683512e+02
4.424174711360286665e+02
4.412137519356379585e+02
4.423840623249466262e+02
4.411792440053696964e+02
4.423533081416937875e+02
4.411569438646091044e+02
4.423435512083530625e+02
4.411631801245333691e+02
4.423681964878413737e+02
4.412075427547797517e+02
4.424320233969533547e+02
4.412889682280405168e+02
4.425273141935930994e+02
4.413928342139322467e+02
4.426331220594507840e+02
4.414933673220731976e+02
4.427211392089977835e+02
4.415625272555478205e+02
4.427665422727491205e+02
4.415814374941271012e+02
4.427585782266988303e+02
4.415488073123920003e+02
4.427057026047439763e+02
4.414819593734191585e+02
4.426321198355660727e+02
4.414091558699747679e+02
4.425669638671811867e+02
4.413574667927895803e+02
4.425331518290900590e+02
4.413447943904707245e+02
4.425439142729189825e+02
4.413807488465085953e+02
4.426061479176295279e+02
4.414693937596069873e+02
4.427194523983845329e+02
4.416029686866237967e+02
4.428655640940394846e+02
4.417507833059516429e+02
4.430019942806491713e+02
4.418623433800390785e+02
4.430767775281987042e+02
4.418921298807799758e+02
4.430583121231606469e+02
4.418277867742401668e+02
4.429555954358022518e+02
4.416982887861275344e+02
4.428131856622810574e+02
4.415573280699101701e+02
4.426866291757062299e+02
4.414555063683212666e+02
4.426164879808466708e+02
4.414208511572127236e+02
4.426186482751820677e+02
4.414598708219955370e+02
4.426940868629582155e+02
4.415712087797515437e+02
4.428400389706148417e+02
4.417484468724280191e+02
4.430413446355807991e+02
4.419614622525928098e+02
4.432483054317046367e+02
4.421408623086284138e+02
4.433780495699642756e+02
4.422026154973358416e+02
4.433611916279309071e+02
4.421069485168515598e+02
4.431971690772253964e+02
4.418937280807392654e+02
4.429587709635416672e+02
4.416548249974828195e+02
4.427408957441568305e+02
4.414741871042625689e+02
4.426077173992766234e+02
4.413937204786377606e+02
4.425820089292301418e+02
4.414237217927836809e+02
4.426688791333529025e+02
4.415690542990233780e+02
4.428732489563182639e+02
4.418294987545559138e+02
4.431801060480480032e+02
4.421640693247136937e+02
4.435139747963279433e+02
4.424612890696920431e+02
4.437359661894911369e+02
4.425740461218572932e+02
4.437175839740505694e+02
4.424207273710757136e+02
4.434458099301136826e+02
4.420648388544897784e+02
4.430510018811575037e+02
4.416776432512746169e+02
4.427097021936230590e+02
4.414058467102962027e+02
4.425148251400688082e+02
4.412831822425440009e+02
4.424552731901272864e+02
4.412818434330374089e+02
4.425171609406427820e+02
4.414224798564536627e+02
4.427570679276453802e+02
4.417772923490222183e+02
4.432261947492984859e+02
4.423354321682604677e+02
4.438209215528263485e+02
4.428928628387571393e+02
4.442585024769497863e+02
4.431365805799159716e+02
4.442598145272992269e+02
4.428847200809428841e+02
4.437857667578289238e+02
4.422558782361143699e+02
4.430921438728411204e+02
4.415911670219919074e+02
4.425335727460794146e+02
4.411833658037008377e+02
4.422812935689460119e+02
4.410568206730386578e+02
4.422333449578467821e+02
4.410468311405084023e+02
4.422488680875179625e+02
4.411148774175088647e+02
4.424309159713304780e+02
4.414853945626852010e+02
4.430448526670104457e+02
4.423456602914470750e+02
4.440820634235303714e+02
4.434202021909800919e+02
4.450109413386761616e+02
4.440221386728706534e+02
4.451550814229486264e+02
4.436643073403656103e+02
4.443498996454928829e+02
4.425507740704094886e+02
4.431164194625232540e+02
4.413912189477863421e+02
4.421879224413214047e+02
4.407810860182779606e+02
4.418956165661439286e+02
4.407239057300470222e+02
4.419425903845010453e+02
4.407495719999629955e+02
4.418806690190818927e+02
4.406274823552080306e+02
4.418223214375568091e+02
4.408192745368323813e+02
4.424478733390571961e+02
4.419821559378962661e+02
4.441076168762711518e+02
4.439284398983628535e+02
4.459906325578162978e+02
4.453460387526986324e+02
4.466054809597370649e+02
4.449887008931308969e+02
4.453257931068679909e+02
4.430414569426739604e+02
4.430993356779192709e+02
4.409554621902842086e+02
4.415040361822889849e+02
4.400531106243532236e+02
4.412995042041646343e+02
4.403494331358376712e+02
4.417626995707461219e+02
4.406356225238582738e+02
4.416528586282282163e+02
4.401218399949880222e+02
4.409569719506415026e+02
4.396447940762670896e+02
4.411578092804534208e+02
4.408779176946449070e+02
4.435219378391346368e+02
4.441243767625270493e+02
4.470641036724771880e+02
4.471767314193818947e+02
4.488810951753777090e+02
4.472890799406761175e+02
4.472285915101982710e+02
4.442233348518621483e+02
4.434078032668880951e+02
4.404363554054709198e+02
4.403860636968853441e+02
4.386979063183918583e+02
4.401044662822384907e+02
4.396102858950943642e+02
4.415582703841283774e+02
4.408133654248665039e+02
4.419048570464396448e+02
4.400857347071483332e+02
4.403196207173124890e+02
4.382545561655319943e+02
4.391024906927523261e+02
4.384982390032541844e+02
4.413458539443102495e+02
4.427185159789992213e+02
4.468441042601084519e+02
4.482621630730050128e+02
4.510659884329940041e+02
4.501210906038394342e+02
4.501313611175822871e+02
4.466239436836118557e+02
4.448560842485545663e+02
4.407027613828946073e+02
4.395182563481232592e+02
4.370131667930326671e+02
4.381065946851397825e+02
4.378372440327174218e+02
4.403825821169625669e+02
4.403305117894388445e+02
4.419795307029103242e+02
4.404184940075871850e+02
4.404737512270544926e+02
4.377589822928737817e+02
4.376140631292121839e+02
4.359345008492551869e+02
4.379611955025198995e+02
4.390756706706001751e+02
4.436529788416044084e+02
4.461454679932282374e+02
4.503648042892361900e+02
4.508340023613105245e+02
4.519490227034456211e+02
4.490030918543663461e+02
4.471359243436712063e+02
4.422642928475233930e+02
4.399448952362840828e+02
4.361981130072432506e+02
4.362526930176881024e+02
4.353746396648651853e+02
4.378456360924728870e+02
4.381894613322411942e+02
4.405308106136827178e+02
4.397734499207720660e+02
4.405121618921108393e+02
4.380914978423211323e+02
4.376851569763803695e+02
4.351798278596534715e+02
4.359797570007280001e+02
4.358198288480087967e+02
4.395103299724517001e+02
4.418305404935097727e+02
4.466578919919845134e+02
4.483255091094675890e+02
4.509142556292508175e+02
4.493768787869265680e+02
4.485447526491291796e+02
4.441200809637518887e+02
4.415772729443353342e+02
4.370166208069615550e+02
4.359170851736639065e+02
4.338893165776771639e+02
4.355443236850501307e+02
4.356002859635796653e+02
4.381617199096638160e+02
4.380063311617892623e+02
4.395853822641658439e+02
4.380008058136247655e+02
4.381246528942219811e+02
4.356237603757361398e+02
4.358037710485804155e+02
4.344948502744879306e+02
4.368514426695068096e+02
4.381297511518595797e+02
4.425874101101836118e+02
4.446593469149385101e+02
4.482723010451712753e+02
4.481061438472157761e+02
4.486802246154103955e+02
4.453913014606579850e+02
4.434689915280320633e+02
4.388737078904395048e+02
4.371143428289260555e+02
4.340439063255489600e+02
4.346453989132567699e+02
4.339758905789940400e+02
4.362813305206460086e+02
4.362825448138949014e+02
4.383453640661305144e+02
4.374667104135416480e+02
4.382852732741451973e+02
4.362071001939200983e+02
4.363560289968052643e+02
4.344730131285658672e+02
4.358031354234358901e+02
4.359234912014827614e+02
4.395269035630011558e+02
4.413749359901155458e+02
4.454566168602326570e+02
4.462961731059758677e+02
4.481551145143848771e+02
4.461342135613171536e+02
4.451807263647948503e+02
4.410461724587547110e+02
4.391427943116024721e+02
4.353922902651678442e+02
4.350329321301640562e+02
4.334717886933586328e+02
4.352287577247451509e+02
4.350853546424717706e+02
4.373222913878903455e+02
4.368652587235919782e+02
4.382473965588013698e+02
4.366637814328332183e+02
4.370405700447044524e+02
4.349922217431931131e+02
4.357143662199495679e+02
4.348966201832074603e+02
4.375342245041960609e+02
4.387672397822676089e+02
4.428372445483049091e+02
4.442783152520504473e+02
4.471766705402825437e+02
4.463720977038639148e+02
4.465252271293567219e+02
4.431384564335558025e+02
4.414715250234644373e+02
4.374146531993606004e+02
4.363205664313114767e+02
4.338582677624278858e+02
4.348638593927287275e+02
4.343284851709499890e+02
4.365339751542414888e+02
4.363016512542781129e+02
4.380863552989397931e+02
4.369668502134679784e+02
4.376807925424456016e+02
4.356948626414958881e+02
4.361237935949328630e+02
4.346514026973276259e+02
4.364129313229319678e+02
4.368398691449509101e+02
4.405007272532854472e+02
4.421143282860888348e+02
4.457284853604787145e+02
4.459884829899505121e+02
4.472908917671081781e+02
4.448644183892396882e+02
4.437525731833222835e+02
4.397414766288109149e+02
4.382030441989086285e+02
4.349570765073223697e+02
4.351076632508505782e+02
4.339344969540651391e+02
4.358765633237369457e+02
4.357135111225278479e+02
4.377810108266996281e+02
4.370681085430517783e+02
4.381830597547037200e+02
4.364198857113446479e+02
4.367806738087273288e+02
4.349059976698758305e+02
4.359663462275099164e+02
4.355622600681593326e+02
4.385477174536906659e+02
4.399238271351997582e+02
4.438620732614424469e+02
4.449277467494513303e+02
4.473074131699344207e+02
4.459667552590047990e+02
4.456906101150038353e+02
4.420785749185694158e+02
4.404345781413790064e+02
4.366343592995693825e+02
4.359616818166414305e+02
4.339724272375357828e+02
4.353717729254584015e+02
4.350524275659115006e+02
4.372751368385647766e+02
4.369014234274096111e+02
4.384384606944099119e+02
4.370360814123559408e+02
4.375336263590815520e+02
4.354851436339019983e+02
4.360481871518327353e+02
4.348970805017515886e+02
4.370845557151443472e+02
4.378958215684314155e+02
4.417444358141926841e+02
4.432638913746373532e+02
4.465236540382627481e+02
4.462670733151030618e+02
4.470185854846120037e+02
4.441353349070532204e+02
4.427610306627686896e+02
4.387318300087342777e+02
4.374153480295866530e+02
4.345722667136462860e+02
4.351920445696733850e+02
4.344132292840740774e+02
4.365691047542113665e+02
4.364215435458753518e+02
4.383482935603169039e+02
4.373873127308204971e+02
4.382173467341247601e+02
4.362377594232636966e+02
4.365388606301025902e+02
4.348068451222233648e+02
4.362040637204502218e+02
4.362447106720665033e+02
4.396268197735614649e+02
4.411887821541034782e+02
4.450170553942988363e+02
4.457054440314640260e+02
4.475448968997663428e+02
4.456352817204194139e+02
4.448938431554566364e+02
4.410212633291564543e+02
4.393696747306008774e+02
4.358082758495261260e+02
4.355537914215840374e+02
4.340351048340804709e+02
4.358081676767982344e+02
4.356688950936404581e+02
4.378784682061771036e+02
4.373492674942155531e+02
4.386362087447998874e+02
4.369633926191668820e+02
4.372750513063734843e+02
4.352051755507513917e+02
4.359486617800439490e+02
4.351633159111833606e+02
4.378042457594312964e+02
4.389936247390800759e+02
4.429859005978355526e+02
4.443457039297505844e+02
4.471864237537781150e+02
4.463647234324657802e+02
4.465432996935264214e+02
4.432127068166873300e+02
4.416130642309386189e+02
4.376212470225293600e+02
4.365865037195495688e+02
4.341858816647767867e+02
4.352667431477209448e+02
4.348193929871421801e+02
4.371016252752569358e+02
4.369002395504542164e+02
4.386506565893295146e+02
4.374400006555811729e+02
4.380270977096753313e+02
4.359114188455786234e+02
4.362480730903165522e+02
4.347470068265302530e+02
4.365385076446164589e+02
4.370257688936755471e+02
4.407411343800449117e+02
4.423793971088012427e+02
4.459834724249243436e+02
4.462096421808299169e+02
4.474689770864326874e+02
4.450011084235441103e+02
4.438527106059872835e+02
4.398119548494538549e+02
4.382591206291383514e+02
4.350288566938005488e+02
4.352349425704844634e+02
4.341539288679770721e+02
4.362033326791209902e+02
4.361318207250848218e+02
4.382464385038547334e+02
4.375201849228076298e+02
4.385605498122988593e+02
4.366787175885805254e+02
4.369096786909949515e+02
4.349360080464660996e+02
4.359603936102580519e+02
4.355905733616208408e+02
4.386571514211959766e+02
4.401196829348779147e+02
4.441113995594211019e+02
4.451822553603137749e+02
4.475245794165608118e+02
4.461202379939923048e+02
4.457701309742049602e+02
4.420870946098038985e+02
4.403859405239181797e+02
4.365570661470029563e+02
4.358972299104297008e+02
4.339642584496300515e+02
4.354491443261379118e+02
4.352208196414262602e+02
4.375175581316885314e+02
4.371861181805642786e+02
4.387214322887771232e+02
4.372695896912055105e+02
4.376816561261442189e+02
4.355369982035893486e+02
4.360245223097339249e+02
4.348469828207493038e+02
4.370658786868874017e+02
4.379488103558798002e+02
4.418720871067567941e+02
4.434350245951808347e+02
4.466925771708980619e+02
4.463937780234468846e+02
4.470778868525234202e+02
4.441199391669652528e+02
4.426789194901682549e+02
4.386036930116607664e+02
4.372723946078315294e+02
4.344508538363135699e+02
4.351212062505796894e+02
4.344058806206850250e+02
4.366210405954226417e+02
4.365201983519507394e+02
4.384767086807435135e+02
4.375210604461279900e+02
4.383273517069931700e+02
4.363019569633496531e+02
4.365484121740719274e+02
4.347717653127151038e+02
4.361532957004141622e+02
4.362148235131514866e+02
4.396423081960348327e+02
4.412488880305540420e+02
4.450975477962830382e+02
4.457736755710454304e+02
4.475727942087594329e+02
4.456073227900185429e+02
4.448093012145723719e+02
4.408930854321163793e+02
4.392195970841189592e+02
4.356625059156393718e+02
4.354350940356029014e+02
4.339553922710070992e+02
4.357661458637550709e+02
4.356564056866917554e+02
4.378884619525487665e+02
4.373768461321002974e+02
4.386721365881567181e+02
4.369956019574797779e+02
4.372931290848388812e+02
4.352025684679165920e+02
4.359260347887617399e+02
4.351318575802326905e+02
4.377797408842911295e+02
4.389864727862873224e+02
4.429931263944071134e+02
4.443530596083555793e+02
4.471758075758425548e+02
4.463221041144851711e+02
4.464630425318561038e+02
4.431001360679574077e+02
4.414822950963323365e+02
4.374909079930093299e+02
4.364735032129809724e+02
4.340999480204800420e+02
4.352068696745205330e+02
4.347774083209107516e+02
4.370690533418616042e+02
4.368744742108872856e+02
4.386328195329459163e+02
4.374303941246628256e+02
4.380242505260761163e+02
4.359128281652074861e+02
4.362487500249463892e+02
4.347425195057310248e+02
4.365277965715119990e+02
4.370107252853167097e+02
4.407225399440908973e+02
4.423545875025192800e+02
4.459464165617337699e+02
4.461542062203075147e+02
4.473916183568401834e+02
4.449038507661793460e+02
4.437436970817996098e+02
4.397041160597307794e+02
4.381654442004139582e+02
4.349579885832010859e+02
4.351874329976117792e+02
4.341229975210304701e+02
4.361790884135967872e+02
4.361074733106781878e+02
4.382206811485898470e+02
4.374959270732618961e+02
4.385415721772411644e+02
4.366687045817488979e+02
4.369098039428697575e+02
4.349434491446170341e+02
4.359690985112558792e+02
4.355942726614105140e+02
4.386504500380347622e+02
4.400989744548955969e+02
4.440744398456490671e+02
4.451283822370187977e+02
4.474543873885285734e+02
4.460367052547290996e+02
4.456790461947717858e+02
4.419974282404307360e+02
4.403077432110979998e+02
4.364985811339738007e+02
4.358613456358304461e+02
4.339477576922842559e+02
4.354440218929530033e+02
4.352186410180525513e+02
4.375125595123049038e+02
4.371767294018981715e+02
4.387092576296014386e+02
4.372586463413406364e+02
4.376764205575650521e+02
4.355404568386966275e+02
4.360358258316165347e+02
4.348616811598099048e+02
4.370769351232628992e+02
4.379490472566886865e+02
4.418560564347170043e+02
4.434007498331122861e+02
4.466410233123446005e+02
4.463284671924321856e+02
4.470041671793082969e+02
4.440450750322153226e+02
4.426109785701798387e+02
4.385504208906704662e+02
4.372386707045479852e+02
4.344373730712565020e+02
4.351240559271149664e+02
4.344185397152199357e+02
4.366366324204652187e+02
4.365336896514392606e+02
4.384851436724841847e+02
4.375242892018308112e+02
4.383276414387307227e+02
4.363031995555397771e+02
4.365539984871508636e+02
4.347831549938970284e+02
4.361685015402284762e+02
4.362288639425398742e+02
4.396484099645962829e+02
4.412413757910380241e+02
4.450735589728834611e+02
4.457339435561768823e+02
4.475207357954792542e+02
4.455486911588318435e+02
4.447509786502472480e+02
4.408422922455129651e+02
4.391823065229499434e+02
4.356424385845604093e+02
4.354325061211741286e+02
4.339675160613040816e+02
4.357878969839071601e+02
4.356823222128521138e+02
4.379134952727921473e+02
4.373972290339119127e+02
4.386859109872057161e+02
4.370035415420962295e+02
4.372979084346798118e+02
4.352079694650587385e+02
4.359350579023766841e+02
4.351452478597811933e+02
4.377946947791219827e+02
4.389976354494518773e+02
4.429945341185915026e+02
4.443409255371579434e+02
4.471493791646233831e+02
4.462838945848159256e+02
4.464178624020653388e+02
4.430543261125465051e+02
4.414421384355409828e+02
4.374618663876034930e+02
4.364589824297987661e+02
4.341009161182254275e+02
4.352214115851123779e+02
4.348016152278638060e+02
4.370979685203086547e+02
4.369033856673140690e+02
4.386574386784611761e+02
4.374480587486942795e+02
4.380345682411480652e+02
4.359179479729890545e+02
4.362523728129984875e+02
4.347488402671567087e+02
4.365391295611336773e+02
4.370261218654841855e+02
4.407374493783451044e+02
4.423630820539629553e+02
4.459436116264314478e+02
4.461382438672406465e+02
4.473636998380987961e+02
4.448680321192788938e+02
4.437055246944286182e+02
4.396696144759030176e+02
4.381398166632987454e+02
4.349450272855275443e+02
4.351884062983236845e+02
4.341365670199842839e+02
4.362015424244706310e+02
4.361343667590068662e+02
4.382475619531649045e+02
4.375188851427453187e+02
4.385577387719704916e+02
4.366776079157808113e+02
4.369132191796293228e+02
4.349451719637253291e+02
4.359735118956598399e+02
4.356045072604421762e+02
4.386661427433390372e+02
4.401161384943394523e+02
4.440869542956529585e+02
4.451310322461737314e+02
4.474444616413040876e+02
4.460147961799266909e+02
4.456484553716951496e+02
4.419634366028882368e+02
4.402760707268724332e+02
4.364745998176976514e+02
4.358487981899640999e+02
4.339480147291111507e+02
4.354554459836512024e+02
4.352376106681730334e+02
4.375348206875752339e+02
4.371985720736730059e+02
4.387272545429509023e+02
4.372705798706245446e+02
4.376820369111939044e+02
4.355417289982967759e+02
4.360362511028758945e+02
4.348655304155464592e+02
4.370870090783193973e+02
4.379650199494284379e+02
4.418738348267425522e+02
4.434144574187753278e+02
4.466453846144131035e+02
4.463208003261235604e+02
4.469847088581086609e+02
4.440170057918390967e+02
4.425792572722605200e+02
4.385207846840170305e+02
4.372162577645888746e+02
4.344257808113758870e+02
4.351240447256726611e+02
4.344281042026526052e+02
4.366518969581719603e+02
4.365509135594692225e+02
4.385011687822477029e+02
4.375365752175767398e+02
4.383346581116093148e+02
4.363054345014676301e+02
4.365534885523616708e+02
4.347832700020154562e+02
4.361727972713857753e+02
4.362395279861104314e+02
4.396644197233500790e+02
4.412586050171874490e+02
4.450863173240394417e+02
4.457375527557919668e+02
4.475127583541276977e+02
4.455296637763409535e+02
4.447239905497497148e+02
4.408123308844907910e+02
4.391548136694774485e+02
4.356223313466904301e+02
4.354226815486788382e+02
4.339681274772679558e+02
4.357962757756148449e+02
4.356946678400853443e+02
4.379263857089810017e+02
4.374082352762236496e+02
4.386931180422699867e+02
4.370063923096901135e+02
4.372974203003999492e+02
4.352064900838761332e+02
4.359355687426852910e+02
4.351506931009046184e+02
4.378062083388442716e+02
4.390135621702352182e+02
4.430104673921207450e+02
4.443517249752619023e+02
4.471509441268987075e+02
4.462745084178536672e+02
4.463983622486575769e+02
4.430280797203313341e+02
4.414139522101393140e+02
4.374370081641189358e+02
4.364417386397569203e+02
4.340935520412792812e+02
4.352232223716297312e+02
4.348096051707646552e+02
4.371083182655263499e+02
4.369131992727101306e+02
4.386646660238073991e+02
4.374515218324430634e+02
4.380343618833038590e+02
4.359157345948115676e+02
4.362505614851034466e+02
4.347502650733594010e+02
4.365459300939254490e+02
4.370386130054798173e+02
4.407531600210097622e+02
4.423775954687563967e+02
4.459521675618224208e+02
4.461375711540302405e+02
4.473526547647250027e+02
4.448480373559870031e+02
4.436800499367476505e+02
4.396434713064162452e+02
4.381178119743369734e+02
4.349309447222947256e+02
4.351836621893563120e+02
4.341399061892639111e+02
4.362095970900215889e+02
4.361436016846503207e+02
4.382553430781831025e+02
4.375236142239699575e+02
4.385586448153107995e+02
4.366754851306229739e+02
4.369100345755839498e+02
4.349435626952584926e+02
4.359760075145574092e+02
4.356127400665863547e+02
4.386795319171056349e+02
4.401317149142093967e+02
4.441001555472277573e+02
4.451376518962162550e+02
4.474417942524786440e+02
4.460024227748460817e+02
4.456281628515218927e+02
4.419389692992899654e+02
4.402520219819572844e+02
4.364554853422176279e+02
4.358377124030748746e+02
4.339457943931669774e+02
4.354602285575924157e+02
4.352459902208586868e+02
4.375434030170046071e+02
4.372051078097645131e+02
4.387303097099849083e+02
4.372698801483040825e+02
4.376787393790510805e+02
4.355381758764719962e+02
4.360350873285875650e+02
4.348692054933394502e+02
4.370965606186123296e+02
4.379792976309595929e+02
4.418893140067254990e+02
4.434266660141597640e+02
4.466504299893551888e+02
4.463166257100112944e+02
4.469713478838706919e+02
4.439967280682001274e+02
4.425558577869226156e+02
4.384988074707035253e+02
4.371997619412665017e+02
4.344174052746014354e+02
4.351239606285666923e+02
4.344341388367183185e+02
4.366605267326706326e+02
4.365590800079417022e+02
4.385067743676597729e+02
4.375384779831356354e+02
4.383328428115732436e+02
4.363014878812381312e+02
4.365498671756458862e+02
4.347827692342231103e+02
4.361776212296023800e+02
4.362503593256361683e+02
4.396794744653465727e+02
4.412740845673879448e+02
4.450977083802818584e+02
4.457413977534209266e+02
4.475073868520151450e+02
4.455156472649153443e+02
4.447038441293004780e+02
4.407900326518836209e+02
4.391346900915868900e+02
4.356081851474029349e+02
4.354165828288248576e+02
4.339698233108758814e+02
4.358031998068317421e+02
4.357034119542993835e+02
4.379340629255937074e+02
4.374130321770799128e+02
4.386940111869826637e+02
4.370037647941887258e+02
4.372930528290755774e+02
4.352030593186706824e+02
4.359358179900985419e+02
4.351567208846531116e+02
4.378182029513898783e+02
4.390293380383689055e+02
4.430258781327393081e+02
4.443624180957019121e+02
4.471537089807770826e+02
4.462681603498474487e+02
4.463837893238210199e+02
4.430081486038582170e+02
4.413926382893386631e+02
4.374185828735377299e+02
4.364296145260320827e+02
4.340894201611953918e+02
4.352262936551684902e+02
4.348171346724578825e+02
4.371169073011490696e+02
4.369202850819803530e+02
4.386685500245840217e+02
4.374514725194583207e+02
4.380310028868487962e+02
4.359111476398592799e+02
4.362474488201268059e+02
4.347514216976073271e+02
4.365531492657693207e+02
4.370517299744499837e+02
4.407694802911701686e+02
4.423928508327457507e+02
4.459620639110960383e+02
4.461392909431739326e+02
4.473453217949590339e+02
4.448329681970382126e+02
4.436602777302580307e+02
4.396230949398207599e+02
4.381008988436378218e+02
4.349206673314570253e+02
4.351811936124091744e+02
4.341440912948719415e+02
4.362174178983877368e+02
4.361518565109748238e+02
4.382616444915267948e+02
4.375265198504725390e+02
4.385576044208755206e+02
4.366715069947292136e+02
4.369053251373608191e+02
4.349409571385980939e+02
4.359781554449508576e+02
4.356212101968897059e+02
4.386936405919843764e+02
4.401484330035148105e+02
4.441150253972075461e+02
4.451466296690700801e+02
4.474423304548592455e+02
4.459940829701567964e+02
4.456125348729950133e+02
4.419193635495615808e+02
4.402325023017333478e+02
4.364400383811873780e+02
4.358291170457554244e+02
4.339448328834171207e+02
4.354652631525973447e+02
4.352539197859351816e+02
4.375511259060690463e+02
4.372105384352916531e+02
4.387321320668187354e+02
4.372678938964727422e+02
4.376741984446813376e+02
4.355335151418336181e+02
4.360331091416310301e+02
4.348724888300667999e+02
4.371062562999528609e+02
4.379943112290948761e+02
4.419061876146973873e+02
4.434409560538795176e+02
4.466582638317131568e+02
4.463158741082770007e+02
4.469618938984968395e+02
4.439805493475944900e+02
4.425363885678808060e+02
4.384801811224401149e+02
4.371857301051257991e+02
4.344104516066412316e+02
4.351243354545044895e+02
4.344398757721285165e+02
4.366683755899446737e+02
4.365661970828752487e+02
4.385112364838141161e+02
4.375392310256620476e+02
4.383299387082744261e+02
4.362965347489702594e+02
4.365453747642705480e+02
4.347815986813272957e+02
4.361821006030745593e+02
4.362612921524365674e+02
4.396952202716157672e+02
4.412909266696854047e+02
4.451111657821354584e+02
4.457479368536505149e+02
4.475051984474656592e+02
4.455050607101794071e+02
4.446870946495835710e+02
4.407707733310404024e+02
4.391169749743104376e+02
4.355956169282163160e+02
4.354111966853618583e+02
4.339714492027943038e+02
4.358094631821659846e+02
4.357110972256801347e+02
4.379404871363163920e+02
4.374165358258164247e+02
4.386936986577852622e+02
4.370000739470270332e+02
4.372878019867047783e+02
4.351989212345013698e+02
4.359355630141050142e+02
4.351624897112831150e+02
4.378302956306629881e+02
4.390456871563958998e+02
4.430424508076445136e+02
4.443748768298441973e+02
4.471587816605496073e+02
4.462644884222210635e+02
4.463720381843339169e+02
4.429909085073277311e+02
4.413736395450340524e+02
4.374018810066467609e+02
4.364185136027787735e+02
4.340855881906581999e+02
4.352290316100076097e+02
4.348238234278988443e+02
4.371243184865543299e+02
4.369260164467747245e+02
4.386710787897520731e+02
4.374501898253517993e+02
4.380266262924097305e+02
4.359057812757905594e+02
4.362437918285438627e+02
4.347522278478706426e+02
4.365602157860250827e+02
4.370649341187419168e+02
4.407862395588421123e+02
4.424089888697619131e+02
4.459733384143738135e+02
4.461428257033299474e+02
4.473401125171651529e+02
4.448201197216309879e+02
4.436426074156540835e+02
4.396044849570446331e+02
4.380852669973671709e+02
4.349110870888421232e+02
4.351788366778893646e+02
4.341478494728754640e+02
4.362243851237449235e+02
4.361589528219940917e+02
4.382666427683016082e+02
4.375281252396764557e+02
4.385554123721282735e+02
4.366666092064290297e+02
4.368999725888816101e+02
4.349379512963498655e+02
4.359800946656500855e+02
4.356296072093808789e+02
4.387078326150709700e+02
4.401654573810793067e+02
4.441305303332052290e+02
4.451566193528326494e+02
4.474442436986083180e+02
4.459873743959068406e+02
