0.000000000000000000e+00
-5.598117235194877139e-03
-1.146002103118348714e-02
-1.747490038491150699e-02
-2.368962693162757205e-02
-3.009448653008917063e-02
-3.670355925133605979e-02
-4.350718939220143966e-02
-5.050593346189202748e-02
-5.768769375211491024e-02
-6.504734821530178124e-02
-7.257223463685136267e-02
-8.025520840951116952e-02
-8.808395147585201812e-02
-9.605073371648131797e-02
-1.041437648074179378e-01
-1.123551618388205497e-01
-1.206735437170323166e-01
-1.290909064940706230e-01
-1.375960842400445472e-01
-1.461808682899459200e-01
-1.548341461432869437e-01
-1.635474416386841767e-01
-1.723096275668467570e-01
-1.811119980856119582e-01
-1.899434912228343819e-01
-1.987953784980049932e-01
-2.076569549473106235e-01
-2.165199177559316013e-01
-2.253744910681234614e-01
-2.342135513539460590e-01
-2.430291510709139402e-01
-2.518164248859875443e-01
-2.605704580545307181e-01
-2.692899720718742174e-01
-2.779744542958724196e-01
-2.866275833347344815e-01
-2.952545133840658309e-01
-3.038649830518806993e-01
-3.124706612763930025e-01
-3.210879192486117972e-01
-3.297352188284321528e-01
-3.384356233950711612e-01
-3.472143263641100930e-01
-3.561010824814729858e-01
-3.651280503502221109e-01
-3.743323344833697774e-01
-3.837542409719389980e-01
-3.934399427096195723e-01
-4.034399784351307972e-01
-4.138117112113377516e-01
-4.246175317305187491e-01
-4.359264304968064607e-01
-4.478111003386402444e-01
-4.603478145097597007e-01
-4.736116888141168602e-01
-4.876743435827393114e-01
-5.025970885169499525e-01
-5.184265006007535703e-01
-5.351859857846648083e-01
-5.528699819349185418e-01
-5.714346969318739866e-01
-5.907917343130293375e-01
-6.107987719624361489e-01
-6.312535292104257678e-01
-6.518857902378840663e-01
-6.723540694497387449e-01
-6.922426196292690292e-01
-7.110657064733914012e-01
-7.282750878857768839e-01
-7.432765347989516158e-01
-7.554495728140864230e-01
-7.641733349814785470e-01
-7.688501464499495341e-01
-7.689279821793206793e-01
-7.639141486874905240e-01
-7.533839198051737185e-01
-7.369804460188333906e-01
-7.144124623036987032e-01
-6.854468587630435650e-01
-6.499007249938131281e-01
-6.076276029334621853e-01
-5.585014469054385700e-01
-5.023949006097154779e-01
-4.391590591583280911e-01
-3.686051767904245935e-01
-2.904966444793899427e-01
-2.045495663805922959e-01
-1.104452226643388713e-01
-7.847335052701964742e-03
1.035771334356923035e-01
2.241430737728933309e-01
3.541391797734831925e-01
4.938319124855752307e-01
6.434753955252290325e-01
8.033255432890200609e-01
9.736504689346929808e-01
1.154740327842318948e+00
1.346917745551081680e+00
1.550557629338982224e+00
1.766113615545464199e+00
1.994146876858394535e+00
2.235340985182119766e+00
2.490493660987340263e+00
2.760476130103370451e+00
3.046163432505181845e+00
3.348336470398407982e+00
3.667566811205233535e+00
4.004099521570196885e+00
4.357768914429243523e+00
4.727983603994289297e+00
5.113814896846179181e+00
5.514188360905109221e+00
5.928135732098553490e+00
6.355011275486504019e+00
6.794578782106100334e+00
7.246938028916815711e+00
7.712365476942295572e+00
8.191184271054794408e+00
8.683727452109565093e+00
9.190351616355087572e+00
9.711422490302538790e+00
1.024724461640130357e+01
1.079798963593930239e+01
1.136368094550027763e+01
1.194423799283026710e+01
1.253953071295688915e+01
1.314941201717647346e+01
1.377372979453866719e+01
1.441233034742072050e+01
1.506504489399333124e+01
1.573166714279113876e+01
1.641194960810537395e+01
1.710563328930629723e+01
1.781248148984775526e+01
1.853229221972947016e+01
1.926488263548367286e+01
2.001004029497312331e+01
2.076743976277634829e+01
2.153658368810965840e+01
2.231683169048187665e+01
2.310747968651503470e+01
2.390777785992463578e+01
2.471686932691579841e+01
2.553374319136980830e+01
2.635726991222372817e+01
2.718627141813556136e+01
2.801954640331138080e+01
2.885583332819254565e+01
2.969377206209912856e+01
3.053191802616015593e+01
3.136879279824017885e+01
3.220290983324628087e+01
3.303276062114883871e+01
3.385679139922618219e+01
3.467338878310786754e+01
3.548086721453640280e+01
3.627747358133950684e+01
3.706142075608353537e+01
3.783091870101156928e+01
3.858416505804427743e+01
3.931932641724334587e+01
4.003455685185225832e+01
4.072803326313324135e+01
4.139795430342444860e+01
4.204251761177524571e+01
4.265992095480834223e+01
4.324838128352499211e+01
4.380613139574919046e+01
4.433140205721255711e+01
4.482242194096994581e+01
4.527743504728326229e+01
4.569470962723335106e+01
4.607253994835218691e+01
4.640925394559357642e+01
4.670322735575814477e+01
4.695289639840945028e+01
4.715677068479590162e+01
4.731344193111112872e+01
4.742158539480578838e+01
4.747995940651583169e+01
4.748741139660637600e+01
4.744288298968331219e+01
4.734541008101172110e+01
4.719412437054415932e+01
4.698826294672039694e+01
4.672717680219852809e+01
4.641033416015022794e+01
4.603732327459260887e+01
4.560785835651279285e+01
4.512178082468153661e+01
4.457905503588472129e+01
4.397976277344969276e+01
4.332409926169748360e+01
4.261236691957265066e+01
4.184496975170213773e+01
4.102241095953058903e+01
4.014529372821220932e+01
3.921432175799532160e+01
3.823030203870530386e+01
3.720022242479262786e+01
3.609627985105362313e+01
3.496243923260078645e+01
3.375555759454573490e+01
3.251777529414857781e+01
3.120545561123299194e+01
2.986072779411028932e+01
2.843909246685382186e+01
2.698231387275177440e+01
2.544558230387337971e+01
2.386889491458214252e+01
2.220543411181404281e+01
2.049138980115617414e+01
1.867465125984267615e+01
1.678604993529120293e+01
1.476965479149760085e+01
1.265802685162952912e+01
1.040669387423463377e+01
8.071997354541736058e+00
5.644617278638293101e+00
3.221065370025371521e+00
8.260022961042068346e-01
-1.428336149440724512e+00
-3.528119785321337076e+00
-5.399094266870633874e+00
-7.084057150580065354e+00
-8.570387423473903254e+00
-9.953216688541033363e+00
-1.125219959667776948e+01
-1.256993161739922016e+01
-1.391038218840469654e+01
-1.534383427693126123e+01
-1.683496098592422641e+01
-1.841785773329399944e+01
-2.003217893070132050e+01
-2.170248572168588908e+01
-2.337413082428167854e+01
-2.508805452856654483e+01
-2.680932521244130839e+01
-2.859367906494151157e+01
-3.040914060289799181e+01
-3.229897633102450527e+01
-3.420417403423607539e+01
-3.613159313406981710e+01
-3.798498921299187714e+01
-3.974290135203045793e+01
-4.129823644171392516e+01
-4.264130104662365284e+01
-4.369970467219638977e+01
-4.451647041240357794e+01
-4.508086939580118724e+01
-4.549519825210904855e+01
-4.579456374670576224e+01
-4.610533775121825784e+01
-4.646119632249667575e+01
-4.696310679161240387e+01
-4.760169297421305146e+01
-4.842667858921208790e+01
-4.937963643619275445e+01
-5.047222734174852121e+01
-5.162426680405189927e+01
-5.284275095746409079e+01
-5.405638844927500486e+01
-5.528793274222073251e+01
-5.648093552963473485e+01
-5.766540126317750037e+01
-5.878092766810209469e+01
-5.984284052059899750e+01
-6.076992329665176840e+01
-6.155805388889723417e+01
-6.211640232857030242e+01
-6.244813997824633134e+01
-6.249028295437460656e+01
-6.229326379160249871e+01
-6.185473146475931117e+01
-6.128918339014637695e+01
-6.064996928111042962e+01
-6.008778317698329374e+01
-5.966471758356055943e+01
-5.950978784364360763e+01
-5.963577225944663951e+01
-6.010273240708272624e+01
-6.084641080861206319e+01
-6.185438342914744680e+01
-6.300557337681152603e+01
-6.425374724145808614e+01
-6.546933240201508397e+01
-6.662006251305479054e+01
-6.760591193420441414e+01
-6.843078540395526943e+01
-6.902884109060028095e+01
-6.943004921944611851e+01
-6.958429993794800339e+01
-6.952895300460443195e+01
-6.921830278907486900e+01
-6.869800616965005702e+01
-6.794071201234999080e+01
-6.702376517314746707e+01
-6.596379816046805900e+01
-6.488872417542870608e+01
-6.386286307210355062e+01
-6.304765573365943965e+01
-6.251633284670583635e+01
-6.240759011247337185e+01
-6.273868087936398297e+01
-6.356386078922093930e+01
-6.479813077447545311e+01
-6.639038717156097391e+01
-6.816319539861922294e+01
-7.000016137462819188e+01
-7.169538135173888804e+01
-7.314411588293023669e+01
-7.418872278119306429e+01
-7.479995073841701014e+01
-7.490982037008552652e+01
-7.457901431231243805e+01
-7.381788100230426153e+01
-7.274615430437575014e+01
-7.141156173893341474e+01
-6.995210041336895301e+01
-6.842064789306357397e+01
-6.695435725195113719e+01
-6.560505206087680108e+01
-6.451107459002719224e+01
-6.372587741793995519e+01
-6.338415433977434077e+01
-6.352242275286187123e+01
-6.423730568017936093e+01
-6.550116232314246645e+01
-6.732056501373881474e+01
-6.955848331995923672e+01
-7.210536787559124150e+01
-7.471818620524834387e+01
-7.720955222002362461e+01
-7.930241505304240945e+01
-8.082906448539870325e+01
-8.158756867636736843e+01
-8.153357606278973435e+01
-8.062158693167020829e+01
-7.897619489601504483e+01
-7.671107343570884041e+01
-7.408013885936566112e+01
-7.128207463373291830e+01
-6.860476749514964467e+01
-6.623131500431941276e+01
-6.439289872986250884e+01
-6.318762262140546682e+01
-6.274735915485064197e+01
-6.306862627971258917e+01
-6.418732309340441589e+01
-6.601254635773511836e+01
-6.850000192935863197e+01
-7.148220738285158404e+01
-7.483864223450041209e+01
-7.832565919056094117e+01
-8.175107516051969014e+01
-8.481360651940258322e+01
-8.729070037033216067e+01
-8.889211405510911845e+01
-8.945913876040378909e+01
-8.882325965946415636e+01
-8.700152340256488515e+01
-8.404146116265837918e+01
-8.019388727628881952e+01
-7.572944660638381720e+01
-7.108166825438968317e+01
-6.663743114236569909e+01
-6.286216729738657705e+01
-6.008392080409544178e+01
-5.862472957177396893e+01
-5.860231486355451125e+01
-6.008734872092043133e+01
-6.293478693333804586e+01
-6.696967820253632908e+01
-7.184174641561924091e+01
-7.722636407994627916e+01
-8.268529874161492899e+01
-8.786580657212743972e+01
-9.235395363105180877e+01
-9.586400874657988425e+01
-9.808293351933775739e+01
-9.885388471304293034e+01
-9.801820800053019411e+01
-9.559857881421658021e+01
-9.164030601178706092e+01
-8.639053231108357522e+01
-8.012985683940314630e+01
-7.333479233907110029e+01
-6.648607874641879789e+01
-6.020380368594157972e+01
-5.502867017964854313e+01
-5.153558110691540151e+01
-5.010392819150172272e+01
-5.103450692847241044e+01
-5.433903793919205327e+01
-5.989106277491441688e+01
-6.726032203259535436e+01
-7.591334381416470478e+01
-8.509521885626645599e+01
-9.406828061161343157e+01
-1.020170639712830507e+02
-1.082920885615384350e+02
-1.123017775829861193e+02
-1.137280801010717823e+02
-1.123805330086572667e+02
-1.083708269143959342e+02
-1.019286896158133686e+02
-9.354550441763728941e+01
-8.376849902974367978e+01
-7.333164409348012214e+01
-6.294403699699171284e+01
-5.341872535982668069e+01
-4.545945419217366634e+01
-3.978615150192752026e+01
-3.691670089333820215e+01
-3.728816458473761486e+01
-4.103891430537953511e+01
-4.813916898453214799e+01
-5.819507624330890394e+01
-7.061577854849508640e+01
-8.446783231802862701e+01
-9.870210040579650013e+01
-1.120696016501802887e+02
-1.234012426069691628e+02
-1.315577294955132857e+02
-1.357167456381235979e+02
-1.353000955454464247e+02
-1.302096175072558708e+02
-1.206814340558919412e+02
-1.074376685724641902e+02
-9.145665884479149099e+01
-7.405140606454881436e+01
-5.658583255010580615e+01
-4.052414145228260622e+01
-2.714447364243619631e+01
-1.760906998493396713e+01
-1.271501590832792772e+01
-1.300925441624917767e+01
-1.858524682102995484e+01
-2.924158982917526828e+01
-4.431930698743769881e+01
-6.289879778067290772e+01
-8.367457080997110097e+01
-1.051909625951348062e+02
-1.257592117701173038e+02
-1.437384288222583564e+02
-1.574947781617586315e+02
-1.657115519602888298e+02
-1.673549769043922879e+02
-1.619618441522687817e+02
-1.495516871759397191e+02
-1.308335399288550889e+02
-1.070179666666330149e+02
-7.991220301155181005e+01
-5.161814017026631518e+01
-2.452533622586906858e+01
-9.353878837480351649e-01
1.697872087857695078e+01
2.753814559588909106e+01
2.954765303995463910e+01
2.257751203989232636e+01
6.848499670852106647e+00
-1.660207269011368680e+01
-4.615585476564149303e+01
-7.956425235356016401e+01
-1.142861459179515577e+02
-1.475171818766038996e+02
-1.765776155884735772e+02
-1.989598041962087791e+02
-2.126976495903602427e+02
-2.163592961522829228e+02
-2.093346418005980922e+02
-1.917300902736355965e+02
-1.645495198621275676e+02
-1.294823013347793221e+02
-8.898364433902690962e+01
-4.596224474695804929e+01
-3.755217661327833412e+00
3.427911197662058385e+01
6.484800010989363273e+01
8.515558959832480923e+01
9.298333746635341868e+01
8.708281009803101824e+01
6.717638824033292622e+01
3.422778195697435422e+01
-9.715458284041574188e+00
-6.144078688405238609e+01
-1.169445599179647388e+02
-1.715810128963507850e+02
-2.206481913020912771e+02
-2.596797712681106987e+02
-2.850579236397958311e+02
-2.942034896397896091e+02
-2.859787917274310303e+02
-2.605970437095453462e+02
-2.197333849548732587e+02
-1.662111557332866596e+02
-1.039830701238853408e+02
-3.768661531881616611e+01
2.757016902128782476e+01
8.679201649648371131e+01
1.352748362541233291e+02
1.690542196507285553e+02
1.849719517997602907e+02
1.810657080131104522e+02
1.566219901562074028e+02
1.125332976833666407e+02
5.119274707754289011e+01
-2.338029636448800375e+01
-1.057949950315098704e+02
-1.893741965355005732e+02
-2.669349691596885350e+02
-3.314112269894903875e+02
-3.767262927743573755e+02
-3.982446981962414156e+02
-3.934842944485094449e+02
-3.622143443022857809e+02
-3.065051996475588112e+02
-2.302014586560378575e+02
-1.389054323277209733e+02
-3.969078092967345128e+01
5.938462362286088592e+01
1.504738304222206580e+02
2.264801232362324299e+02
2.815729353588541244e+02
3.113009066173201518e+02
3.129051013283177554e+02
2.851777641601936466e+02
2.289538550951975822e+02
1.472475374834293689e+02
4.529115011747944664e+01
-6.978314291625247279e+01
-1.887676743993800983e+02
-3.013157612530160350e+02
-3.972768640955462160e+02
-4.679984003919686302e+02
-5.068232436629125459e+02
-5.100050543019110592e+02
-4.769033098980573868e+02
-4.100354241150315602e+02
-3.143045868455808431e+02
-1.963499120683781030e+02
-6.499986668425401604e+01
6.880590096448770510e+01
1.944469870928282944e+02
3.025833102666039736e+02
3.852369861306275425e+02
4.363436192612459195e+02
4.525199717080930668e+02
4.317986476991875975e+02
3.738459039487482869e+02
2.809919257615767947e+02
1.591207626750988311e+02
1.679326551829228720e+01
-1.347795621053649029e+02
-2.820997568573239960e+02
-4.112068439103375113e+02
-5.103181353612303610e+02
-5.708153580815286432e+02
-5.880194711905576241e+02
-5.613871308370712541e+02
-4.942263929509467744e+02
-3.924486351794384973e+02
-2.633977682121588941e+02
-1.165964473173191891e+02
3.579586620672705521e+01
1.822297454824010856e+02
3.127503254163285646e+02
4.184707010321199618e+02
4.923000808362328939e+02
5.305900303153242703e+02
5.305359454722799910e+02
4.904294877965882051e+02
4.101770180360296081e+02
2.933163525346939764e+02
1.480700911129540600e+02
-1.443131519591588585e+01
-1.802900484366966793e+02
-3.332118377704160821e+02
-4.581132368761914222e+02
-5.441766873329670489e+02
-5.850854687532591925e+02
-5.792810741617563508e+02
-5.298069346047601584e+02
-4.425075396322756660e+02
-3.249540116007924553e+02
-1.862317595432923554e+02
-3.751164015543952246e+01
1.101544297506613930e+02
2.471443225204177452e+02
3.650500709106582917e+02
4.567503187345841411e+02
5.178789256108043446e+02
5.451451076198179635e+02
5.352829677976549192e+02
4.864115425777925452e+02
3.983396309057212648e+02
2.754353194723240676e+02
1.268011252237422468e+02
-3.531315637028694709e+01
-1.957538122686621591e+02
-3.381550867696139449e+02
-4.488435259903455972e+02
-5.188759956773048998e+02
-5.438440710429142655e+02
-5.246011559212995508e+02
-4.656412919593458355e+02
-3.737928040682165829e+02
-2.572142147959475551e+02
-1.254313432595473614e+02
1.134522308632733711e+01
1.439963780980554020e+02
2.649320595220646055e+02
3.675137392948961974e+02
4.464655225639436367e+02
4.981164633890448386e+02
5.186345462404833597e+02
5.046224133545541690e+02
4.536601432025879035e+02
3.655532812567157634e+02
2.452865133912725923e+02
1.019363850166098473e+02
-5.215749622468547386e+01
-2.019776747396472274e+02
-3.319042798663355143e+02
-4.297576030662240782e+02
-4.876230062090010051e+02
-5.025627163605944361e+02
-4.764410062431779807e+02
-4.144381653015215079e+02
-3.235812207309279529e+02
-2.121187230799160943e+02
-8.911517313665808615e+01
3.623841521236590779e+01
1.563704369934588385e+02
2.649288135711013865e+02
3.564249265116193897e+02
4.262831951047065218e+02
4.709134389189229069e+02
4.862936643220457427e+02
4.691430282940549432e+02
4.167567196337121231e+02
3.295159727061848685e+02
2.125456576943525988e+02
7.468530066432515468e+01
-7.212820176473996980e+01
-2.130947581240423006e+02
-3.335449061399056063e+02
-4.220752135552909294e+02
-4.715270746332671479e+02
-4.796369214632902640e+02
-4.488341013215288058e+02
-3.844418460804611186e+02
-2.936756092688061699e+02
-1.846987045969049177e+02
-6.644767083605870539e+01
5.256975500279691005e+01
1.653768498813869883e+02
2.662918655823598328e+02
3.502775208583188942e+02
4.132936697105260464e+02
4.517278452909241651e+02
4.618632311097966294e+02
4.405218468253612514e+02
3.853312045410375504e+02
2.971718840854988457e+02
1.813914753642727646e+02
4.652760741619727014e+01
-9.556588235086940131e+01
-2.304629127935812676e+02
-3.441111537185096267e+02
-4.257625958226548164e+02
-4.686401987909648597e+02
-4.710238732869058822e+02
-4.355193427886212021e+02
-3.676569881604923467e+02
-2.746719164964385982e+02
-1.649521288357813091e+02
-4.743624315307170036e+01
6.941609336718704526e+01
1.788717437757812831e+02
2.753121728213172901e+02
3.540527215392665994e+02
4.112857727362062406e+02
4.436595198626397405e+02
4.477347533996022548e+02
4.207639276057141728e+02
3.607846211048763507e+02
2.694490293995233969e+02
1.523072864491200562e+02
1.804161406536206869e+01
-1.215235010267947473e+02
-2.520883258520711934e+02
-3.602826120134143366e+02
-4.358031370119106214e+02
-4.724534770419037386e+02
-4.688863967466817257e+02
-4.280601334024670450e+02
-3.555442906732635038e+02
-2.587771692327133906e+02
-1.462866746381263283e+02
-2.733116304014367870e+01
8.966179033999026160e+01
1.978091081115380803e+02
2.915131321278763608e+02
3.661100881036974215e+02
4.181039523080429490e+02
4.442394060936246092e+02
4.415478460462833254e+02
4.075994938204372602e+02
3.411813197959286299e+02
2.447049366603715157e+02
1.242984424209637382e+02
-1.109211384015384283e+01
-1.492809648351038732e+02
-2.762032184988463541e+02
-3.790081580608439253e+02
-4.481061549050591566e+02
-4.778869630763047098e+02
-4.676991099318244096e+02
-4.207776763150308170e+02
-3.429485990371223352e+02
-2.416979258914603861e+02
-1.258777718722900545e+02
-4.872087502435419992e+00
1.127914449696581869e+02
2.202301804999667638e+02
3.116478183937339281e+02
3.825138106382221963e+02
4.293968909531010922e+02
4.492365514085976201e+02
4.393118259097282134e+02
3.976537606658475283e+02
3.237566406343082690e+02
2.210776673389681264e+02
9.630626345588848380e+01
-4.093712388386791190e+01
-1.781071936930011361e+02
-3.012015236296588228e+02
-3.981234274952960277e+02
-4.599582991064421549e+02
-4.820639727561358541e+02
-4.644825141318933674e+02
-4.109936264778643817e+02
-3.275715654269489505e+02
-2.219464853387250969e+02
-1.030993376793314837e+02
1.942139083473853134e+01
1.372978552294115389e+02
2.435589254572237223e+02
3.324427424996325726e+02
3.994095816913959425e+02
4.411960836250306102e+02
4.546889506383470234e+02
4.375050238276836012e+02
3.879102776269212427e+02
3.063655674813047654e+02
1.972151138814272144e+02
6.795575264179421993e+01
-7.113870425932316266e+01
-2.069252986984130303e+02
-3.256988788426558585e+02
-4.160022004442230354e+02
-4.698714652570283761e+02
-4.836215260453880092e+02
-4.582543117564777049e+02
-3.979786823579943302e+02
-3.091427849893677831e+02
-1.995851253125933908e+02
-7.854511524697181812e+01
4.460058879989526304e+01
1.617064188568683676e+02
2.659869857067487828e+02
3.516563782788087451e+02
4.144051315688561772e+02
4.509085687242993572e+02
4.581418298964479732e+02
4.338120759152974415e+02
3.765683702185324364e+02
2.877105751581656250e+02
1.725604857585016134e+02
3.926589275604851537e+01
-1.010314336893681002e+02
-2.348063664661573284e+02
-3.485852069111723495e+02
-4.317414742081800796e+02
-4.771570317244711532e+02
-4.823412043497170316e+02
-4.490865872205342839e+02
-3.822072325883998474e+02
-2.882882558211779269e+02
-1.754786964495419852e+02
-5.305625547565341549e+01
6.974609667817549052e+01
1.851975441920731100e+02
2.866106659818260596e+02
3.684547479842607345e+02
4.265410425633621685e+02
4.576106707116614416e+02
4.585844819768718708e+02
4.273727851788536896e+02
3.628785334393216999e+02
2.674064349836447718e+02
1.469694951697256329e+02
1.051258026905634324e+01
-1.301650346637529765e+02
-2.611147490840075989e+02
-3.693740384702191477e+02
-4.449732577837191911e+02
-4.818429891559554790e+02
-4.784981006801114063e+02
-4.376248239887798945e+02
-3.644429106039178805e+02
-2.659535854371257528e+02
-1.504661422259079018e+02
-2.740937046448368619e+01
9.438677321412012589e+01
2.074454805420491539e+02
3.053950538790334122e+02
3.828690953951550568e+02
4.359933056537840343e+02
4.613879242513867780e+02
4.561478794313635490e+02
4.181896095600000081e+02
3.469362923566979475e+02
2.454879564199209199e+02
1.206141993861326682e+02
-1.815484228768082176e+01
-1.582776289233279385e+02
-2.857241164301476601e+02
-3.879642989703468174e+02
-4.558496108199969967e+02
-4.842004032051793274e+02
-4.726358637787230919e+02
-4.244686767468434709e+02
-3.454488395654991564e+02
-2.428139708825730168e+02
-1.252090130928775125e+02
-1.980384230486265551e+00
1.183096174733766475e+02
2.285790211120008735e+02
3.226180409375654108e+02
3.954405667097972241e+02
4.432990936742542090e+02
4.628782323677292538e+02
4.513317456903990319e+02
4.067640876591256074e+02
3.290711203014121793e+02
2.222625163159502790e+02
9.362031458334979561e+01
-4.660961624919889346e+01
-1.854155452806410267e+02
-3.086975446650872072e+02
-4.045960252369017098e+02
-4.646196641659219040e+02
-4.846489228324692249e+02
-4.651457441902823575e+02
-4.101221657920073085e+02
-3.256394671053484444e+02
-2.193243198572677102e+02
-9.997631523236168505e+01
2.303584785698728865e+01
1.415843810639580624e+02
2.487680107331757426e+02
3.387077940164003849e+02
4.066450395410056444e+02
4.490843189393303874e+02
4.626439173628540971e+02
4.447391082158989093e+02
3.935429358363367101e+02
3.097156114527027739e+02
1.979454540796015181e+02
6.615729921730348906e+01
-7.488531057848138062e+01
-2.116374136535218895e+02
-3.302715783798092843e+02
-4.194745834681702945e+02
-4.716070279421119267e+02
-4.834336887431595642e+02
-4.563395833959997390e+02
-3.947819690728583737e+02
-3.052606526808554008e+02
-1.956026024880472960e+02
-7.490594266615187280e+01
4.767430838244877123e+01
1.642501499544351873e+02
2.682306111060668172e+02
3.538910994475540974e+02
4.168672216209549788e+02
4.536894394616469981e+02
4.611324857854917241e+02
4.367091395910425717e+02
3.789176266892244485e+02
2.891103237184208865e+02
1.727658270495899160e+02
3.827023726777122192e+01
-1.029412704981532443e+02
-2.370752280790915165e+02
-3.505567229478235731e+02
-4.328212021432301526e+02
-4.769506191889493039e+02
-4.807546453340396511e+02
-4.462900129540040552e+02
-3.785637055867982781e+02
-2.843094247753551826e+02
-1.717094956112321142e+02
-4.994759536718322579e+01
7.192657183191420245e+01
1.864029629042451006e+02
2.870015991196515870e+02
3.683208563148741064e+02
4.262003855965958792e+02
4.573156575417947352e+02
4.584802847295488277e+02
4.274642798329012408e+02
3.630340409175669834e+02
2.674659208380338669e+02
1.468061294215698354e+02
1.008163443826651928e+01
-1.307854238523483446e+02
-2.617079016882510132e+02
-3.696561973015334388e+02
-4.446692126700306744e+02
-4.807692220199307940e+02
-4.766236222775960414e+02
-4.350597377438730291e+02
-3.614146837223937609e+02
-2.628012818736652889e+02
-1.475746443716758449e+02
-2.511596602117481325e+01
9.585414281002908865e+01
2.080008588316189844e+02
3.051108111286034728e+02
3.819411266898331405e+02
4.346715846217932153e+02
4.599175254325733135e+02
4.547446547464066384e+02
4.169975666913843497e+02
3.460098810171615469e+02
2.448310589678639531e+02
1.202037928393641550e+02
-1.835487586817021111e+01
-1.582893037908029328e+02
-2.855257016580889058e+02
-3.875015612391377999e+02
-4.550548111008312162e+02
-4.830264292455640316e+02
-4.710845285470081762e+02
-4.225927377973673629e+02
-3.433524651143407027e+02
-2.406681783954356888e+02
-1.232260080191233556e+02
-3.623570029778875323e-01
1.194001377721591552e+02
2.290438354164914472e+02
3.224496144701070648e+02
3.947162319232760979e+02
4.421461895840754437e+02
4.614543170073224587e+02
4.498135861889201692e+02
4.053163195321717467e+02
3.278220587377706465e+02
2.213046247206233375e+02
9.300541897148116277e+01
-4.687788634235641894e+01
-1.853696443299753582e+02
-3.083829689039082496e+02
-4.040561438027906433e+02
-4.638860433549759819e+02
-4.837429693461924671e+02
-4.640855019978326936e+02
-4.089259773455028153e+02
-3.243325664769376999e+02
-2.179611559773247791e+02
-9.864154369841287462e+01
2.424480941074443763e+01
1.425646173231855300e+02
2.494248870796440087e+02
3.389789014393525122e+02
4.065102994389482092e+02
4.485587198552150880e+02
4.617832209732169417e+02
4.436395869334182862e+02
3.923288733783803082e+02
3.085202515686612514e+02
1.968942819012379459e+02
6.534876071926919394e+01
-7.539517217291108864e+01
-2.118399718208331706e+02
-3.301989551661358746e+02
-4.191805359756100415e+02
-4.711484448212152074e+02
-4.828568559404043299e+02
-4.556734730477023732e+02
-3.940364845653796237e+02
-3.044297013018134521e+02
-1.946843160767346035e+02
-7.391701469237443689e+01
4.869764540458709234e+01
1.652475045346320712e+02
2.691196210122448065e+02
3.545839738773402701e+02
4.172869126125486900e+02
4.537774123145242697e+02
4.608651981370306885e+02
4.361061954708621897e+02
3.780469740220559629e+02
2.880797507811193441e+02
1.717009789391740924e+02
3.729424752259546949e+01
-1.037243100304925747e+02
-2.376011958158973130e+02
-3.508116884538948170e+02
-4.328287585079433484e+02
-4.767563686731300550e+02
-4.804085489437466094e+02
-4.458312052298667822e+02
-3.780119426731296244e+02
-2.836618363491779746e+02
-1.709547213544783517e+02
-4.908254575607361403e+01
7.289081119935349307e+01
1.874310836819201995e+02
2.880271924737288600e+02
3.692552971217662616e+02
4.269484261662061044e+02
4.577863758343276572e+02
4.586056320064823240e+02
4.272119309538363723e+02
3.624259474545584112e+02
2.665791136460252346e+02
1.457521765071722939e+02
8.992841951457762661e+00
-1.317722308694478670e+02
-2.624836117979643859e+02
-3.701614792484142527e+02
-4.448905481554843391e+02
-4.807313686248890008e+02
-4.763730458894503954e+02
-4.346447648894229587e+02
-3.608724100071790417e+02
-2.621491391583642780e+02
-1.468178979776287179e+02
-2.425956121186982273e+01
9.680204125337127152e+01
2.090166834313279196e+02
3.061439711628361238e+02
3.829172241604210285e+02
4.355032757131240260e+02
4.605119907366281495e+02
4.550206021695525465e+02
4.168988329393960157e+02
3.455323711362841550e+02
2.440280616136648746e+02
1.191705827806242723e+02
-1.948717649000730034e+01
-1.593697251177854923e+02
-2.864211304630455288e+02
-3.881238149972309657e+02
-4.553638147465799193e+02
-4.830305604101130257e+02
-4.708259902146023705e+02
-4.221264254217164762e+02
-3.427315858480748147e+02
-2.399332489472039924e+02
-1.224067766221766078e+02
5.185082647062699834e-01
1.203273197076013048e+02
2.299970501011445094e+02
3.233913428106881156e+02
3.955916766744522874e+02
4.428874724272012600e+02
4.619835397617258650e+02
4.500567883381772276e+02
4.052155535462012494e+02
3.273658241526827624e+02
2.205330404941671532e+02
9.200102799328692527e+01
-4.799126993751349346e+01
-1.864426291861230993e+02
-3.092788199796465278e+02
-4.046769476002278907e+02
-4.641804631109642969e+02
-4.837115082080115371e+02
-4.637672181052096221e+02
-4.083787188762109963e+02
-3.236198573067008510e+02
-2.171411159145529837e+02
-9.776471076676659777e+01
2.513963355500015950e+01
1.434527656470561396e+02
2.502849177489486010e+02
3.397823335577716080e+02
4.072201409914511032e+02
4.491271986756446495e+02
4.621528090702056488e+02
4.437529297319115358e+02
3.921393461178748794e+02
3.080214902781415844e+02
1.961225864893444850e+02
6.437895170297736058e+01
-7.644904184802089731e+01
-2.128399175388703952e+02
-3.310185944747607891e+02
-4.197267201278065158e+02
-4.713712145647923535e+02
-4.827560361567088876e+02
-4.552861311606864092e+02
-3.934200803404764883e+02
-3.036515152600135252e+02
-1.938119592151388133e+02
-7.301344633998155587e+01
4.958359943204186493e+01
1.660835168068756502e+02
2.698813298179735511e+02
3.552478537641802632e+02
4.178282724937668036e+02
4.541635922456198386e+02
4.610572268135824743e+02
4.360642941313607253e+02
3.777410063524218913e+02
2.875145337306438478e+02
1.709152244051216485e+02
3.635940948531060712e+01
-1.047034627236813549e+02
-2.385018996126577804e+02
-3.515243475725759481e+02
-4.332727978062296188e+02
-4.768906095232406415e+02
-4.802363797031274544e+02
-4.453885298412226348e+02
-3.773536661334626388e+02
-2.828540364040018176e+02
-1.700674532776823753e+02
-4.818302461449582097e+01
7.374991725846223289e+01
1.882126375071958364e+02
2.887036851772302271e+02
3.698049039481681461e+02
4.273526218682009130e+02
4.580213430769503020e+02
4.586458248171023797e+02
4.270317558185559506e+02
3.620116580314135604e+02
2.659479429761177016e+02
1.449483020795001948e+02
8.087511694330146383e+00
-1.326812431941228851e+02
-2.632882256000730195e+02
-3.707694340671288273e+02
-4.452360106458880864e+02
-4.807845890849496300e+02
-4.761426522578128697e+02
-4.341661348414049826e+02
-3.601971590144182755e+02
-2.613396046980942629e+02
-1.459421894215711291e+02
-2.338352224326877149e+01
9.762619004231726194e+01
2.097495713914800035e+02
3.067554863796297013e+02
3.833852353588879396e+02
4.358106077583143474e+02
4.606386252928105023e+02
4.549488512655793215e+02
4.166127933494224180e+02
3.450320629774149666e+02
2.433416634081038410e+02
1.183484921414631117e+02
-2.037181404540933727e+01
-1.602233062941637627e+02
-2.871475198144958085e+02
-3.886453537196359775e+02
-4.556281648736789975e+02
-4.830190356603577584e+02
-4.705525774199385296e+02
-4.216265793425839092e+02
-3.420540570954754003e+02
-2.391362585159856735e+02
-1.215547621130560856e+02
1.363824797155757551e+00
1.211163141795090041e+02
2.306899097097618778e+02
3.239562457951948886e+02
3.960054056182601698e+02
4.431314287645956256e+02
4.620385119818745920e+02
4.499085668753575078e+02
4.048542703862045755e+02
3.268020950633770099e+02
2.198035094909516829e+02
9.116186935588530105e+01
-4.886374914830969374e+01
-1.872566632379446219e+02
-3.099470618182676844e+02
-4.051326260129229695e+02
-4.643822027666473105e+02
-4.836500265560066509e+02
-4.634613074499491177e+02
-4.078645053519570638e+02
-3.229443021664375237e+02
-2.163593271292687632e+02
-9.693756979307954680e+01
2.595514093700273861e+01
1.442101648320440290e+02
2.509449851015908735e+02
3.403125474115934139e+02
4.075963254648687553e+02
4.493284108905797893e+02
4.621594999331219356e+02
4.435517208763027952e+02
3.917243219067253222e+02
3.074111685853219456e+02
1.953596821726032431e+02
6.352461556637331341e+01
-7.731478161287475359e+01
-2.136258359154802520e+02
-3.316436015979122658e+02
-4.201317187733344554e+02
-4.715233851595803571e+02
-4.826536862909606498e+02
-4.549521555465091751e+02
-3.928918005090256429e+02
-3.029753274705265085e+02
-1.930414044286601438e+02
-7.220678745106363294e+01
5.037358297772345850e+01
1.668131731100254456e+02
2.705125228120574548e+02
3.557483462550557078e+02
4.181735061257568304e+02
4.543306047455558883e+02
4.610261919154781936e+02
4.358216087434279302e+02
3.772840964805189969e+02
2.868679077991130271e+02
1.701258971029520808e+02
3.549279068762439238e+01
-1.055636730202149920e+02
-2.392648074863718648e+02
-3.521135732317777638e+02
-4.336348346553111242e+02
-4.769995355894388922e+02
-4.800966336106368999e+02
-4.450264803897912316e+02
-3.768082042919180594e+02
-2.821720270848171594e+02
-1.693023149120417656e+02
-4.739136532967700077e+01
7.451862836050941041e+01
1.889169355708056628e+02
2.893067277991633546e+02
3.702755834534707446e+02
4.276666033219117935e+02
4.581545771934597724e+02
4.585787971309207478e+02
4.267507301344667212e+02
3.615177619974984964e+02
2.652704632636135784e+02
1.441375315465108997e+02
7.212602191527025752e+00
-1.335334492885081090e+02
-2.640277706642511930e+02
-3.713239846707970173e+02
-4.455567177464835140e+02
-4.808515566711567999e+02
-4.759654325161118322e+02
-4.337740660338893122e+02
-3.596308883772153422e+02
-2.606471589611558102e+02
-1.451778473455304947e+02
-2.260280898303130925e+01
9.837628131367341666e+01
2.104291655659386606e+02
3.073291157673703538e+02
3.838235383285567082e+02
4.360898467697283536e+02
4.607347352832964589e+02
4.548432402166384350e+02
4.162923654368671578e+02
3.445024002972154449e+02
2.426361189065708004e+02
1.175202325247350927e+02
-2.125024439059893666e+01
-1.610627741531161519e+02
-2.878600227932805637e+02
-3.891625310474919388e+02
-4.559057380016502066e+02
-4.830428019790408598e+02
-4.703365194731143220e+02
-4.212026100813905032e+02
-3.414645937790498920e+02
-2.384308469970471833e+02
-1.207889529899800891e+02
2.135477900152523034e+00
1.218486734859732223e+02
2.313442760183747851e+02
3.244985772944984888e+02
3.964084132372580598e+02
4.433720552311743290e+02
4.620936077956732788e+02
4.497608382281790682e+02
4.044923493155530423e+02
3.262367142280653525e+02
2.190716911147650308e+02
9.031963918383598866e+01
-4.974070528635706978e+01
-1.880779390133835705e+02
-3.106276757659438772e+02
-4.056084068705752088e+02
-4.646138157944645855e+02
-4.836288688991844538e+02
-4.632053052548341157e+02
-4.074078363675915853e+02
-3.223310507500452786e+02
-2.156406625031941076e+02
-9.617022113614314094e+01
2.671779916616901573e+01
1.449244423688361394e+02
2.515731440571228177e+02
3.408220344206956725e+02
4.079619444556287817e+02
4.495276725049260449e+02
4.621708269516998371e+02
4.433592301404828504e+02
3.913195268464680794e+02
3.068103413414563647e+02
1.946033048423595346e+02
6.267173544655929618e+01
-7.818554940781382356e+01
-2.144238759165751844e+02
-3.322878152827288432e+02
-4.205624260424185650e+02
-4.717067018879301941e+02
-4.825865347855552727e+02
-4.546560147261427574e+02
-3.924028731028564607e+02
-3.023392144810361515e+02
-1.923108491528934110e+02
-7.143925162046639343e+01
5.112622339299389296e+01
1.675084289861288198e+02
2.711135546768208542e+02
3.562241744893366899e+02
4.185007747053566618e+02
4.544872480009962601e+02
4.609925402794463594e+02
4.355831650525482246e+02
3.768363142866327848e+02
2.862326178465038993e+02
1.693469431913021026e+02
3.463244150482580608e+01
-1.064241019734105294e+02
-2.400355196143285639e+02
-3.527179025893282187e+02
-4.340178795336595385e+02
-4.771332938011067881e+02
-4.799833868901505411e+02
-4.446909174893928594e+02
-3.762883731982303743e+02
-2.815149094660578157e+02
-1.685620969743740716e+02
-4.662561343063646291e+01
7.525980011908563938e+01
1.895921017704883980e+02
2.898799799585281107e+02
3.707176114662167947e+02
4.279554449736817787e+02
4.582685516798179606e+02
4.585001726320395505e+02
4.264664128591855956e+02
3.610280061313128499e+02
2.646023713199859912e+02
1.433382833337253714e+02
6.347853378683339542e+00
-1.343799855113362582e+02
-2.647680549821859586e+02
-3.718860299982187598e+02
-4.458906534862483113e+02
-4.809355204448697805e+02
-4.758067871018627102e+02
-4.334004020538945952e+02
-3.590819706453089566e+02
-2.599712666896685960e+02
-1.444304284070337872e+02
-2.184086989121624356e+01
9.910450833072422938e+01
2.110832538773433953e+02
3.078741754556092474e+02
3.842320053573256473e+02
4.363406231624194334e+02
4.608066505029574955e+02
4.547202907348118401e+02
4.159630686385153240e+02
3.439724070540765979e+02
2.419373372753249214e+02
1.167032047438760856e+02
-2.211637341551659119e+01
-1.618923243976222466e+02
-2.885675213690958572e+02
-3.896806983584723412e+02
