-5.000849289067665069e-05
-1.499886382694160674e-04
-2.995549039514052640e-04
-4.972275710946168431e-04
-7.396498130318664328e-04
-1.022246101356102639e-03
-1.343118136375427577e-03
-1.709779220447895428e-03
-2.144080700300084446e-03
-2.678655634078506553e-03
-3.343127578570341801e-03
-4.148450644813889490e-03
-5.082932234076275799e-03
-6.125115296455422263e-03
-7.262372593921845310e-03
-8.497092911476204768e-03
-9.834869529433314453e-03
-1.126941207140689377e-02
-1.278301789642894738e-02
-1.436208019452877259e-02
-1.600742763537560051e-02
-1.772631631662793111e-02
-1.951814467793107008e-02
-2.137293517548322780e-02
-2.327978424062502119e-02
-2.522691240443416041e-02
-2.719238306337446245e-02
-2.914583249147601612e-02
-3.106651018300981074e-02
-3.295414345002784656e-02
-3.481953046515075950e-02
-3.667419983104748538e-02
-3.853099955392184917e-02
-4.039908766034371046e-02
-4.227417039103623098e-02
-4.415102379676590777e-02
-4.604373235717058865e-02
-4.796675072072855567e-02
-4.990541616059942370e-02
-5.184553611086889502e-02
-5.380882298745917613e-02
-5.580202554417253852e-02
-5.778459952868895966e-02
-5.976577806350456129e-02
-6.182104529934304149e-02
-6.391463690637093353e-02
-6.593030111240738567e-02
-6.796247769486578327e-02
-7.013960146206996149e-02
-7.217888579836453933e-02
-7.395336463769826285e-02
-7.603127834028292065e-02
-7.827280828184099426e-02
-7.962788966285828940e-02
-8.103482617050444814e-02
-8.406477405936693681e-02
-8.535012862620296181e-02
-8.439087078497232997e-02
-8.896521794273587469e-02
-9.200520085353894317e-02
