0.000000000000000000e+00
-4.303386202846213454e-02
-7.277513375283167774e-02
-7.848690082471669605e-02
-7.231921992375367481e-02
-6.606024447688445267e-02
-6.386919665488022257e-02
-6.452571537595826190e-02
-6.573698308591485739e-02
-6.634721759844579292e-02
-6.635069795388855163e-02
-6.614220909533735648e-02
-6.599684905881381125e-02
-6.596843135786789603e-02
-6.599903624708097771e-02
-6.603001797141155871e-02
-6.604085801889489349e-02
-6.603764284288432540e-02
-6.603167284171804208e-02
-6.602865685334548262e-02
-6.602863543688548831e-02
-6.602966319315820010e-02
-6.603038114189110908e-02
-6.603052222762667567e-02
-6.603037158902208548e-02
-6.603021867377160958e-02
-6.603016502731035020e-02
-6.603018079795791584e-02
-6.603021024551007645e-02
-6.603022515269563186e-02
-6.603022527949779785e-02
-6.603022021407407849e-02
-6.603021666822786462e-02
-6.603021596779079516e-02
-6.603021670926087494e-02
-6.603021746400690450e-02
-6.603021772949541068e-02
