0.000000000000000000e+00
-2.999336536662221622e-03
-8.746455528147165093e-03
-1.021689031464344602e-02
-8.640939411928992911e-03
-7.180392025452253871e-03
-6.702299042073453332e-03
-6.843832748316687475e-03
-7.108856877612726617e-03
-7.244351490860283412e-03
-7.245130567137094899e-03
-7.198686037059530071e-03
-7.166395764423997075e-03
-7.160091949683368776e-03
-7.166881160091556277e-03
-7.173757326133185785e-03
-7.176164004896730224e-03
-7.175450138064700181e-03
-7.174124710912664279e-03
-7.173455165825872587e-03
-7.173450411577615357e-03
-7.173678568263816384e-03
-7.173837951467081087e-03
-7.173869272440546070e-03
-7.173835830739366988e-03
-7.173801883705533712e-03
-7.173789974264150118e-03
-7.173793475324953366e-03
-7.173800012640730618e-03
-7.173803322018151157e-03
-7.173803350168470039e-03
-7.173802225650700339e-03
-7.173801438477359939e-03
-7.173801282981240486e-03
-7.173801447586653987e-03
-7.173801615139308897e-03
-7.173801674077424570e-03
