0.000000000000000000e+00
6.840373453264199100e-01
1.456578126221837799e+00
2.275453874710230195e+00
3.141016517476971970e+00
4.042468902910355766e+00
4.979861622767014495e+00
5.947673144999569672e+00
6.945817038956381140e+00
7.970753327449966008e+00
9.022320718752723678e+00
1.009797347991744587e+01
1.119750496626232206e+01
1.231895310290026657e+01
1.346208457548016213e+01
1.462531766889883755e+01
1.580840689559647672e+01
1.701003972941069975e+01
1.822997157679200342e+01
1.946709519652820575e+01
2.072117990458475845e+01
2.199128682402989199e+01
2.327721286585612859e+01
2.457816733447890556e+01
2.589398942812529469e+01
2.722402749701154079e+01
2.856817878480449480e+01
2.992592911634577035e+01
3.129725042449632610e+01
3.268176961450271278e+01
3.407955042489514597e+01
3.549036776280988192e+01
3.691439411541739446e+01
3.835156098947983594e+01
3.980216551752903342e+01
4.126630450689552276e+01
4.274441351665869604e+01
4.423676189875770604e+01
4.574393410764784562e+01
4.726637631319020727e+01
4.880482782217410431e+01
5.035991157793580442e+01
5.193252217880743160e+01
5.352345400919791985e+01
5.513375133943814888e+01
5.676436906369733038e+01
5.841648967816914251e+01
6.009121267995257654e+01
6.178984273959730444e+01
6.351360470390001467e+01
6.526390683091014466e+01
6.704207889715164015e+01
6.884961370398171709e+01
7.068792581822526699e+01
7.255857347071247432e+01
7.446303487317516101e+01
7.640291114439165199e+01
7.837971622344092282e+01
8.039506006403453853e+01
8.245044762349849066e+01
8.454744105064150972e+01
8.668746378833509425e+01
8.887194124528011230e+01
9.110210768931310099e+01
9.337912652162520999e+01
9.570389987846223789e+01
9.807717207228799339e+01
1.004993455654863510e+02
1.029705763221470534e+02
1.054906072987114669e+02
1.080588732917760240e+02
1.106743719101605166e+02
1.133358007962323484e+02
1.160414844483840113e+02
1.187895548068426024e+02
1.215779294913838271e+02
1.244045150337169616e+02
1.272671977780700843e+02
1.301640210932550872e+02
1.330931393632554887e+02
1.360529344669324701e+02
1.390419221146366908e+02
1.420588246660869629e+02
1.451024634098681361e+02
1.481718226623473811e+02
1.512659485346534609e+02
1.543840086887779250e+02
1.575251923028239105e+02
1.606887630513193983e+02
1.638739650508299519e+02
1.670800800655378850e+02
1.703063506147331054e+02
1.735520523199190279e+02
1.768164448787680954e+02
1.800988677170011272e+02
1.833987116361605558e+02
1.867155038766161965e+02
1.900488429270561710e+02
1.933984209258503029e+02
1.967639115427164143e+02
2.001449780260120122e+02
2.035411954075767653e+02
2.069521088618614897e+02
2.103771996468913699e+02
2.138159500430095932e+02
2.172677912217574772e+02
2.207321373107077136e+02
2.242083231162575316e+02
2.276956525937970923e+02
2.311933766051397185e+02
2.347007742645162978e+02
2.382171351963643531e+02
2.417417923264980573e+02
2.452740216101149144e+02
2.488129956291998042e+02
2.523576723375281858e+02
2.559068278199415545e+02
2.594590872607486745e+02
2.630130706564765433e+02
2.665674348598083725e+02
2.701209124221836646e+02
2.736722041720725542e+02
2.772199178384091738e+02
2.807624758964250304e+02
2.842981699595829355e+02
2.878252201819421998e+02
2.913419192373871169e+02
2.948466639705901571e+02
2.983379664010516308e+02
3.018143437840035403e+02
3.052742750620110428e+02
3.087161560801844757e+02
3.121383709545473266e+02
3.155393188275091347e+02
3.189174643718711195e+02
3.222712928057771933e+02
3.255993067207503486e+02
3.288999884136825926e+02
3.321718387092366243e+02
3.354133687302670523e+02
3.386231253957544709e+02
3.417996500714627928e+02
3.449414867298423815e+02
3.480471596925813174e+02
3.511152144298637836e+02
3.541442115787422154e+02
3.571327511558458809e+02
3.600794382797187154e+02
3.629828945965646767e+02
3.658417430638478436e+02
3.686546505471434898e+02
3.714203263145914207e+02
3.741375401765257607e+02
3.768050772444090626e+02
3.794217287233918796e+02
3.819862634698251895e+02
3.844974630629429271e+02
3.869541259515942215e+02
3.893550920608611818e+02
3.916992091976017605e+02
3.939853324780852972e+02
3.962123070903365942e+02
3.983790056746515802e+02
4.004843308312284762e+02
4.025272332877786425e+02
4.045066841537862956e+02
4.064216877952010805e+02
4.082712785944344773e+02
4.100545487186889204e+02
4.117706209608517725e+02
4.134186294374387671e+02
4.149976756972185399e+02
4.165068484042634509e+02
4.179452443452203738e+02
4.193120174707912611e+02
4.206063703333331318e+02
4.218275467910268617e+02
4.229747964321850304e+02
4.240473867976327256e+02
4.250446056764459399e+02
4.259657870626281237e+02
4.268102946889221130e+02
4.275775196774999927e+02
4.282668561289612512e+02
4.288777148913673614e+02
4.294095236658120029e+02
4.298617526361400678e+02
4.302339085476094738e+02
4.305255421152119197e+02
4.307362259381160356e+02
4.308655570898940255e+02
4.309131454300903101e+02
4.308786327325018419e+02
4.307616913918101886e+02
4.305620382352961997e+02
4.302794185613229843e+02
4.299136091267992015e+02
4.294644059493343775e+02
4.289316397792729845e+02
4.283151728247696042e+02
4.269254196694279813e+02
4.281007634254514187e+02
4.267855905603477140e+02
4.279450607326645581e+02
4.266603489055631826e+02
4.278494654812390081e+02
4.266217049934417673e+02
4.278636385979204988e+02
4.266981454326536323e+02
4.279942660189013282e+02
4.268844935438961556e+02
4.282270131416822778e+02
4.271644891955488106e+02
4.285520372702315512e+02
4.275437216567652285e+02
4.289928490980618108e+02
4.280587907718726797e+02
4.295873858183244920e+02
4.287353215162088418e+02
4.303349115462792156e+02
4.295349784975547323e+02
4.311553427741461633e+02
4.303415737150163523e+02
4.319103727029678907e+02
4.310148089375547897e+02
4.324793008638793026e+02
4.314709687389003534e+02
4.328244010280424163e+02
4.317182296635792227e+02
4.329918322809255073e+02
4.318279497513537990e+02
4.330639124058298535e+02
4.318807354128163070e+02
4.331102877545783940e+02
4.319303402126170681e+02
4.331678365899794585e+02
4.319986758600563235e+02
4.332469038427303190e+02
4.320882329417235042e+02
4.333453269689539411e+02
4.321945838210542661e+02
4.334578743999425114e+02
4.323123556412375024e+02
4.335791978931639505e+02
4.324362629144315520e+02
4.337041621853984452e+02
4.325615472742284737e+02
4.338286815699844396e+02
4.326850710760289189e+02
4.339507031157382926e+02
4.328057922846917336e+02
4.340699087390812565e+02
4.329237162436931499e+02
4.341862172647995521e+02
4.330383627966745053e+02
4.342985874383629152e+02
4.331481715321331762e+02
4.344051794591885596e+02
4.332513893362781801e+02
4.345046990456606864e+02
4.333474732873368112e+02
4.345975023372963051e+02
4.334376573051745254e+02
4.346855158706322300e+02
4.335242703279888019e+02
4.347711470973013093e+02
4.336095147903408815e+02
4.348561977920432469e+02
4.336947090003777703e+02
4.349415189615509689e+02
4.337803242390552896e+02
4.350273161284453067e+02
4.338664017543949285e+02
4.351135222375393710e+02
4.339527705676336495e+02
4.351998219509981709e+02
4.340389056974572668e+02
4.352854105928277022e+02
4.341236746848012444e+02
4.353688250416581127e+02
4.342053458560750414e+02
4.354481934826105771e+02
4.342820914376581527e+02
4.355219487081384386e+02
4.343528275678114596e+02
4.355896844996891559e+02
4.344179558572305950e+02
4.356526422552179838e+02
4.344794748517539347e+02
4.357133838978599556e+02
4.345402334808765659e+02
4.357747287239664615e+02
4.346027155104794701e+02
4.358385750741812785e+02
4.346680743172113921e+02
4.359052756080461108e+02
4.347359050746979392e+02
4.359737879931356019e+02
4.348046952008834865e+02
4.360423111612777802e+02
4.348725242965074358e+02
4.361089418730354623e+02
4.349376019850765829e+02
4.361720584662654119e+02
4.349985015778322577e+02
4.362304399812393285e+02
4.350542203441808624e+02
4.362833311526891862e+02
4.351043076735687691e+02
4.363306723339045448e+02
4.351492001706766928e+02
4.363734965373927253e+02
4.351905897435772772e+02
4.364141446280016794e+02
4.352313593242529350e+02
4.364558315667434272e+02
4.352747614530233022e+02
4.365015085298654185e+02
4.353231162478044780e+02
4.365525978012669839e+02
4.353767873113873748e+02
4.366083720942249329e+02
4.354340534080123462e+02
4.366663210688123513e+02
4.354918914115140751e+02
4.367232113590814606e+02
4.355471419316052106e+02
4.367761864606253539e+02
4.355974031681861334e+02
4.368233703160362325e+02
4.356413307159613169e+02
4.368639208375533372e+02
4.356785569439946357e+02
4.368979500467219168e+02
4.357097279889699166e+02
4.369267341768460255e+02
4.357368555419136555e+02
4.369530846540958464e+02
4.357635200029195630e+02
4.369811844701054042e+02
4.357941941107566777e+02
4.370153632266066097e+02
4.358325732469895684e+02
4.370582163265700046e+02
4.358797983170420594e+02
4.371092536449569934e+02
4.359337818066841805e+02
4.371650242510457929e+02
4.359900959191672314e+02
4.372205888640812645e+02
4.360437527307348091e+02
4.372713004052371275e+02
4.360907176662468601e+02
4.373138804452834165e+02
4.361285083616915017e+02
4.373466280614438801e+02
4.361561945890342145e+02
4.373694247406807563e+02
4.361745825986384943e+02
4.373841683182642441e+02
4.361868266135521139e+02
4.373953513664266666e+02
4.361986741169421293e+02
4.374096698944038621e+02
4.362172315197661874e+02
4.374339222680324042e+02
4.362481975043964439e+02
4.374719833237916760e+02
4.362931070837084349e+02
4.375228442801871438e+02
4.363485543100435962e+02
4.375811605307615082e+02
4.364079199152500337e+02
4.376397617793284098e+02
4.364641206737552466e+02
4.376920994668355434e+02
4.365113633144668484e+02
4.377331687518359900e+02
4.365453775303506063e+02
4.377594197425753464e+02
4.365634691715628151e+02
4.377693505633145605e+02
4.365658354152461698e+02
4.377654194305443411e+02
4.365576386893625340e+02
4.377556298294823023e+02
4.365494083524636153e+02
4.377522151386203859e+02
4.365538191444322251e+02
4.377667730547510700e+02
4.365798880307503964e+02
4.378045459630222922e+02
4.366284457803126884e+02
4.378620048327318841e+02
4.366923202914151716e+02
4.379295342338149339e+02
4.367608380220556228e+02
4.379966382152928759e+02
4.368244894685221311e+02
4.380550401024732423e+02
4.368759671374535856e+02
4.380978583368801083e+02
4.369083332810363345e+02
4.381180200599223440e+02
4.369149297790129367e+02
4.381104792611957350e+02
4.368939481259208151e+02
4.380783017004652038e+02
4.368544691729740634e+02
4.380367736040651039e+02
4.368169623189155004e+02
4.380093384247284689e+02
4.368047828921846758e+02
4.380159275231107472e+02
4.368315216884387269e+02
4.380619305532350722e+02
4.368939782949694290e+02
4.381367153483727179e+02
4.369764909675146214e+02
4.382226126414968803e+02
4.370622319477668043e+02
4.383055646581652809e+02
4.371404421584875877e+02
4.383771933829919476e+02
4.372031931650483330e+02
4.384278848451087924e+02
4.372378014739850869e+02
4.384420489421076468e+02
4.372278349535577604e+02
4.384061239905104230e+02
4.371671118565931238e+02
4.383253682961520212e+02
4.370746427927981586e+02
4.382321456490602714e+02
4.369927193161517494e+02
4.381726980529786033e+02
4.369641894419413006e+02
4.381793838659236826e+02
4.370057189388048187e+02
4.382511156164352997e+02
4.371000648074040100e+02
4.383593589248548597e+02
4.372142743194703485e+02
4.384737760350655549e+02
4.373258498405365344e+02
4.385816047230975414e+02
4.374297594822719475e+02
4.386802875817069776e+02
4.375191936018728143e+02
4.387530102428807481e+02
4.375649355689873801e+02
4.387606444828263079e+02
4.375254213735146323e+02
4.386701239809721642e+02
4.373876322664303302e+02
4.384972450431384914e+02
4.371992061426454370e+02
4.383171880922885748e+02
4.370515927175308093e+02
4.382217101842397824e+02
4.370198606427080676e+02
4.382552462201065282e+02
4.371103921955907481e+02
4.383872180369544367e+02
4.372651808128185849e+02
4.385478933144141251e+02
4.374205410075178975e+02
4.386944634187253769e+02
4.375618711671841652e+02
4.388377390742964508e+02
4.377128621570956284e+02
4.389956372471227724e+02
4.378668814545131340e+02
4.391247444560754047e+02
4.379432858229297949e+02
4.391205103267649292e+02
4.378384850483405444e+02
4.389105404829801955e+02
4.375383087701666227e+02
4.385542238942850872e+02
4.371736492925141988e+02
4.382335593771690583e+02
4.369431378407132343e+02
4.381235219639736442e+02
4.369618938604343725e+02
4.382562395209774877e+02
4.371749970793755438e+02
4.385065407139651938e+02
4.374215209354011904e+02
4.387218303368055672e+02
4.375989821030423172e+02
4.388763510113465145e+02
4.377600670907318090e+02
4.390753563943167137e+02
4.380153611250661925e+02
4.393801751426526039e+02
4.383327835701034019e+02
4.396476936496518420e+02
4.384762736188806116e+02
4.396015153778660078e+02
4.382040026519612752e+02
4.391108618094050371e+02
4.375508045587512242e+02
4.383901276889823748e+02
4.368769312032870857e+02
4.378716290744920343e+02
4.365923616926428394e+02
4.378523787636690940e+02
4.368160457473481415e+02
4.382484559166740610e+02
4.372835462681665035e+02
4.386830700676393917e+02
4.376079191397968771e+02
4.388711507895441741e+02
4.376943154236386135e+02
4.389403589651630000e+02
4.378515014625864978e+02
4.392719856108203658e+02
4.383882097008288952e+02
4.399660463305386315e+02
4.391140863072091634e+02
4.405461756309013026e+02
4.393648417466346245e+02
4.403321980366563935e+02
4.386454421378332995e+02
4.391836087332096668e+02
4.372495872715938958e+02
4.377858893263369851e+02
4.360996752939180396e+02
4.370801685650175159e+02
4.359396290223874644e+02
4.374519674285843962e+02
4.367152527068918744e+02
4.384139886381040583e+02
4.376084590587321941e+02
4.390181682415727664e+02
4.378116788176598106e+02
4.388619560340690668e+02
4.374866454370825295e+02
4.386501179516189950e+02
4.376666057838908728e+02
4.393954985635079993e+02
4.389715125800883015e+02
4.410518055752206124e+02
4.406064999458075704e+02
4.422190405699449229e+02
4.409107810583661262e+02
4.414430039119136495e+02
4.390993672241932018e+02
4.389075873698302530e+02
4.363336039009918750e+02
4.364481543880579011e+02
4.346256282790567411e+02
4.357625166736592632e+02
4.350278021025444559e+02
4.371003501192154204e+02
4.369314842781780044e+02
4.390360879383100041e+02
4.383422516594553144e+02
4.395313076239257839e+02
4.378501973297493919e+02
4.383487029567940567e+02
4.365670433338110001e+02
4.376616089344695411e+02
4.370360116443955008e+02
4.395019554863884537e+02
4.400247227419483238e+02
4.430162208728604583e+02
4.431845696423744130e+02
4.449076262144620273e+02
4.431358910541478053e+02
4.427366085809701417e+02
4.392448931658098559e+02
4.379815300169279340e+02
4.346283248444666469e+02
4.343451823730061960e+02
4.325159306110059561e+02
4.340269874494012470e+02
4.339945818359951772e+02
4.369308453016768681e+02
4.375169178241901022e+02
4.400153731922289353e+02
4.392310012467751221e+02
4.398758419186262927e+02
4.373738508678875974e+02
4.370774543771946696e+02
4.348627279372586827e+02
4.360993622728855712e+02
4.361898701570682420e+02
4.397624820732766580e+02
4.414904957670268004e+02
4.454418692744731061e+02
4.460116663246289477e+02
4.474247581344333184e+02
4.447344505387587787e+02
4.431311066782820944e+02
4.385141853228091122e+02
4.364184911873421129e+02
4.325561645433577382e+02
4.320638256651054121e+02
4.303619511015971284e+02
4.323545395656041705e+02
4.330120890583970663e+02
4.365892454420257991e+02
4.375786397916672286e+02
4.401771845898650781e+02
4.391647659988154828e+02
4.392773214656855316e+02
4.361278539134610241e+02
4.353909323888264566e+02
4.331811641822035313e+02
4.348783538431855504e+02
4.357224533019842738e+02
4.401045357322562381e+02
4.424287544971941202e+02
4.465270007196334063e+02
4.467139515996792056e+02
4.473680180381339824e+02
4.438503797298550353e+02
4.416129274724617630e+02
4.366389997457389427e+02
4.344129984565672089e+02
4.305904417857497037e+02
4.303136710712770991e+02
4.289790862657843036e+02
4.313328801813460132e+02
4.321848239279923405e+02
4.357842785093390034e+02
4.366971403600408621e+02
4.391254473076487557e+02
4.378343021278677725e+02
4.376842669087107538e+02
4.345047949991705423e+02
4.340717338756756476e+02
4.323941704893263704e+02
4.346385938735098193e+02
4.358523398039416179e+02
4.402865001011146546e+02
4.422668874574675897e+02
4.456727497209569719e+02
4.450293838218895530e+02
4.449909853587464568e+02
4.411033482386001197e+02
4.388564159396126456e+02
4.341734092953592494e+02
4.324366499781672246e+02
4.291957305071930477e+02
4.294797040789929952e+02
4.285504746456753082e+02
4.310763688871290924e+02
4.318970294897245594e+02
4.353175549552168491e+02
4.359161705740970660e+02
4.379322093295581340e+02
4.363041683865411073e+02
4.361287734290212939e+02
4.333241712197270772e+02
4.335096799118004469e+02
4.324089566705964671e+02
4.349747087202049443e+02
4.361739489529406910e+02
4.402507482548007260e+02
4.415795503310675940e+02
4.441842902442639911e+02
4.428083823641733261e+02
4.423048235247001116e+02
4.383270860799352135e+02
4.363592165155890257e+02
4.322193869786983669e+02
4.311436351107327027e+02
4.285545684386335097e+02
4.293807959226490425e+02
4.288118591835927305e+02
4.314906310613092728e+02
4.322580395353334097e+02
4.354167453753144059e+02
4.355791330484718173e+02
4.371329274206905779e+02
4.352498812248165905e+02
4.351777864561402112e+02
4.327776209882467242e+02
4.334539899521682287e+02
4.327271114795351536e+02
4.354493531007257161e+02
4.365479009897437095e+02
4.402517454995129924e+02
4.409893959376666999e+02
4.429327459075450975e+02
4.410129052770111002e+02
4.402310370424534653e+02
4.362967116631265867e+02
4.346477233426190878e+02
4.309937979921388660e+02
4.304655310542044049e+02
4.284104889860501544e+02
4.296936219176888017e+02
4.294452015999394803e+02
4.322650753245598025e+02
4.329640160985665034e+02
4.358417498566831796e+02
4.355871920109058237e+02
4.367563654111459641e+02
4.346945629335929766e+02
4.347129118729521906e+02
4.325972935259636643e+02
4.336129216524832941e+02
4.331650180810015627e+02
4.360252070235894735e+02
4.370492499297382096e+02
4.404346597313427196e+02
4.406709708436154074e+02
4.420730897167919125e+02
4.397316539982864469e+02
4.387578786523231429e+02
4.348869908805235127e+02
4.335051763404396752e+02
4.302382785611773670e+02
4.301476011644936079e+02
4.285331114197705915e+02
4.302116114674022924e+02
4.302560354007293313e+02
4.332070929899276734e+02
4.338300543351867873e+02
4.364308531524565069e+02
4.357895810185336245e+02
4.366152016405891345e+02
4.343869756543389258e+02
4.344595552719754323e+02
4.325665500643474388e+02
4.338769871032386050e+02
4.337007810212293180e+02
4.367140992253669083e+02
4.376849532278858987e+02
4.407825808161104533e+02
4.405648370942752763e+02
4.414844960331384982e+02
4.387753710859457215e+02
4.376395675928297919e+02
4.338252306950740262e+02
4.326686421088425050e+02
4.297274365039361896e+02
4.300125656846505535e+02
4.287880527284836489e+02
4.308247312765881816e+02
4.311321823904513622e+02
4.341833255971950507e+02
4.347000313143087169e+02
4.370074596925012997e+02
4.359849850736854364e+02
4.364882363639421783e+02
4.341164029476761357e+02
4.342590844332889901e+02
4.326004210310978806e+02
4.342212161358781373e+02
4.343335916539128903e+02
4.375065032880809781e+02
4.384173481812681530e+02
4.412188855049457175e+02
4.405507884814364274e+02
4.410077071604302432e+02
4.379592489057876605e+02
4.366842669157519481e+02
4.329317639797972674e+02
4.319861696797074160e+02
4.293453120705908077e+02
4.299791175802850489e+02
4.291165550951080263e+02
4.314767103195682125e+02
4.320005537658325920e+02
4.350950812207782405e+02
4.354513147719750918e+02
4.374318178578911898e+02
4.360302083980118937e+02
4.362506200264432437e+02
4.337975100316078851e+02
4.340731412786529972e+02
4.326977238819449667e+02
4.346593953246455726e+02
4.350663623348264082e+02
4.383743425624134034e+02
4.391786166127183151e+02
4.416390597704323682e+02
4.404998135500252374e+02
4.405055715241317671e+02
4.371527555970931189e+02
4.357782213874947388e+02
4.321153793595811408e+02
4.313918851698591084e+02
4.290511368367936598e+02
4.300254796809333016e+02
4.295031300761427246e+02
4.321439959297266569e+02
4.328200727710471938e+02
4.358825466620941143e+02
4.360114774637858091e+02
4.376319921978009120e+02
4.358714686428617142e+02
4.358797061599507288e+02
4.334385424233474282e+02
4.339287199233317551e+02
4.328877954645932959e+02
4.352055456072087054e+02
4.358811624294336866e+02
4.392593180777324733e+02
4.398759577081408452e+02
4.419330630161786075e+02
4.403044855885201514e+02
4.398875002605156510e+02
4.362876695552563433e+02
4.348746017509461694e+02
4.313475997150581520e+02
4.308737756263767551e+02
4.288469072437876548e+02
4.301606323250417745e+02
4.299539499285529018e+02
4.328228828577811100e+02
4.335755312895120142e+02
4.365228725449377976e+02
4.363594544283249093e+02
4.376029862957745422e+02
4.355307373304316343e+02
4.354218694589536653e+02
4.330947925280649997e+02
4.338727902242163168e+02
4.331972182795597064e+02
4.358563083296195373e+02
4.367383525267390496e+02
4.400900662256314035e+02
4.404237242059524533e+02
4.420224562605162646e+02
4.399085171393776363e+02
4.391230944098311397e+02
4.353544259011518420e+02
4.339766433606249620e+02
4.306389621795966036e+02
4.304480058876391695e+02
4.287519442552888336e+02
4.304012616201197829e+02
4.304783131710148609e+02
4.335148018999841497e+02
4.342637710198166019e+02
4.370151941246806473e+02
4.365079975936884011e+02
4.373823947052076164e+02
4.350700886968287477e+02
4.349479750331043988e+02
4.328254562027833572e+02
4.339408921959091003e+02
4.336342338708667512e+02
4.365908608679567351e+02
4.375907480195675134e+02
4.408067200792487483e+02
4.407698607420793451e+02
4.418788430323348280e+02
4.393112163437932622e+02
4.382326844042801213e+02
4.343829347819395821e+02
4.331142186527001172e+02
4.300156252431376629e+02
4.301371657880847010e+02
4.287835967889800486e+02
4.307565054061628871e+02
4.310771655133959825e+02
4.342156993056871670e+02
4.348812646935862176e+02
4.373655937865050873e+02
4.364845204944607531e+02
4.370238503241957915e+02
4.345582772631890975e+02
4.345205118140045215e+02
4.326707067272982954e+02
4.341477495495219614e+02
4.341904335316748416e+02
4.373801014287143971e+02
4.383969141588506773e+02
4.413726638461532730e+02
4.408994750576821389e+02
4.415157090488156655e+02
4.385489550485540349e+02
4.372629367615439264e+02
4.334173606790391204e+02
4.323217243337446689e+02
4.295019348042688989e+02
4.299571919490168170e+02
4.289486327114108803e+02
4.312235200390107366e+02
4.317403238447420222e+02
4.349122322635439559e+02
4.354184680442589865e+02
4.375792436439114681e+02
4.363187584873516016e+02
4.365790484905275548e+02
4.340516993407828181e+02
4.341811154296515838e+02
4.326495119480824769e+02
4.344923661188238384e+02
4.348482591311901615e+02
4.381937004402271327e+02
4.391250708824636604e+02
4.417712426491565907e+02
4.408219998572779446e+02
4.409676276095951835e+02
4.376708115933536760e+02
4.362635434278535058e+02
4.324972989234966576e+02
4.316252902645829295e+02
4.291129491470699691e+02
4.299139281420295902e+02
4.292432220620510179e+02
4.317893605442757234e+02
4.324481745933491652e+02
4.355826888637844831e+02
4.358601763123738806e+02
4.376590362640498597e+02
4.360376581071079727e+02
4.360904477605264447e+02
4.335900856927904670e+02
4.339529816868885064e+02
4.327670032539634235e+02
4.349655004712710706e+02
4.355858299209121469e+02
4.390018056791801087e+02
4.397502488340672926e+02
4.419965962475358765e+02
4.405563738370396436e+02
4.402729417681591713e+02
4.367223909638375403e+02
4.352748641906784997e+02
4.316505729234339697e+02
4.310402830210237539e+02
4.288548904146892937e+02
4.300053414117152215e+02
4.296562861667569564e+02
4.324343743281289107e+02
4.331747441541805301e+02
4.362003250652531960e+02
4.361889842005559217e+02
4.376076491875735428e+02
4.356654380106580220e+02
4.355918654701539481e+02
4.332005416642788305e+02
4.338482252559684866e+02
4.330215671299541782e+02
4.355536028477153536e+02
4.363779624863888102e+02
4.397740175347331046e+02
4.402505138460042531e+02
4.420468082805983840e+02
4.401225701932822290e+02
4.394659457829520193e+02
4.357404375056214008e+02
4.343258946697364422e+02
4.308944520399551834e+02
4.305744200191159621e+02
4.287285795790732550e+02
4.302248047232766339e+02
4.301725215728122294e+02
4.331348899564217731e+02
4.338907178585191105e+02
4.367372339731296051e+02
4.363894455750163388e+02
4.374308184303070561e+02
4.352262267556892539e+02
4.351121590025236401e+02
4.329030122897339652e+02
4.338735343540206486e+02
4.334080650300852540e+02
4.362392519714646824e+02
4.371956045904938151e+02
4.404786589309553619e+02
4.406055088022283712e+02
4.419217638768421352e+02
4.395397148756496790e+02
4.385762462247160443e+02
4.347539586700773953e+02
4.334372034708281944e+02
4.302397468966252063e+02
4.302316536047866293e+02
4.287322587503221598e+02
4.305631252136689113e+02
4.307740168070901063e+02
4.338649382139471982e+02
4.345659961006477374e+02
4.371678491638775768e+02
4.364518086382767024e+02
4.371403347577616501e+02
4.347465750080828002e+02
4.346780529263327821e+02
4.327135220459291531e+02
4.340324023265620781e+02
4.339179245328099910e+02
4.370002292685500720e+02
4.380057536973744163e+02
4.410836801203984123e+02
4.407975813577980375e+02
4.416243135151401020e+02
4.388275847507833305e+02
4.376308758534307799e+02
4.337870836667062235e+02
4.326244322407695222e+02
4.296942516718573870e+02
4.300145081678423367e+02
4.288627026759257888e+02
4.310091234469987853e+02
4.314408144958716207e+02
4.345973590375429580e+02
4.351717584455078622e+02
4.374717960801531262e+02
4.363747023270075260e+02
4.367555844820581115e+02
4.342560937531220588e+02
4.343146917385095662e+02
4.326448921206368823e+02
4.343249985896871976e+02
4.345380082474858909e+02
4.378089868105017786e+02
4.387727135648477201e+02
4.415590287706764911e+02
4.408142290004750521e+02
4.411623865897390715e+02
4.380084699917738362e+02
4.366561254143636006e+02
4.328611085135407848e+02
4.319005400921056435e+02
4.292644986793541761e+02
4.299246592137378684e+02
4.291150357088878877e+02
4.315494125807143746e+02
4.321510212612414534e+02
4.353046240612375186e+02
4.356821405861226140e+02
4.376359903184805944e+02
4.361663471661277640e+02
4.363031080563066553e+02
4.337860413432739506e+02
4.340445429877882475e+02
4.327061441318486459e+02
4.347472044446183190e+02
4.352496633116726343e+02
4.386332462609182699e+02
4.394604888310266233e+02
4.418795318945734607e+02
4.406503558250380479e+02
4.405503268274272841e+02
4.371078504804624458e+02
4.356780213417006280e+02
4.319952181829293067e+02
4.312767260790014916e+02
4.289561221923663652e+02
4.299624326131329894e+02
4.294820451751389783e+02
4.321680009562747387e+02
4.328808815841124442e+02
4.359596149192236680e+02
4.360756779188507153e+02
4.376559191742591111e+02
4.358442071285778638e+02
4.358144904545273448e+02
4.333668122945271648e+02
4.338859287346556926e+02
4.329017309226726979e+02
4.352897529027260930e+02
4.360285450478451139e+02
4.394376498334094094e+02
4.400355901162361079e+02
4.420272850605908843e+02
4.403093811003971041e+02
4.398088018601953308e+02
4.361536778201415814e+02
4.347216704598576484e+02
4.312063751153594353e+02
4.307625741946206404e+02
4.287734711793837050e+02
4.301259709548778574e+02
4.299535609294240430e+02
4.328460552018633507e+02
4.336050405484920134e+02
4.365365435026147907e+02
4.363366201968840414e+02
4.375360791051734850e+02
4.354333849740935989e+02
4.353234213492823983e+02
4.330255079551087647e+02
4.338520665442754876e+02
4.332310762200841054e+02
4.359377758919425787e+02
4.368452559959849850e+02
4.401859924358278704e+02
4.404695280952751091e+02
4.419929769355402414e+02
4.398030028748393647e+02
4.389634974045409876e+02
4.351747957394119339e+02
4.338101727263224348e+02
4.305090193741452822e+02
4.303659162187800575e+02
4.287189927448008575e+02
4.304105394879902633e+02
4.305161248727915222e+02
4.335619372634647561e+02
4.342971106404966122e+02
4.370121230200915647e+02
4.364560954954905583e+02
4.372896109234081905e+02
4.349642811829804714e+02
4.348627987298537505e+02
4.327843335623442727e+02
4.339508038313463771e+02
4.336883812950427455e+02
4.366707568914648618e+02
4.376666153187384793e+02
4.408435462107049148e+02
4.407405942432087613e+02
4.417761053447341055e+02
4.391499600580484639e+02
4.380431864881753086e+02
4.341991894442384137e+02
4.329637234198008855e+02
4.299149641659006988e+02
4.300926558364627681e+02
4.287926743728260135e+02
4.308081325874040317e+02
4.311529469149137412e+02
4.342915345669524640e+02
4.349305897926075772e+02
4.373669802551570456e+02
4.364329848390921143e+02
4.369372543235637636e+02
4.344700254870851950e+02
4.344624553112002445e+02
4.326599569401007557e+02
4.341847638323953902e+02
4.342625074226956485e+02
4.374628630313443409e+02
4.384573470908590025e+02
4.413791598157677640e+02
4.408348660192355624e+02
4.413843684240442826e+02
4.383742996663893905e+02
4.370777362155159267e+02
4.332525641832157248e+02
4.321992094382596861e+02
4.294335429415750127e+02
4.299465961424966167e+02
4.289916432687639940e+02
4.313073448070775839e+02
4.318440795573851005e+02
4.350088833971107078e+02
4.354801176657611563e+02
4.375871746891560861e+02
4.362743300039445558e+02
4.365057880571508804e+02
4.339840425742246453e+02
4.341477146314608717e+02
4.326635455987553200e+02
4.345515278632770446e+02
4.349368628822898586e+02
4.382836931128640572e+02
4.391820108564171505e+02
4.417669926419953867e+02
4.407465616832466822e+02
4.408325767469053744e+02
4.375035489256547976e+02
4.360963985183102523e+02
4.323574706385294348e+02
4.315302958030576974e+02
4.290718627170974742e+02
4.299292371289474204e+02
4.293099194376626428e+02
4.318934131151621614e+02
4.325667732115193758e+02
4.356870808198885925e+02
4.359229994906319803e+02
4.376655988494827625e+02
4.359951396024861765e+02
4.360261190637363597e+02
4.335379624070551472e+02
4.339387030748171696e+02
4.328010751266704688e+02
4.350436326821887292e+02
4.356894032756596289e+02
4.390994882037560956e+02
4.398070209399827490e+02
4.419878394612293846e+02
4.404778984434586278e+02
4.401413346672393914e+02
4.365670059664914788e+02
4.351265189002996294e+02
4.315329753217928328e+02
4.309678148709681409e+02
4.288349812740043490e+02
4.300395276059494449e+02
4.297382882035711873e+02
4.325483675333315432e+02
4.332960180293928261e+02
4.362994682485123690e+02
4.362408713040853172e+02
4.376030004734906242e+02
4.356175447765781428e+02
4.355311716153611883e+02
4.331599937968613290e+02
4.338502015185513301e+02
4.330735867360754696e+02
4.356483822596007371e+02
4.364929479152397107e+02
4.398747839325882865e+02
4.403026007647919187e+02
4.420300204774436565e+02
4.400385597096970969e+02
4.393356166281490118e+02
4.355942274826309131e+02
4.341926727378365740e+02
4.307947560333814181e+02
4.305202223890716482e+02
4.287258997980651998e+02
4.302736004022501106e+02
4.302642632786045169e+02
4.332512822367464196e+02
4.340052974784485400e+02
4.368210507764393924e+02
4.364213244097032316e+02
4.374084016924297202e+02
4.351693495816679160e+02
4.350537456132470311e+02
4.328738234490296577e+02
4.338917860576684689e+02
4.334772344841929907e+02
4.363476407527691094e+02
4.373159843158076114e+02
4.405743834414995490e+02
4.406445125674707128e+02
4.418898060480777303e+02
4.394448308900506390e+02
4.384432936616167353e+02
4.346137389585971960e+02
4.333161942244300917e+02
4.301554582151908335e+02
4.301939300622068458e+02
4.287453690070302628e+02
4.306245422781958041e+02
4.308721293395923340e+02
4.339786593038909928e+02
4.346675747243685919e+02
4.372300873924964435e+02
4.364592613216668155e+02
4.370987861680602578e+02
4.346821066390949682e+02
4.346245510520637936e+02
4.326980351408639649e+02
4.340680358463783364e+02
4.340031186189689834e+02
4.371178436263789990e+02
4.381240149784607070e+02
4.411654517844229986e+02
4.408154122929834102e+02
4.415713555831940198e+02
4.387184508003140309e+02
4.374936552214832091e+02
4.336519946715567926e+02
4.325150515320157751e+02
4.296251431969877217e+02
4.299934147612687525e+02
4.288915855168655753e+02
4.310822407272433452e+02
4.315430737574969271e+02
4.347049921274518738e+02
4.352565163761597660e+02
4.375097397528843430e+02
4.363577490951695381e+02
4.366980512743932650e+02
4.341889228769180136e+02
4.342706310292396665e+02
4.326459564597461167e+02
4.343786476276097233e+02
4.346370209218886203e+02
4.379304379213707534e+02
4.388813611925226041e+02
4.416195054035587759e+02
4.408057147496909920e+02
4.410861851483240343e+02
4.378852420538015622e+02
4.365159934301215685e+02
4.327326286897838941e+02
4.318040044133734341e+02
4.292116785349368797e+02
4.299211003960900825e+02
4.291598797294454357e+02
4.316333269279508613e+02
4.322554365393687590e+02
4.354035500656075328e+02
4.357479320308047477e+02
4.376496060274820366e+02
4.361281916998199790e+02
4.362353394027242643e+02
4.337222549603266089e+02
4.340143178603798333e+02
4.327257653416630774e+02
4.348183789358166678e+02
4.353592325481791931e+02
4.387528656542375529e+02
4.395532334675366428e+02
4.419140931277539153e+02
4.406139115985689614e+02
4.404522229011489003e+02
4.369736099417239075e+02
4.355383390568874233e+02
4.318760342894361202e+02
4.311949484067147296e+02
4.289209624460656869e+02
4.299770812442407077e+02
4.295424738247457981e+02
4.322612202946195907e+02
4.329851206126401166e+02
4.360474087736099023e+02
4.361213658138339042e+02
4.376469194490031214e+02
4.357897514625034319e+02
4.357429469258286190e+02
4.333119667909652435e+02
4.338727374595071069e+02
4.329406617429291373e+02
4.353768388574721939e+02
4.361446848443293902e+02
4.395500754384377728e+02
4.401078337754320273e+02
4.420340200657770993e+02
4.402463496676617183e+02
4.396925472399126420e+02
4.360130194800628942e+02
4.345864430198595301e+02
4.310992761830627273e+02
4.306973196771120911e+02
4.287569356611998614e+02
4.301587881918814560e+02
4.300283461988209979e+02
4.329462845633705115e+02
4.337062064169551832e+02
4.366107264287830958e+02
4.363617147212927421e+02
4.375071947666306755e+02
4.353680714711784958e+02
4.352540607513399209e+02
4.329838683432417383e+02
4.338577418234834795e+02
4.332889444813425825e+02
4.360382421790347962e+02
4.369635510533170191e+02
4.402864297808241076e+02
4.405182665560326996e+02
4.419720331566244340e+02
4.397165321731126824e+02
4.388339216201916884e+02
4.350325666792048764e+02
4.336830792570092967e+02
4.304162847226758686e+02
4.303184296096137587e+02
4.287214013312128600e+02
4.304606903106851519e+02
4.306032062140889707e+02
4.336661210683362242e+02
4.343918045672662060e+02
4.370702322595116698e+02
4.364606827097495056e+02
4.372441746671893839e+02
4.348934485219111252e+02
4.348005938933578705e+02
4.327588368971738646e+02
4.339760659281179755e+02
4.337639184897292353e+02
4.367813129955118825e+02
4.377823904576280256e+02
4.409278012287672368e+02
4.407640819550920241e+02
4.417289526078252493e+02
4.390440400673186900e+02
4.379052451780169690e+02
4.340597518880128973e+02
4.328477060418111364e+02
4.298382245769986980e+02
4.300636302719429409e+02
4.288137260727258990e+02
4.308740882969330528e+02
4.312495754175981233e+02
4.343960379090759716e+02
4.350151613320207389e+02
4.374068440015602164e+02
4.364178419806785314e+02
4.368790406505657984e+02
4.343986690043923318e+02
4.344113722605008547e+02
4.326524754716660937e+02
4.342294992058555749e+02
4.343536680765430447e+02
4.375795386957809114e+02
4.385657863953837250e+02
4.414436297812728753e+02
4.408323347330530737e+02
4.413132878728383162e+02
4.382531850852263915e+02
4.369360352097755253e+02
4.331195428737388511e+02
