0.000000000000000000e+00
-4.262765272319057885e-03
-8.592244070975141312e-03
-1.293859297480537407e-02
-1.734076778495818871e-02
-2.181540948235749511e-02
-2.637244277636341394e-02
-3.102409885323709204e-02
-3.578652007743698960e-02
-4.066779290178601514e-02
-4.568048094972709805e-02
-5.082911895834740790e-02
-5.612246549708288512e-02
-6.156239349581937859e-02
-6.715516509041208337e-02
-7.290091039590151922e-02
-7.880442497753392672e-02
-8.486489237179739575e-02
-9.108627149771564291e-02
-9.746736128562361046e-02
-1.040116011087093284e-01
-1.107176658220510035e-01
-1.175884959950508346e-01
-1.246225433579866149e-01
-1.318219230633985717e-01
-1.391843410157207472e-01
-1.467103373742020267e-01
-1.543958697523066803e-01
-1.622386784263198933e-01
-1.702314835927154490e-01
-1.783675568027547342e-01
-1.866345148771415552e-01
-1.950192423886392135e-01
-2.035023246678520081e-01
-2.120625401840925406e-01
-2.206720598721858551e-01
-2.293008089951626971e-01
-2.379126454889046727e-01
-2.464699488893984380e-01
-2.549310298368254735e-01
-2.632552829923042736e-01
-2.714020049568262039e-01
-2.793362773745684535e-01
-2.870291146766703605e-01
-2.944638765532090474e-01
-3.016372215481624153e-01
-3.085653344307957013e-01
-3.152846512612086372e-01
-3.218567341434663831e-01
-3.283674386429993319e-01
-3.349291956528759329e-01
-3.416775092509851675e-01
-3.487698977762647701e-01
-3.563793173957492399e-01
-3.646897721648656443e-01
-3.738868752027428854e-01
-3.841504068000176630e-01
-3.956420617346338986e-01
-4.084947219757850689e-01
-4.227969151079378207e-01
-4.385785382589801884e-01
-4.557925518734009529e-01
-4.742991963130407385e-01
-4.938488716566098446e-01
-5.140707091400145146e-01
-5.344637978637365450e-01
-5.543977567597266898e-01
-5.731197060615613736e-01
-5.897737952041097742e-01
-6.034304238187360170e-01
-6.131302012472588103e-01
-6.179375210715534195e-01
-6.170035109682885377e-01
-6.096266192462280742e-01
-5.953043371710009524e-01
-5.737629881775774265e-01
-5.449637501399138273e-01
-5.090813870931469864e-01
-4.664621859210456023e-01
-4.175611914845376305e-01
-3.628644888176495442e-01
-3.027984944094441744e-01
-2.376411402706253284e-01
-1.674518656263899175e-01
-9.204488657883302949e-02
-1.101494599197394564e-02
7.619011887891247170e-02
1.701811046868897392e-01
2.715545324711001740e-01
3.808548725116907008e-01
4.985632501682175644e-01
6.251020760460050951e-01
7.608562663149314176e-01
9.062264795145438256e-01
1.061700410977664433e+00
1.227888851128227543e+00
1.405465960800711400e+00
1.595024562373055232e+00
1.796939680633613534e+00
2.011352958388670231e+00
2.238299529209598404e+00
2.477875864084808200e+00
2.730281839422559642e+00
2.995637612847076525e+00
3.273631651290997979e+00
3.563203108528341545e+00
3.862470474182373437e+00
4.168982315114817538e+00
4.480181955650778036e+00
4.793900303213831648e+00
5.108744193184065807e+00
5.424342521896505787e+00
5.741426142483987860e+00
6.061685560669047845e+00
6.387393208226512797e+00
6.720935371686437065e+00
7.064495753392520783e+00
7.420010011199792643e+00
7.789234365266338500e+00
8.173626307716403971e+00
8.573906372735791592e+00
8.989558118710647250e+00
9.418757596977002322e+00
9.859008353660783541e+00
1.030819287909071136e+01
1.076535623437189315e+01
1.123072526748978817e+01
1.170508152768911714e+01
1.218904555201697804e+01
1.268274233825309238e+01
1.318590894662338542e+01
1.369820178170539293e+01
1.421941440288196645e+01
1.474943858809774611e+01
1.528798887244136040e+01
1.583430160016723676e+01
1.638706769719510703e+01
1.694466322267328451e+01
1.750544246250319702e+01
1.806778710425589907e+01
1.862989012314778847e+01
1.918962027843565465e+01
1.974482186929310501e+01
2.029395430973931980e+01
2.083647666294245937e+01
2.137241229962410216e+01
2.190120706031598274e+01
2.242075284841212124e+01
2.292749469721684363e+01
2.341769583197640259e+01
2.388891867407903646e+01
2.434055918462024692e+01
2.477307192067667074e+01
2.518658910272955609e+01
2.557999231176557942e+01
2.595092416627170451e+01
2.629639943704540883e+01
2.661338050058833460e+01
2.689902705162501206e+01
2.715078023123254525e+01
2.736650343242087047e+01
2.754463765869766689e+01
2.768414843354054256e+01
2.778417714927712723e+01
2.784358879505458617e+01
2.786072141607489527e+01
2.783348448784801121e+01
2.775969006216523383e+01
2.763735708102905164e+01
2.746479842173079078e+01
2.724049782917492735e+01
2.696294988291411698e+01
2.663064626537314439e+01
2.624224887441698684e+01
2.579681703487688083e+01
2.529390268816007392e+01
2.473343503174896796e+01
2.411548694411948190e+01
2.344010192698328865e+01
2.270730023058285951e+01
2.191723403103549117e+01
2.107034629981438911e+01
2.016739335508981412e+01
1.920931410118714666e+01
1.819706973644417758e+01
1.713161322291023225e+01
1.601403507191707831e+01
1.484576876631695086e+01
1.362867956193542796e+01
1.236496416449745084e+01
1.105695180076486395e+01
9.706964693353938856e+00
8.317318917553166102e+00
6.890419764697185201e+00
5.428847493637704247e+00
3.935368684512013715e+00
2.412882983223880728e+00
8.643588731982845275e-01
-7.071933462200377107e-01
-2.298697319250663895e+00
-3.901303413078039739e+00
-5.536938910038770700e+00
-7.169753432864354181e+00
-8.827871459244306607e+00
-1.047272491869762234e+01
-1.213488338399588429e+01
-1.377713913263846734e+01
-1.542855830166126907e+01
-1.705288269204470453e+01
-1.868026722818513008e+01
-2.027291768732607125e+01
-2.186030329039442677e+01
-2.340642386909826200e+01
-2.494394623632615549e+01
-2.644010445747881022e+01
-2.792828108984554092e+01
-2.937222676031228730e+01
-3.079835750460745203e+01
-3.215931972106545800e+01
-3.346477236592477311e+01
-3.464644183229302143e+01
-3.569438110440660239e+01
-3.653109862029145916e+01
-3.715640174227132775e+01
-3.752505212841583671e+01
-3.768679551103571157e+01
-3.765197820760158720e+01
-3.751725080332687412e+01
-3.731988250180324940e+01
-3.715702813808229621e+01
-3.704085354861831547e+01
-3.702505568893991494e+01
-3.707122664042526594e+01
-3.718710681285142527e+01
-3.730187421748064480e+01
-3.740885470859029738e+01
-3.744071116747818451e+01
-3.740748217279372057e+01
-3.726458455909187251e+01
-3.704382801920451129e+01
-3.671589772684433228e+01
-3.631810033009401195e+01
-3.581682613706061602e+01
-3.523771782903179428e+01
-3.453232268483634471e+01
-3.371355786757987971e+01
-3.272734209675695638e+01
-3.159131166117288103e+01
-3.026753982710965829e+01
-2.879973303204360491e+01
-2.718185530722007570e+01
-2.548956791149544188e+01
-2.374291644774075394e+01
-2.203271853633214050e+01
-2.037993237225737175e+01
-1.886129137756643104e+01
-1.747094083475849402e+01
-1.625055016866565438e+01
-1.515665108034181685e+01
-1.419653776057884897e+01
-1.330037487444019462e+01
-1.245998325773928173e+01
-1.160159637035781088e+01
-1.072307011948282707e+01
-9.763440430761875177e+00
-8.736256536664768646e+00
-7.595696594830769754e+00
-6.367604123157207141e+00
-5.014783582469590328e+00
-3.568675273362941880e+00
-1.996511735118019715e+00
-3.353891907233901293e-01
1.438443519950169502e+00
3.274401455911061021e+00
5.178630667781135344e+00
7.080729242201527995e+00
8.967911221763870344e+00
1.075546084818279269e+01
1.242446507035742798e+01
1.389485132159302339e+01
1.516405546983992281e+01
1.617909527973824879e+01
1.697244601329111902e+01
1.752996368943797734e+01
1.792195005281075737e+01
1.816644073075951837e+01
1.835655415418966641e+01
1.852157219065122717e+01
1.875381288688561199e+01
1.907086923530187050e+01
1.954486812537197693e+01
2.016777054916178713e+01
2.098372554985280658e+01
2.195698615953040189e+01
2.310605463104934643e+01
2.437250677224551509e+01
2.575531129061073443e+01
2.717944118583727686e+01
2.862996565459263820e+01
3.002077836881994699e+01
3.132934124001383225e+01
3.246661847182599558e+01
3.341335442216700358e+01
3.409150101234581598e+01
3.450147190227221472e+01
3.459361306971436534e+01
3.440427140774750114e+01
3.392480100521015629e+01
3.323407009595041472e+01
3.236324113143427894e+01
3.142395430958015368e+01
3.046932222041948535e+01
2.961941248092273327e+01
2.892102305861612876e+01
2.847357155939334916e+01
2.829081372341488532e+01
2.842988286394586339e+01
2.885690535365688447e+01
2.958015480156359445e+01
3.051953354345880598e+01
3.164298083737003253e+01
3.283840815056623796e+01
3.405171489955898778e+01
3.515957973804734138e+01
3.610772998757897767e+01
3.678355547861860941e+01
3.715387837140087868e+01
3.713678648032589535e+01
3.673828248730080759e+01
3.592254921913399812e+01
3.474645089508112505e+01
3.322699955148266326e+01
3.147242822478119706e+01
2.954577365639022446e+01
2.759191479155981597e+01
2.569739646064454064e+01
2.401444921846098168e+01
2.261898128475115755e+01
2.163428194793402781e+01
2.109038018797207314e+01
2.105075060018407385e+01
2.147606881544982116e+01
2.235628963967292293e+01
2.358023432793061147e+01
2.507340338516405609e+01
2.667269161318699844e+01
2.826829787634619606e+01
2.968121863882402067e+01
3.080646169089538944e+01
3.149035249773157830e+01
3.167215542871940670e+01
3.125855620745676333e+01
3.026144455754001683e+01
2.866779102706425419e+01
2.657230491572715891e+01
2.404192395829409179e+01
2.124308002395264339e+01
1.830107219918249939e+01
1.542278999350946833e+01
1.275244242727296751e+01
1.049185531542889294e+01
8.755285032242795751e+00
7.690523390996531816e+00
7.336342637635425490e+00
7.748002323655214241e+00
8.860656275004771487e+00
1.062201032498114728e+01
1.286357344524139990e+01
1.544126512838397502e+01
1.811409882841724084e+01
2.069108894336568483e+01
2.291455113085680750e+01
2.460949852218936940e+01
2.556701509713093401e+01
2.569120449554793595e+01
2.487770335575476111e+01
2.315366932808353795e+01
2.054773074034471847e+01
1.722043887221718705e+01
1.332442139564636818e+01
9.125502484331377673e+00
4.854676329195626749e+00
8.227987159064014122e-01
-2.731638143026430043e+00
-5.529460156308800833e+00
-7.401978316604868269e+00
-8.174214031620522292e+00
-7.809874204737070613e+00
-6.286289948130388439e+00
-3.729501823672080718e+00
-2.782884430067724679e-01
3.792040485172833542e+00
8.216614230504433181e+00
1.262721485910856245e+01
1.670754747884393510e+01
2.008534309264848616e+01
2.249046067657070580e+01
2.364626141769736023e+01
2.342315432762393357e+01
2.172164173012311039e+01
1.861418240894420251e+01
1.421397308855580377e+01
8.801024094147237520e+00
2.674877705836820496e+00
-3.734334904840693525e+00
-1.002587314287143272e+01
-1.572659482774906792e+01
-2.045592955513711786e+01
-2.382434217471529792e+01
-2.559377953835610242e+01
-2.556720439870252903e+01
-2.373644503125728988e+01
-2.015644035987020288e+01
-1.507618390126469876e+01
-8.795497314708654812e+00
-1.778893525389321439e+00
5.503471991411402087e+00
1.247565946801887549e+01
1.862572168033398157e+01
2.341233718379407946e+01
2.643646537140375585e+01
2.734421740979496462e+01
2.598877973121329887e+01
2.231783034624174888e+01
1.651514206886417924e+01
8.864199959434699849e+00
-1.357031789325446880e-01
-9.931059524347574552e+00
-1.982085340356570669e+01
-2.913648411699614371e+01
-3.716051549711062307e+01
-4.331103860915595760e+01
-4.705667911760497191e+01
-4.808932254791966443e+01
-4.622070987247889207e+01
-4.153172437442424325e+01
-3.424255772970730050e+01
-2.483452168749045086e+01
-1.389326140824653066e+01
-2.205258329275238793e+00
9.421752947948448309e+00
2.008158765092309750e+01
2.896361381659255585e+01
3.528326359819038771e+01
3.847516040567870732e+01
3.811288738765028938e+01
3.408136835437198897e+01
2.646705799534663583e+01
1.569409973512210854e+01
2.374362481938760538e+00
-1.259757459670015578e+01
-2.823349946441067004e+01
-4.339031002706792606e+01
-5.698399617507425319e+01
-6.794143176784427851e+01
-7.541363131288744626e+01
-7.871279786543016144e+01
-7.749841447811479611e+01
-7.167786863006074327e+01
-6.155092907451137307e+01
-4.766757784954268118e+01
-3.093146100941805798e+01
-1.241972632258989506e+01
6.548619014274208894e+00
2.462536055857503925e+01
4.039349330276695582e+01
5.260150632620241140e+01
6.013314634731170827e+01
6.223398230611087456e+01
5.845439026117048797e+01
4.883220514173478932e+01
3.377945902979536186e+01
1.420177319658546367e+01
-8.681018205125724307e+00
-3.328112279919923822e+01
-5.788313675928304747e+01
-8.064038015906658075e+01
-9.984714064667571165e+01
-1.139428471257322144e+02
-1.217658945132254757e+02
-1.225153152745969010e+02
-1.159439631372674739e+02
-1.022500650238703201e+02
-8.220054843453544891e+01
-5.696089163010003631e+01
-2.816749175377788106e+01
2.286710566168267178e+00
3.222497435916352515e+01
5.945202582096771948e+01
8.177963298409304116e+01
9.733271188318963141e+01
1.045855287384663370e+02
1.026365084947033210e+02
9.117422181018298488e+01
7.065883660613076245e+01
4.218856170063020272e+01
7.582344846491196222e+00
-3.085486747677725816e+01
-7.035565762682369950e+01
-1.080272595210798272e+02
-1.409532811146740414e+02
-1.665641956505457983e+02
-1.827184471106252204e+02
-1.880026973181393259e+02
-1.817047487408051438e+02
-1.639833100268315320e+02
-1.357105853706939342e+02
-9.853898760207130181e+01
-5.468463569080222442e+01
-6.968896667503258868e+00
4.142439124885493129e+01
8.697275956251883144e+01
1.261753636606192686e+02
1.557157202115215568e+02
1.729140930526054944e+02
1.758706332976003068e+02
1.637778790854836188e+02
1.368660424013482952e+02
9.654312799462786643e+01
4.522420616147587680e+01
-1.363319535224445644e+01
-7.585852545010868653e+01
-1.367525824470658335e+02
-1.916275831654883177e+02
-2.361021357743096587e+02
-2.666146725730499156e+02
-2.805874233713119565e+02
-2.767486709649836030e+02
-2.550530651947581191e+02
-2.167211803531466785e+02
-1.639206369564387842e+02
-9.972191713410370539e+01
-2.787194872859527095e+01
4.709993457585562737e+01
1.200759389168363214e+02
1.854501927211201746e+02
2.377509236257078555e+02
2.721796724846135476e+02
2.853615850671894805e+02
2.755393860703223936e+02
2.427089465999356435e+02
1.883689252300791850e+02
1.156403572426834216e+02
2.920253526721273829e+01
-6.468117363835870037e+01
-1.587720800981662705e+02
-2.455005473661235555e+02
-3.179194317683208055e+02
-3.702141610448011306e+02
-3.982892833511031085e+02
-3.999788278747258801e+02
-3.753310075543540734e+02
-3.262515121764910191e+02
-2.560491466736785924e+02
-1.687023853579993329e+02
-6.879134959804866867e+01
3.835928328494878770e+01
1.460939706916476553e+02
2.464229127492337739e+02
3.305469335561019761e+02
3.904692423626659092e+02
4.204669821781010342e+02
4.179489548217452466e+02
3.828161395245208496e+02
3.166581576930358324e+02
2.225470138453700883e+02
1.061143035089594377e+02
-2.404301689085900762e+01
-1.570811519429720420e+02
-2.817312320477532239e+02
-3.877077475648546852e+02
-4.667131007967976757e+02
-5.127661961521149578e+02
-5.228866257831130042e+02
-4.974247100722197956e+02
-4.399900290088320389e+02
-3.560974730823820664e+02
-2.514478605920211294e+02
-1.307133781558889041e+02
1.567089205893694270e+00
1.391346214143064799e+02
2.724264195174098404e+02
3.892840689776844556e+02
4.776029355463283537e+02
5.289930755630927024e+02
5.401684111532129009e+02
5.115215730274585439e+02
4.443419390569224561e+02
3.404870500971497904e+02
2.050663412801322920e+02
4.858012295346338760e+01
-1.148764928783832602e+02
-2.705308169758390022e+02
-4.051905220910895196e+02
-5.080981864302824533e+02
-5.717624137850448278e+02
-5.926206581662936514e+02
-5.714620028759844672e+02
-5.132018468024892854e+02
-4.261746370339044461e+02
-3.189510543723014280e+02
-1.969157914660256665e+02
-6.212781140867184604e+01
8.233141386982947552e+01
2.284084310469185084e+02
3.631161454205824839e+02
4.723515914452530069e+02
5.455492963331283818e+02
5.778954148010700465e+02
5.683480923145698398e+02
5.171108715428158575e+02
4.247344664678236086e+02
2.949066943044356321e+02
1.369742768694604820e+02
-3.474173284373466686e+01
-2.037863499001684886e+02
-3.542756810973671691e+02
-4.732736735639207382e+02
-5.522596053860938810e+02
-5.876130352535767543e+02
-5.796622055073595448e+02
-5.327913133037467333e+02
-4.556304259665616883e+02
-3.586292148359782459e+02
-2.491515177752702357e+02
-1.292571107079618287e+02
1.087728377735174945e+00
1.377635909058440120e+02
2.710164997374845370e+02
3.882070018915303535e+02
4.780888800489442474e+02
5.334778607740832967e+02
5.507418171793864303e+02
5.277903541017215048e+02
4.635200689080375014e+02
3.591571380800694442e+02
2.209159725778971506e+02
6.050233958936314593e+01
-1.060379118853985574e+02
-2.614670314260579289e+02
-3.909508742595528474e+02
-4.846445542076161246e+02
-5.379075085307442805e+02
-5.500998576773903324e+02
-5.238343356946531912e+02
-4.656436879060387355e+02
-3.848139120823162784e+02
-2.901978657093219454e+02
-1.864884170503096357e+02
-7.393700670251962492e+01
4.689592791913469227e+01
1.704736553369466492e+02
2.868910357329802991e+02
3.851569454666398542e+02
4.570828298372007339e+02
4.978010020278552474e+02
5.036457710102242800e+02
4.710137418003963603e+02
3.982520616948502266e+02
2.882997007560157954e+02
1.496799217564325772e+02
-4.547855557597131337e+00
-1.582549684125754084e+02
-2.955470775455745525e+02
-4.041431358688704449e+02
-4.771822368609172145e+02
-5.122181632944179910e+02
-5.098349978541615428e+02
-4.736396907337501716e+02
-4.107187987345331521e+02
-3.298129032027412677e+02
-2.380754577164407237e+02
-1.382034380333418540e+02
-3.014326672389927353e+01
8.398377354643184844e+01
1.972479257142799725e+02
2.998229258308836052e+02
3.827408210094206424e+02
4.403690818264819882e+02
4.686852366787759365e+02
4.632503917674407603e+02
4.201068064767105170e+02
3.390878701943573788e+02
2.253348125794482257e+02
8.853649964142186946e+01
-5.820013080087278468e+01
-1.996528507617649666e+02
-3.217506880099933824e+02
-4.144927194149730667e+02
-4.728349538804611711e+02
-4.951431610845984324e+02
-4.824592490973363965e+02
-4.390083949020704495e+02
-3.721582961247829644e+02
-2.899472831202804173e+02
-1.979393699722068050e+02
-9.781915681222949388e+01
9.573423776300501231e+00
1.203472662119537517e+02
2.265935466529915630e+02
3.190251869293216487e+02
3.903107294742806062e+02
4.359809832403755081e+02
4.520752638841247517e+02
4.341897334662287449e+02
3.795094677720787786e+02
2.898566649247965188e+02
1.718853697222082246e+02
3.590001769191599124e+01
-1.051134034442605980e+02
-2.369613895583294152e+02
-3.472746858839766446e+02
-4.277089232977972415e+02
-4.742049240939124957e+02
-4.856292485936590992e+02
-4.636790125314701072e+02
-4.132836094881156441e+02
-3.418639226535542548e+02
-2.565378370299895323e+02
-1.616133596740579605e+02
-5.856798026330829998e+01
5.050224053946772074e+01
1.601475038145850931e+02
2.617097238304650091e+02
3.463289346195903136e+02
4.076737601579050079e+02
4.418658689148643361e+02
4.451762012431502171e+02
4.139167851933714246e+02
3.468664966259132143e+02
2.476690486958109432e+02
1.242329175893497677e+02
-1.248084198774176912e+01
-1.495219412783361577e+02
-2.735953014843892106e+02
-3.737510208476181788e+02
-4.429752186144385178e+02
-4.781008029733479816e+02
-4.787321667658961815e+02
-4.474489295289089341e+02
-3.898339146918540337e+02
-3.131658058708309227e+02
-2.236067733240463440e+02
-1.245132620225693927e+02
-1.752971630153717797e+01
9.394380226339035289e+01
2.030436209403562771e+02
3.004628019324006800e+02
3.777221877119618512e+02
4.292835737617024279e+02
4.517349318174449309e+02
4.417001401835750585e+02
3.964398393983960887e+02
3.164303204823719398e+02
2.070525615318495056e+02
7.745887630015090508e+01
-6.063900225508859876e+01
-1.942491883539460105e+02
-3.108750534435570216e+02
-4.008951073216048826e+02
-4.586134438630624572e+02
-4.818797438357687497e+02
-4.712553202113947464e+02
-4.303289641446519909e+02
-3.652841934723392114e+02
-2.831279136109247929e+02
-1.890301047157868197e+02
-8.557566608566889954e+01
2.518044525694199365e+01
1.384859207441752460e+02
2.461905341055113468e+02
3.385723348043284204e+02
4.077479497491486882e+02
4.489854506748647509e+02
4.592329366556741661e+02
4.354461313709903152e+02
3.759530784004186899e+02
2.830237501519048919e+02
1.637397309931219525e+02
2.847010120081654350e+01
-1.103486250423411548e+02
-2.397423031688000492e+02
-3.480707362382981955e+02
-4.271077347228848566e+02
-4.725313980999421801e+02
-4.832998874592580023e+02
-4.610748372109974298e+02
-4.105092124750115090e+02
-3.382701741576644281e+02
-2.508948355270781576e+02
-1.524867419926445109e+02
-4.507913352117054728e+01
6.856136728478213627e+01
1.822757812646832463e+02
2.868566143147041885e+02
3.726045420293719417e+02
4.325685802765240169e+02
4.627902006869354636e+02
4.603981897558445553e+02
4.226809077670247916e+02
3.492356247018692557e+02
2.442154756147740500e+02
1.162909803143800218e+02
-2.308191765645483429e+01
-1.609074171248520315e+02
-2.844316535321112269e+02
-3.830638811826780739e+02
-4.500852570195297631e+02
-4.825407099879313364e+02
-4.805161623837459501e+02
-4.468464124218572806e+02
-3.871897834595187078e+02
-3.084522714620837860e+02
-2.164328515730917388e+02
-1.141678751440097130e+02
-3.511276113961002920e+00
1.117241735661813209e+02
2.240061732870099149e+02
3.234598260491161454e+02
4.009558340861669876e+02
4.507009697062419491e+02
4.693133666724670547e+02
4.539387452696505534e+02
4.023638165756805165e+02
3.157404822237029975e+02
2.000926396260485944e+02
6.546867393402828839e+01
-7.579880333124833669e+01
-2.104215401306327067e+02
-3.261688362738400428e+02
-4.137459433962037565e+02
-4.679871987491698064e+02
-4.872058051638584857e+02
-4.726007816672278068e+02
-4.281816371430102208e+02
-3.604176692973294394e+02
-2.761016424552547051e+02
-1.800449254961745282e+02
-7.439757553109393484e+01
3.866953526087411319e+01
1.540427892219207706e+02
2.629983844579546712e+02
3.555149181853767004e+02
4.235119405284085587e+02
4.623229801569258370e+02
4.688470694123814155e+02
4.402338912886679054e+02
3.751209809009266110e+02
2.764609435076695263e+02
1.519897045988943773e+02
1.287820637280970004e+01
-1.279141114795397698e+02
-2.571323461858876271e+02
-3.634108830098626868e+02
-4.389477999597402231e+02
-4.800557536733638244e+02
-4.861826680277827109e+02
-4.596347835842519771e+02
-4.055154664770752788e+02
-3.307937306564481332e+02
-2.417611095683639633e+02
-1.421206452967671794e+02
-3.352388445358633362e+01
8.104576283820665594e+01
1.950813275235859692e+02
2.989992018515256404e+02
3.831882028419051949e+02
4.408725157523954294e+02
4.682493899809492177e+02
4.622573730065336122e+02
4.202531670179357661e+02
3.421582167222970838e+02
2.328132094206099509e+02
1.014115977850361787e+02
-3.999404424504814415e+01
-1.780884065328923498e+02
-2.999990169206024575e+02
-3.955380047446258232e+02
-4.584706565250030508e+02
-4.864260282599352649e+02
-4.798952881807824724e+02
-4.422941893962349695e+02
-3.796459070347945044e+02
-2.990366308093355201e+02
-2.059186549282583201e+02
-1.029691508591610045e+02
8.138879232099043293e+00
1.232376899586056425e+02
2.345100893984642880e+02
3.319554501158099811e+02
4.068475852679196123e+02
4.537011497580124342e+02
4.692222446295763802e+02
4.503164211874179728e+02
3.949242222249795304e+02
3.046157711163255044e+02
1.860279695895613941e+02
4.954857857462138782e+01
-9.210311817229251119e+01
-2.255440797184708117e+02
-3.386234490480400154e+02
-4.225589002712284810e+02
-4.726296308113224995e+02
-4.876135739203060666e+02
-4.690263271414664814e+02
-4.213664416412299261e+02
-3.513147748066168106e+02
-2.656756669518133549e+02
-1.688500604905821092e+02
-6.278013660086128311e+01
5.031050787486356057e+01
1.648778216467758284e+02
2.720267851986048981e+02
3.618337685836213495e+02
4.267617731162206383e+02
4.623923328306389067e+02
4.656363109896212791e+02
4.334885269883371848e+02
3.649197188613266007e+02
2.633479109506499753e+02
1.369998174185934658e+02
-2.765407774705295196e+00
-1.427728994158087517e+02
-2.698709308216878071e+02
-3.729318192309150390e+02
-4.446965776582311491e+02
-4.818249078664805438e+02
-4.841340316996036108e+02
-4.541923252480446536e+02
-3.974876671281319886e+02
-3.210304256542689245e+02
-2.309802404145679020e+02
-1.306496871469062171e+02
-2.168787814197196440e+01
9.269584898314633392e+01
2.055644909630591428e+02
3.072946262398718318e+02
3.885168617444958272e+02
4.429827682073067763e+02
4.670139725182572192e+02
4.575558220027230618e+02
4.119742338721734995e+02
3.306796866383026554e+02
2.189547279521959808e+02
8.637580553677321404e+01
-5.491305381038034739e+01
-1.915110583503092130e+02
-3.107977270582925939e+02
-4.029129612570258132e+02
-4.621326464637405707e+02
-4.863439930749825635e+02
-4.763695731185827071e+02
-4.358556699465207203e+02
-3.711017343262594750e+02
-2.890836254117258477e+02
-1.950375395575340463e+02
-9.134170093852799255e+01
2.014249409142041713e+01
1.349328584929110093e+02
2.448325193851530912e+02
3.399249971249475948e+02
4.117879673608622397e+02
4.553690406228536176e+02
4.673996906866437939e+02
4.448521966104225385e+02
3.858457894041325744e+02
2.925248958179024612e+02
1.719098147562848453e+02
3.470326774836689765e+01
-1.063453995931211011e+02
-2.378655015462012443e+02
-3.480581754250691802e+02
-4.285030023864085251e+02
-4.749374932920479750e+02
-4.863510801163497490e+02
-4.645943607646518103e+02
-4.143668717397100636e+02
-3.425204490277997138e+02
-2.556302406734059787e+02
-1.578586090306995402e+02
-5.097703947620618692e+01
6.246047039799987033e+01
1.765732512000995484e+02
2.821658593425099752e+02
3.695090842703724547e+02
4.313762062030864399e+02
4.636719732865830110e+02
4.632804862131902155e+02
4.273549476492920576e+02
3.551812633076870043e+02
2.507738947371419727e+02
1.226823415010180724e+02
-1.745923741459068879e+01
-1.564959444942850268e+02
-2.813658189724453678e+02
-3.813592534290919502e+02
-4.495820633058323210e+02
-4.831076685363011620e+02
-4.819565755174584183e+02
-4.490486737222990996e+02
-3.900321900000865298e+02
-3.119877821775403390e+02
-2.207606173247736479e+02
-1.194542884984249440e+02
-9.685101565645709343e+00
1.049166955209992693e+02
2.171003009514608948e+02
3.170440472082841552e+02
3.956707046572273612e+02
4.470141097826119676e+02
4.676197870032624451e+02
4.543941747232422586e+02
4.049652369400959060e+02
3.201538807255276424e+02
2.058188936997212295e+02
7.180685801515960520e+01
-6.949661263694497393e+01
-2.047641330692736119e+02
-3.215336973233833078e+02
-4.104097066233114219e+02
-4.660193865688304413e+02
-4.866334472826849833e+02
-4.732908510375031028e+02
-4.299973299094634740e+02
-3.631545211923773877e+02
-2.797113220112789804e+02
-1.845375439148347141e+02
-7.987645863093712251e+01
3.231132467698444088e+01
1.470771584296868468e+02
2.559690185939324465e+02
3.489957425701045395e+02
4.181054490186672865e+02
4.584718537512287639e+02
4.669690661465815538e+02
4.405539907381817102e+02
3.777169787403206556e+02
2.810660640791388687e+02
1.581510504221211022e+02
1.989742320105301587e+01
-1.207457072254976538e+02
-2.505442296712741381e+02
-3.579249013898174780e+02
-4.349623417531457790e+02
-4.777199172372889961e+02
-4.855534710655671233e+02
-4.605489027059142018e+02
-4.077517578871409114e+02
-3.340383930426356756e+02
-2.458651949106839538e+02
-1.470156195821903111e+02
-3.923808217518751462e+01
7.470092851080471519e+01
1.884497629503471217e+02
2.926508203701716866e+02
3.776351277814386549e+02
4.365883359198573999e+02
4.655610860650841687e+02
4.615259528985582165e+02
4.216818541161406984e+02
3.457910418990667267e+02
2.383408363452650747e+02
1.083492832689159968e+02
-3.237398555750394280e+01
-1.705306030740828191e+02
-2.932688004709182223e+02
-3.901688026972207126e+02
-4.548414654879597947e+02
-4.846520876118104297e+02
-4.799827461932189863e+02
-4.440011116863568077e+02
-3.826602963272061970e+02
-3.029712809928314527e+02
-2.105834086314881688e+02
-1.082574426277328712e+02
2.277198627414463772e+00
1.170965702574195575e+02
2.285140422138154008e+02
3.266697573055374733e+02
4.026706463148766488e+02
4.509541134441345775e+02
4.681213642034811073e+02
4.511530038673242871e+02
3.978184852869828774e+02
3.094985031261281847e+02
1.924931250118233947e+02
5.705346673390329215e+01
-8.431131145463916710e+01
-2.182010398571912901e+02
-3.324442295557812486e+02
-4.179874744960587805e+02
-4.699487079756030425e+02
-4.868565010774254915e+02
-4.701170016926445214e+02
-4.239793494044395175e+02
-3.550809284355307227e+02
-2.701988171175058824e+02
-1.739601368806057735e+02
-6.835291712419962096e+01
4.441128142066384044e+01
1.590505229644267047e+02
2.667501423477034450e+02
3.576237758930781183e+02
4.238895461513118335e+02
4.610663844258265271e+02
4.660066254760246238e+02
4.357755508930026735e+02
3.691200342744155023e+02
2.692510904090669328e+02
1.441001695558214806e+02
4.937297782627069864e+00
-1.352250794228184532e+02
-2.631615313668985436e+02
-3.676687641439528988e+02
-4.411933323179104036e+02
-4.802549280873455473e+02
-4.844435995582709893e+02
-4.562222903835219086e+02
-4.008511177772895735e+02
-3.253503362376520727e+02
-2.359079526050404638e+02
-1.360638308759987467e+02
-2.743963117152600262e+01
8.683232895007301977e+01
2.000716977833517376e+02
3.026653594140395853e+02
3.851898855222825659e+02
4.411296514268735791e+02
4.667913994079531221e+02
4.590830624336938399e+02
4.153924270946899924e+02
3.358470795404873570e+02
2.255330253114750576e+02
9.378022621473019171e+01
-4.731287229998406474e+01
-1.844546097849691932e+02
-3.048887462866161968e+02
-3.986339924034292608e+02
-4.596743951213053379e+02
-4.857894078139215708e+02
-4.775877763764117390e+02
-4.386179419602929102e+02
-3.749915638306505343e+02
-2.937585093181108959e+02
-2.002252958631445381e+02
-9.696261751058023037e+01
1.428059585317703295e+01
1.291399559866194977e+02
2.396462197858705849e+02
3.358163113577779768e+02
4.091159102423541754e+02
4.542505096948825667e+02
4.679853748528332744e+02
4.472411084349511157e+02
3.900882890211137237e+02
2.983499889454490130e+02
1.788813788575772605e+02
4.217967283783309540e+01
-9.901342244925251634e+01
-2.313832024221369466e+02
-3.429396557364207183e+02
-4.251156947656071452e+02
-4.733779516201196884e+02
-4.866335146784031167e+02
-4.665211719885734283e+02
-4.176576792884870883e+02
-3.467584483645287037e+02
-2.605334962896579327e+02
-1.632312186825283788e+02
-5.675335577569978796e+01
5.653240633472569243e+01
1.708755942610936245e+02
2.772619031561400789e+02
3.658240630065249661e+02
4.292035568182020597e+02
4.631121096932456567e+02
4.644971036222682415e+02
4.304175502978430359e+02
3.600420454598556717e+02
2.570540266099702649e+02
1.298751970771038486e+02
-1.003570871502677164e+01
-1.494958665871645280e+02
-2.754497165861509984e+02
-3.769534896193789564e+02
-4.469606393183714772e+02
-4.822997646023426341e+02
-4.829200451545514170e+02
-4.515268275105893281e+02
-3.937106699220701103e+02
-3.164717116866559081e+02
-2.258380450753656987e+02
-1.249855634127573012e+02
-1.558662731040590188e+01
9.896566782336753931e+01
2.115390423104822730e+02
3.124346400091114901e+02
3.923796349097282246e+02
4.452880652999000404e+02
4.675644909870322863e+02
4.561833778377998669e+02
4.086203409375913225e+02
3.255276211010552743e+02
2.124467103127091150e+02
7.912955718459511445e+01
-6.218946545759899891e+01
-1.981189963355907366e+02
-3.161586908331847781e+02
-4.066493102778615594e+02
-4.640743259955961548e+02
-4.864809275031586822e+02
-4.748353546004816508e+02
-4.329295309525246012e+02
-3.671426720034739901e+02
-2.843982929976218657e+02
-1.897783479570299505e+02
-8.555832128397048564e+01
2.631699747224229213e+01
1.411617355596558809e+02
2.506113774803779961e+02
3.447322266940120699e+02
4.152388940568075668e+02
4.572191931312206634e+02
4.674482964133476344e+02
4.429328242504574291e+02
3.819484001013790930e+02
2.869069880008019027e+02
1.650683021480424486e+02
2.729000899810830560e+01
-1.136054186642421655e+02
-2.442821245102181820e+02
-3.530887937559809870e+02
-4.318201686573423785e+02
-4.764126231973825725e+02
-4.860106508309386300e+02
-4.626201662090911668e+02
-4.110831336073180182e+02
-3.382973098431833705e+02
-2.507435828516539686e+02
-1.524236176088721777e+02
-4.505843375348274549e+01
6.866045742410085495e+01
1.826466201630082651e+02
2.875823943138309460e+02
3.737903121417540433e+02
4.342084335391909917e+02
4.648471842227675097e+02
4.626050147263837289e+02
4.246927168917561630e+02
3.506011199218870615e+02
2.446184708586935130e+02
1.155045524546659408e+02
-2.497554528341436253e+01
-1.636211137860501594e+02
-2.874391084404513776e+02
-3.858978383824396587e+02
-4.523250438634182728e+02
-4.839783840576625380e+02
-4.810313681617885777e+02
-4.465659157546637061e+02
-3.863542569287408242e+02
-3.074784408815773986e+02
-2.156517077547009649e+02
-1.138332199910206555e+02
-3.655577713482443869e+00
1.110722705059994269e+02
2.229106935333411457e+02
3.219784033918738260e+02
3.993166468862809779e+02
4.491265250268440923e+02
4.680161071502759569e+02
4.528951824362972047e+02
4.014927862894667214e+02
3.148764024284780589e+02
1.991642002327189402e+02
6.437978106029231640e+01
-7.698829167139035690e+01
-2.116030266172191432e+02
-3.271113998423969633e+02
-4.143227154477622207e+02
-4.680805195916411776e+02
-4.868225619321037811e+02
-4.717423628556513222e+02
-4.270053708852690306e+02
-3.591033768786564906e+02
-2.749359150506445530e+02
-1.792163743135226923e+02
-7.408623851630738955e+01
3.840740127080698585e+01
1.531156626038959985e+02
2.614339322467210422e+02
3.533848632804504177e+02
4.210831097984059852e+02
4.598443801227087988e+02
4.665658251158122312e+02
4.382219146249515234e+02
3.734607060811791825e+02
2.751600750276213603e+02
1.510992620074657680e+02
1.234847546160744969e+01
-1.280725289708692571e+02
-2.569623603737323947e+02
-3.628976625272808860e+02
-4.381741515267655132e+02
-4.790544703007865337e+02
-4.850480749046440678e+02
-4.583990672767847627e+02
-4.042979953080309770e+02
-3.296650765598054704e+02
-2.408580129576542959e+02
-1.415018652194360129e+02
-3.330783230074462153e+01
8.081117086314407061e+01
1.943039947014269728e+02
2.977140443071995151e+02
3.814588631851922855e+02
4.389086322587379527e+02
4.662124193628746980e+02
4.603428585460980003e+02
4.185556176640084232e+02
3.408263881937800761e+02
2.319116476864905962e+02
1.010228423223005620e+02
-3.991548823408936641e+01
-1.775710992632716625e+02
-2.991699699179138179e+02
-3.944778606414172373e+02
-4.573281438652011275e+02
-4.852633792422606120e+02
-4.788138674021532779e+02
-4.413066795890890717e+02
-3.788115716108155766e+02
-2.983299572191560856e+02
-2.053737123615404698e+02
-1.025708383463265818e+02
8.311868861986908996e+00
1.231642634087676242e+02
2.341221438794468668e+02
3.312930040701746748e+02
4.059289763602278072e+02
4.526385239469434509e+02
4.680746522119023894e+02
4.492191214959523222e+02
3.939546143135260081e+02
3.039158359372335099e+02
1.856508457260625846e+02
4.957000659440484469e+01
-9.173185520993047248e+01
-2.248612374109015946e+02
-3.377686060985154199e+02
-4.216111148371272748e+02
-4.717171316735328901e+02
-4.867734558455765637e+02
-4.683365101785223032e+02
-4.208082134367033404e+02
-3.509020077814868728e+02
-2.653313369980289735e+02
-1.685662530116034077e+02
-6.251340406432768759e+01
5.050803307620844862e+01
1.650139332766480038e+02
2.720526709601411994e+02
3.617767481367608298e+02
4.265835578693646539e+02
4.621260073211196868e+02
4.652725355482232317e+02
4.331156829479768930e+02
3.645769877812186905e+02
2.631384140119190533e+02
1.369469535725377227e+02
-2.597566236185457456e+00
-1.424285164247587545e+02
-2.693700023855788004e+02
-3.723805840430007947e+02
-4.441285175526613784e+02
-4.813238224391208178e+02
-4.837041074708602082e+02
-4.538873198672594071e+02
-3.972681229213150118e+02
-3.208934641164007644e+02
-2.308400975855784054e+02
-1.304965794039289904e+02
-2.147179633657572140e+01
9.294001992576761495e+01
2.058631537997175656e+02
3.076037683946778998e+02
3.888438429019277010e+02
4.432517222666515408e+02
4.672203633323142640e+02
4.576581552309426115e+02
4.120267920209213344e+02
3.306815828287146815e+02
2.189724410687925911e+02
8.641041596077309350e+01
-5.480283315833412416e+01
-1.913568104681580735e+02
-3.105881885896711765e+02
-4.027095678871714881e+02
-4.619236562457626860e+02
-4.861792356899638889e+02
-4.762312454881696340e+02
