0.000000000000000000e+00
-2.999336353710352690e-03
-8.746455674415927820e-03
-1.021689051598377411e-02
-8.640939442490452524e-03
-7.180391944056918087e-03
-6.702298964379524784e-03
-6.843832831273874602e-03
-7.108860966831600722e-03
-7.244354274571179753e-03
-7.245131197379771522e-03
-7.198685534842323881e-03
-7.166395199550679683e-03
-7.160091732023916682e-03
-7.166881205072308907e-03
-7.173757432771724930e-03
-7.176164063148192905e-03
-7.175450141446395279e-03
-7.174124693076492504e-03
-7.173455137375930532e-03
-7.173450408681090323e-03
-7.173678569084432528e-03
-7.173837953401571849e-03
-7.173869273453985403e-03
-7.173835830454694529e-03
-7.173801883133316959e-03
-7.173789973976192960e-03
-7.173793475313532814e-03
-7.173800012730873789e-03
-7.173803322084541627e-03
-7.173803350183240342e-03
-7.173802225637949254e-03
-7.173801438463418834e-03
-7.173801282976022438e-03
-7.173801447587857018e-03
-7.173801615141941340e-03
-7.173801674078799338e-03
