9.999999999999953371e-01
2.011473487788576209e-01
-3.529143016978116276e-01
-4.590024933246666383e-01
-3.446445417978339365e-01
-2.283105209234393140e-01
-1.875347869900234055e-01
-1.997561951258959023e-01
-2.222971283409670151e-01
-2.336498408635812873e-01
-2.337144370754054012e-01
-2.298358317069141010e-01
-2.271315493151710163e-01
-2.266028833177185509e-01
-2.271722928745504022e-01
-2.277486905605515533e-01
-2.279503565038573931e-01
-2.278905363409787499e-01
-2.277794676667228013e-01
-2.277233581938047369e-01
-2.277229604586663847e-01
-2.277420815158184564e-01
-2.277554383803758742e-01
-2.277580630102548076e-01
-2.277552603926973063e-01
-2.277524155042783827e-01
-2.277514174758270560e-01
-2.277517108986852057e-01
-2.277522587550969702e-01
-2.277525360892342920e-01
-2.277525384439449407e-01
-2.277524442035386287e-01
-2.277523782358378546e-01
-2.277523652055024050e-01
-2.277523790004906679e-01
-2.277523930420464471e-01
-2.277523979811398036e-01
