1.381865968075407383e-06
8.106718528829469833e-06
1.890769124639729747e-05
2.647984535926893639e-05
2.737191228332720906e-05
2.532990672434632613e-05
2.420378170377452063e-05
2.355010565433880685e-05
2.318521242096953944e-05
2.299535559331063181e-05
2.290260958740364514e-05
2.285828560013815745e-05
2.283594596995077285e-05
2.282306036298468603e-05
2.281439018696388731e-05
2.280795785600799473e-05
2.280302706144783124e-05
2.279925678999237981e-05
2.279641356041355878e-05
2.279430032196174939e-05
2.279275106206427143e-05
2.279162288735641213e-05
2.279081157526032767e-05
2.279023403823675497e-05
2.278982734475407869e-05
2.278954424948277996e-05
2.278934956475399599e-05
2.278921733686996176e-05
2.278912865036359102e-05
2.278906990621214782e-05
2.278903146909617674e-05
