-4.991976593920031691e-05
-1.491978382473374836e-04
-2.965197776472695747e-04
-4.907022607423548776e-04
-7.326889133429147563e-04
-1.027212008626171829e-03
-1.382829936285758909e-03
-1.810364772905218847e-03
-2.320725553961116173e-03
-2.923104172700438305e-03
-3.623995555893132822e-03
-4.426997301465111778e-03
-5.333117586147974841e-03
-6.341309974796512441e-03
-7.449032905354085500e-03
-8.652717373238362833e-03
-9.948092035165619074e-03
-1.133036203344669167e-02
-1.279427183534990846e-02
-1.433410405246842226e-02
-1.594367319580923537e-02
-1.761636476058837247e-02
-1.934524922106762787e-02
-2.112327435709778975e-02
-2.294351568744441502e-02
-2.479944961610758628e-02
-2.668520967036474775e-02
-2.859579186361859912e-02
-3.052718731226952004e-02
-3.247643451550868282e-02
-3.444159643811598587e-02
-3.642167632483801765e-02
-3.841649018404606070e-02
-4.042651360417239687e-02
-4.245271735994077950e-02
-4.449640177559058968e-02
-4.655903552853028760e-02
-4.864210150292812285e-02
-5.074695084974567560e-02
-5.287466643556777007e-02
-5.502593785201957688e-02
-5.720095144507334611e-02
-5.939929978653902404e-02
-6.161991524137962195e-02
-6.386103163151053697e-02
-6.612017655755321466e-02
-6.839419499486734666e-02
-7.067930267770251851e-02
-7.297116586127810889e-02
-7.526500255462002797e-02
-7.755569937531467395e-02
-7.983793779481306030e-02
-8.210632364405920369e-02
-8.435551420006201506e-02
-8.658033783738398881e-02
-8.877590198687117240e-02
-9.093768592654632998e-02
-9.306161569837219372e-02
-9.514411919911368309e-02
-9.718216024971582101e-02
-9.917325121698546131e-02
-1.011154445506191879e-01
-1.030073043905925800e-01
-1.048478601656241543e-01
-1.066365448006142830e-01
-1.083731207335808938e-01
-1.100575973727171836e-01
-1.116901438760090071e-01
-1.132710011926714999e-01
-1.148003971760401115e-01
-1.162784682781454748e-01
-1.177051908921474266e-01
-1.190803248539845788e-01
-1.204033709859254897e-01
-1.216735438916695944e-01
-1.228897605271674354e-01
-1.240506444015983811e-01
-1.251545446326260691e-01
-1.261995685058249494e-01
-1.271836256959233968e-01
-1.281044819041216309e-01
-1.289598193671245840e-01
-1.297473015133252250e-01
-1.304646389705499954e-01
-1.311096541835739537e-01
-1.316803420615115239e-01
-1.321749243372307148e-01
-1.325918956727136777e-01
-1.329300599603865651e-01
-1.331885557387033348e-01
-1.333668701298183767e-01
-1.334648412037877929e-01
-1.334826491528707249e-01
-1.334207970992199177e-01
-1.332800827520779496e-01
-1.330615624489084603e-01
-1.327665093652973249e-01
-1.323963678370303487e-01
-1.319527058154256749e-01
-1.314371674663999123e-01
