-1.303299328573156092e-22
-2.182552768250626326e-21
-2.260425340388745176e-21
-3.633934018616574132e-21
-6.567640924039431919e-21
-1.372858436665747791e-20
-2.982491305737400478e-20
-4.746740253720551101e-20
-7.578804268347771168e-20
-1.131878640506890926e-19
-1.539862028919213134e-19
-2.150084862502976657e-19
-2.936220933946431231e-19
-3.971775678020795693e-19
-5.099721567133745535e-19
-6.476564511801729569e-19
-7.968846938489797628e-19
-1.005111151711003691e-18
-1.235510642032867138e-18
-1.479732134368718787e-18
-1.797787825836185540e-18
-2.100050142590289309e-18
-2.440690461246027491e-18
-2.859208955101070235e-18
-3.341614209278910300e-18
-3.778609278899817357e-18
-4.306821824176797231e-18
-4.985197145916902972e-18
-5.737401293037958900e-18
-6.498813139612359040e-18
-7.349597284893097365e-18
-7.995458656978420360e-18
-8.296262660569652953e-18
-8.402504631948691323e-18
-7.978007265005464234e-18
-7.399897913879948300e-18
-6.969503527207796053e-18
-6.659886505135053026e-18
-6.314164378576019861e-18
-5.773821361277056015e-18
-5.123588739834057305e-18
-4.704363469208615199e-18
-4.361335152257705806e-18
-4.330495229930254405e-18
-4.496477776091091026e-18
-4.610159867192144878e-18
-5.588383937690173159e-18
-6.446270784520053396e-18
-7.408175894994049829e-18
-8.253587949478654622e-18
-8.823380151660737830e-18
-9.122233694470921444e-18
-9.044012453245973531e-18
-9.104123463759458115e-18
-8.589000769024567410e-18
-7.827149428691750704e-18
-6.811051876298562989e-18
-5.648387863508146536e-18
-4.779496969985951633e-18
-4.325881788001162645e-18
-3.563741116840699094e-18
-2.715454210252090726e-18
-1.977712024137098936e-18
-2.244662336801159177e-18
-2.569154518979628260e-18
-3.405224017305419272e-18
-3.853898311198854167e-18
-3.685806560165868085e-18
-3.402621267201089244e-18
-3.098975996289596587e-18
-2.366417107424860328e-18
-1.576791883230259277e-18
-1.164650929794365872e-18
-1.155210220114497478e-18
-1.110074821806872182e-18
-1.682021398711212610e-18
-1.843066168354764221e-18
-2.061602574513579552e-18
-2.458774649821008633e-18
-2.967951925855913246e-18
-2.650106101554807142e-18
-2.274116375523535163e-18
-3.183060223248148007e-18
-4.250905542092465290e-18
-5.954829671961667444e-18
-6.558052754829767131e-18
-5.261907382279246129e-18
-3.708585204262790279e-18
-2.176973068775480760e-18
-5.358720292996262529e-19
1.336520328758331560e-18
1.827887293261293223e-18
1.686310280913328833e-18
1.616563530159165480e-18
2.102084438529991916e-18
2.740511182376091121e-18
3.820090590776439387e-18
4.740455109366543394e-18
5.731628847928415293e-18
6.028514240866097264e-18
7.492701296735925636e-18
7.857166458418294522e-18
8.674711975700732242e-18
9.197401020726661970e-18
8.678806258394691853e-18
6.863301312802226693e-18
5.091278178779681739e-18
3.551592785856827074e-18
2.586083578300860904e-18
1.161448420207401457e-18
-2.392929577941258506e-19
-1.757130317080371016e-18
-2.580914302581583968e-18
-3.210081950541551930e-18
-3.050205709399267116e-18
-3.873272945279254412e-18
-4.865420113289414490e-18
-5.880735575445568667e-18
-5.778953108609177333e-18
-4.273816813853310829e-18
-3.860620542102996506e-18
-5.263727386029147790e-18
-7.650698124653264050e-18
-8.333346081739684745e-18
-8.671227543179201627e-18
-8.466310407458246156e-18
-7.342897306096877184e-18
-6.828876903349051920e-18
-8.040400866806024108e-18
-1.018708364855624713e-17
-1.022484403360262706e-17
-1.170179713166903131e-17
-1.547400220248107781e-17
-1.975526181714727609e-17
-2.179153630559077489e-17
-2.189323553598179820e-17
-2.272190623597520063e-17
-2.396081959336657089e-17
-2.483717725486309461e-17
-2.389622776858062093e-17
-2.257181166262869085e-17
-2.293690827960822492e-17
-2.282095655275933723e-17
-2.136443876818530469e-17
-1.928931152168158704e-17
-1.860280507144474710e-17
-1.832286952938650935e-17
-1.633341331825509259e-17
-1.219360940748440096e-17
-7.616475264995513590e-18
-5.999141199367146342e-18
-6.664973533324762767e-18
-6.354896809651743069e-18
-3.726749236622152227e-18
-3.085548685892014018e-18
-1.399333851450245142e-18
-2.509134976916785001e-18
-3.203790712839189175e-18
-5.595542516841815223e-18
-6.919875270151859164e-18
-7.923206106171638014e-18
-7.351559349809201326e-18
-5.811476575535994087e-18
-5.011823899922017538e-18
-4.571800719339528692e-18
-3.920289298527434267e-18
-3.044345221606874478e-18
-6.006681265597298579e-18
-8.421221452777070417e-18
-1.202665113446125670e-17
-1.317962270426834629e-17
-1.477955482643334445e-17
-1.844441313443742131e-17
-2.298777652011700098e-17
-2.510833663688404001e-17
-2.233567067893696809e-17
-2.165220062025243413e-17
-2.201477186442032120e-17
-2.095771004931719750e-17
-2.045714725635603180e-17
-2.066283683420954049e-17
-1.902263796723500042e-17
-2.041726671130301111e-17
-2.144636099369709605e-17
-2.316534175923866470e-17
-1.995031624462734362e-17
-2.178613038752087459e-17
-2.102662008904560338e-17
-2.044078208773472116e-17
-2.032079939786404929e-17
-2.077915328282111537e-17
-1.624916498672697300e-17
-8.554824508428060200e-18
-1.717395034615167738e-18
1.327802368447861116e-18
1.237020620860756493e-18
-5.376361419298862317e-19
-1.356964361480264380e-18
-1.499247897743906653e-18
-6.301553035009963087e-19
-4.888632671604076033e-20
