-1.000503285409342786e-23
5.479430478668933477e-24
5.904716889253140731e-23
-1.670179724812407736e-22
1.938065159370529033e-22
1.181852845600573732e-21
-1.790691833487307086e-21
3.644399586090093910e-22
3.582270965180641425e-23
7.705957685599482312e-23
9.623462404585809304e-22
5.081895784520591093e-21
1.444988277898766167e-21
6.310858526160818612e-21
1.193554319658713530e-20
1.764852482682968826e-20
1.254799101505489032e-20
8.389387272222865548e-21
1.140740367382024014e-20
2.207737146553821469e-20
3.063273009715838547e-20
6.040949973331639978e-20
7.365786883941839457e-20
7.793906650592420421e-20
9.837727904176182518e-20
1.320101550926885480e-19
1.458758207664643422e-19
2.083322639122829934e-19
2.532410913914375266e-19
3.198331389833585957e-19
3.990755801261097895e-19
7.026826450205223238e-19
9.662406266433614642e-19
1.086982500668773921e-18
1.347485371106788824e-18
1.421193448894776093e-18
1.424001595295349849e-18
1.397632977783290731e-18
1.353115928699419562e-18
1.325959933571018099e-18
1.314578921662482664e-18
1.286423058455833267e-18
1.249559115724939019e-18
1.344411504147347537e-18
1.464142640695958078e-18
1.619418278907845211e-18
1.799621840499143995e-18
1.904508281726982944e-18
2.094378376278584991e-18
2.316287780458999577e-18
2.713435271464972901e-18
3.319610331732561097e-18
3.823032838919544768e-18
4.264141709613813302e-18
4.740571483280922109e-18
5.173540912750800078e-18
5.300462477628384133e-18
5.622167961633884925e-18
6.067445994995416005e-18
6.592954018204280807e-18
6.922182585512227179e-18
7.380653944348801783e-18
7.904634619368604485e-18
8.308131860568780588e-18
8.686605370985922826e-18
8.916623689986537225e-18
8.784562572661274682e-18
8.493074056146181414e-18
8.141654042761687274e-18
7.843013090474930605e-18
7.502270443618470493e-18
7.064275097203471663e-18
6.374468309578849244e-18
5.519432523974145045e-18
4.887166540263693896e-18
4.352492884532996505e-18
3.893620925695373628e-18
3.664284949932304346e-18
3.790659521689261350e-18
4.063918059345210177e-18
4.452426244619797782e-18
4.739220987823976546e-18
5.182017156875066725e-18
5.735813069615205098e-18
6.266747582382122392e-18
7.494000718963299569e-18
7.471345256886733677e-18
7.239316547830770715e-18
7.516739135201867966e-18
7.691545558555039946e-18
7.995704628987788174e-18
8.475135499861048850e-18
8.461220488703820854e-18
8.124483152634074980e-18
7.875126237727185996e-18
7.919053695869246329e-18
7.747671981208377005e-18
7.381890583254298394e-18
6.746169331853934276e-18
6.096469375751666574e-18
5.734681750400648175e-18
5.409060089432382223e-18
5.277903918546583063e-18
6.119310933953876688e-18
6.962676711050582256e-18
8.043625845649879571e-18
8.765856050512870348e-18
9.126729022845403182e-18
9.013765009416853615e-18
8.098731765166371097e-18
7.888730226610945657e-18
7.644687493773531451e-18
7.155987739774662177e-18
6.831578233024133308e-18
6.498734495187155041e-18
6.523289866512224820e-18
6.801597462091939151e-18
7.248204195933365129e-18
7.768246813883126976e-18
8.316036002634005443e-18
8.978908540825142405e-18
9.598280359769144478e-18
9.455963015434109011e-18
9.432896161964148336e-18
9.764584604075941756e-18
9.594431923557064219e-18
1.018483005989175349e-17
1.059672341645824510e-17
1.069842503808357922e-17
1.002479887360342227e-17
9.840413993347250701e-18
9.811586052506927118e-18
9.420395586198614873e-18
9.624715809912487108e-18
9.396349110920390463e-18
8.563491001860869415e-18
8.106863510578268523e-18
8.058052237410426396e-18
8.131414509752702368e-18
7.807991648359146715e-18
7.023739611912808318e-18
6.925059586586968369e-18
7.037402736155223616e-18
7.473639381837853149e-18
6.659737232312274032e-18
6.404410402599322331e-18
6.789862624379655196e-18
6.943308472137331481e-18
7.642023036284397848e-18
7.631706523585236909e-18
8.191091061449934185e-18
8.830739252795032827e-18
9.034857537453194008e-18
9.721069668104237534e-18
1.027502745221594867e-17
1.159507922496435031e-17
1.231109402723211377e-17
1.279060225448985847e-17
1.250477533682376615e-17
1.253249251977536542e-17
1.023319094254860702e-17
6.583769853924925566e-18
4.363418684468905443e-18
2.722127960683916805e-18
1.234645702193379169e-18
1.909590317104912791e-18
2.104217744094830838e-18
3.053516860747091132e-18
4.408974546769374757e-18
5.987832878626083659e-18
7.154095416238458859e-18
9.698262795381281551e-18
1.106488471672570497e-17
1.232505047534974790e-17
1.201296465760088146e-17
1.216388282225503128e-17
1.268821164880226381e-17
1.208950155497611430e-17
1.131044020703774948e-17
1.058178571012624653e-17
9.130295343051839390e-18
7.877260081896939890e-18
7.086393750467129558e-18
6.502286229659669755e-18
4.833539042899540968e-18
3.882969547437561515e-18
3.500614103233185914e-18
4.449256645027036438e-18
5.591018419983501043e-18
7.012060610655626781e-18
7.224709547598972379e-18
7.461502782940045483e-18
8.010238596944288790e-18
9.399134776151235812e-18
1.014512024453496711e-17
9.897068833327209996e-18
7.961294729384962993e-18
6.071570899186763742e-18
4.852928122630491548e-18
5.003598859836075476e-18
3.874299657517272388e-18
