1.966006536898999568e-02
7.863904876541134847e-02
1.769333121768678352e-01
3.145367925261063902e-01
4.914410020457515849e-01
7.076350288013263379e-01
9.631055373648659268e-01
1.257836769636788032e+00
1.591810545818260314e+00
1.965006265532093677e+00
2.377400909093805303e+00
2.828969038930856605e+00
3.319682801151926377e+00
3.849511927264818834e+00
4.418423736043110672e+00
5.026383135541917291e+00
5.673352625262510607e+00
6.359292298464928272e+00
7.084159844629147607e+00
7.847910552065259893e+00
8.650497310670582252e+00
9.491870614835402620e+00
1.037197856649628847e+01
1.129076687833728343e+01
1.224817887713808950e+01
1.324415550726881285e+01
1.427863533433321486e+01
1.535155454895751070e+01
1.646284697072566416e+01
1.761244405226159770e+01
1.880027488345630360e+01
2.002626619584190948e+01
2.129034236711113337e+01
2.259242542577985446e+01
2.393243505599790666e+01
2.531028860250135537e+01
2.672590107571122431e+01
2.817918515697471449e+01
2.967005120395203122e+01
3.119840725614354682e+01
3.276415904056188566e+01
3.436720997754847673e+01
3.600746118672818596e+01
3.768481149310721179e+01
3.939915743331657438e+01
4.115039326198981229e+01
4.293841095828799581e+01
4.476310023255894777e+01
4.662434853314286443e+01
4.852204105331179562e+01
5.045606073835256211e+01
5.242628829278337577e+01
5.443260218771559522e+01
5.647487866834565295e+01
5.855299176158932539e+01
6.066681328385293170e+01
6.281621284893707724e+01
6.500105787607662933e+01
6.722121359812648222e+01
6.947654306986230210e+01
7.176690717643484163e+01
7.409216464194551577e+01
7.645217203816601170e+01
7.884678379337736942e+01
8.127585220135171085e+01
8.373922743046155404e+01
8.623675753292681634e+01
8.876828845417594493e+01
9.133366404235505343e+01
9.393272605795775121e+01
9.656531418358315477e+01
9.923126603382533517e+01
1.019304171652888726e+02
1.046626010867318541e+02
1.074276492693319796e+02
1.102253911570824414e+02
1.130556541773124479e+02
1.159182637513325744e+02
1.188130433051949382e+02
1.217398142805967751e+02
1.246983961458791157e+02
1.276886064071709654e+02
1.307102606196401950e+02
1.337631723988748149e+02
1.368471534323761603e+02
1.399620134911717741e+02
1.431075604415474061e+02
1.462836002569063112e+02
1.494899370297245014e+02
1.527263729836424488e+02
1.559927084856574027e+02
1.592887420584449956e+02
1.626142703927708908e+02
1.659690883600513018e+02
1.693529890249892844e+02
1.727657636583383578e+02
1.762072017497879131e+02
1.796770910209335455e+02
1.831752174383822478e+02
1.867013652269454269e+02
1.902553168829468575e+02
1.938368531876471934e+02
1.974457532207534314e+02
2.010817943740579494e+02
2.047447523651492531e+02
2.084344012512722202e+02
2.121505134432366333e+02
2.158928597194754673e+02
2.196612092401676080e+02
2.234553295614883837e+02
2.272749866499381710e+02
2.311199448967836361e+02
2.349899671325779593e+02
2.388848146418056331e+02
2.428042471775918045e+02
2.467480229765342870e+02
2.507158987735971323e+02
2.547076298171340056e+02
2.587229698839700518e+02
2.627616712946047528e+02
2.668234849284611414e+02
2.709081602392835748e+02
2.750154452705709218e+02
2.791450866711209642e+02
2.832968297106583009e+02
2.874704182955478018e+02
2.916655949845880968e+02
2.958821010048933431e+02
3.001196762678495702e+02
3.043780593851529943e+02
3.086569876849507068e+02
3.129561972280230862e+02
3.172754228240672205e+02
3.216143980480683240e+02
3.259728552567088400e+02
3.303505256048963474e+02
3.347471390623354637e+02
3.391624244301935960e+02
3.435961093578175678e+02
3.480479203595333502e+02
3.525175828315186664e+02
3.570048210687484698e+02
3.615093582819797575e+02
3.660309166148424538e+02
3.705692171609770185e+02
3.751239799812206570e+02
3.796949241208875492e+02
3.842817676271090477e+02
3.888842275661966141e+02
3.935020200411126439e+02
3.981348602089905171e+02
4.027824622986628924e+02
4.074445396283496734e+02
4.121208046232844708e+02
4.168109688334796488e+02
4.215147429515291719e+02
4.262318368304141813e+02
4.309619595014437436e+02
4.357048191921736588e+02
4.404601233444097943e+02
4.452275786322678073e+02
4.500068909802423605e+02
4.547977655813581919e+02
4.595999069153604637e+02
4.644130187669310885e+02
4.692368042439686064e+02
4.740709657958946650e+02
4.789152052320148414e+02
4.837692237398967450e+02
4.886327219038270755e+02
4.935053997232483880e+02
4.983869566312914117e+02
5.032770915133112908e+02
5.081755027254187667e+02
5.130818881131650642e+02
5.179959450300999606e+02
5.229173703565012374e+02
5.278458605180244376e+02
5.327811115044667076e+02
5.377228188884837436e+02
5.426706778444049633e+02
5.476243831670022928e+02
5.525836292903325102e+02
5.575481103065798152e+02
5.625175199849550154e+02
5.674915517905168372e+02
5.724698989031506926e+02
5.774522542364544506e+02
5.824383104567039027e+02
5.874277600017683199e+02
5.924202951001540214e+02
5.974156077898970807e+02
6.024133899376537329e+02
6.074133332576276416e+02
6.124151293306398429e+02
6.174184696231260432e+02
6.224230455061779139e+02
6.274285482745775653e+02
6.324346691658371356e+02
6.374410993792528188e+02
6.424475300949525263e+02
