-1.154440542385317444e-04
-4.617690939979615986e-04
-1.038953745534392480e-03
-1.846962384141591969e-03
-2.885745136267730930e-03
-4.155237882601661020e-03
-5.655362262075794809e-03
-7.386025676668380238e-03
-9.347121297140784102e-03
-1.153852806966102797e-02
-1.396011072334545078e-02
-1.661171977838829528e-02
-1.949319155564851677e-02
-2.260434818657204928e-02
-2.594499762416909230e-02
-2.951493365496135612e-02
-3.331393591166813273e-02
-3.734176988708640815e-02
-4.159818694815620166e-02
-4.608292435176039592e-02
-5.079570526065556313e-02
-5.573623876079860512e-02
-6.090421987920620339e-02
-6.629932960309525836e-02
-7.192123489907309430e-02
-7.776958873454439813e-02
-8.384403009786944860e-02
-9.014418402236673566e-02
-9.666966160839696176e-02
-1.034200600474101672e-01
-1.103949626474178269e-01
-1.175939388582202955e-01
-1.250165442987414000e-01
-1.326623207832756113e-01
-1.405307963515960989e-01
-1.486214852959648891e-01
-1.569338881935556373e-01
-1.654674919353320561e-01
-1.742217697590159597e-01
-1.831961812813507340e-01
-1.923901725307131660e-01
-2.018031759823041837e-01
-2.114346105942616072e-01
-2.212838818402638741e-01
-2.313503817502474413e-01
-2.416334889444723966e-01
-2.521325686759233742e-01
-2.628469728649346360e-01
-2.737760401422800749e-01
-2.849190958904780357e-01
-2.962754522831738679e-01
-3.078444083293415678e-01
-3.196252499173204975e-01
-3.316172498548138337e-01
-3.438196679207718987e-01
-3.562317509049102715e-01
-3.688527326581468868e-01
-3.816818341353068744e-01
-3.947182634522771183e-01
-4.079612159227462564e-01
-4.214098741204355125e-01
-4.350634079197401860e-01
-4.489209745512763861e-01
-4.629817186556769437e-01
-4.772447723328723246e-01
-4.917092551976715020e-01
-5.063742744355018699e-01
-5.212389248530067132e-01
-5.363022889408894933e-01
-5.515634369224673428e-01
-5.670214268190645335e-01
-5.826753045037446066e-01
-5.985241037602340164e-01
-6.145668463454105890e-01
-6.308025420465668276e-01
-6.472301887427255318e-01
-6.638487724730409711e-01
-6.806572674905382314e-01
-6.976546363300749620e-01
-7.148398298718834365e-01
-7.322117874072863186e-01
-7.497694367051135345e-01
-7.675116940691240064e-01
-7.854374644215847967e-01
-8.035456413562755973e-01
-8.218351072106526711e-01
-8.403047331404328579e-01
-8.589533791890486825e-01
-8.777798943419767852e-01
-8.967831166225164186e-01
-9.159618731458210039e-01
-9.353149801982005851e-01
-9.548412433088186990e-01
-9.745394573273203909e-01
-9.944084064889967545e-01
-1.014446864500784251e+00
-1.034653594611731897e+00
-1.055027349687562843e+00
-1.075566872289782205e+00
-1.096270894758991865e+00
-1.117138139280969167e+00
-1.138167317976436221e+00
-1.159357132979219163e+00
-1.180706276509930541e+00
-1.202213430963029461e+00
-1.223877268987489053e+00
-1.245696453560703798e+00
-1.267669638089102158e+00
-1.289795466475183394e+00
-1.312072573201309211e+00
-1.334499583424263669e+00
-1.357075113061884553e+00
-1.379797768857175200e+00
-1.402666148492202058e+00
-1.425678840653411772e+00
-1.448834425136173554e+00
-1.472131472909925964e+00
-1.495568546232407758e+00
-1.519144198719456940e+00
-1.542856975450519474e+00
-1.566705413030914151e+00
-1.590688039722411684e+00
-1.614803375499340499e+00
-1.639049932153400668e+00
-1.663426213387076302e+00
-1.687930714909119612e+00
-1.712561924513364531e+00
-1.737318322188392994e+00
-1.762198380202646852e+00
-1.787200563201039039e+00
-1.812323328298563796e+00
-1.837565125177003544e+00
-1.862924396178919917e+00
-1.888399576409818703e+00
-1.913989093825533727e+00
-1.939691369330739601e+00
-1.965504816893096862e+00
-1.991427843615287907e+00
-2.017458849847337810e+00
-2.043596229293645816e+00
-2.069838369088382368e+00
-2.096183649925499992e+00
-2.122630446129007531e+00
-2.149177125772184560e+00
-2.175822050780952921e+00
-2.202563577015619778e+00
-2.229400054386951879e+00
-2.256329826959469820e+00
-2.283351233048167117e+00
-2.310462605322627816e+00
-2.337662270911949225e+00
-2.364948551498970541e+00
-2.392319763441219660e+00
-2.419774217859701260e+00
-2.447310220740055442e+00
-2.474926073056444409e+00
-2.502620070873662783e+00
-2.530390505416109548e+00
-2.558235663232244050e+00
-2.586153826246914811e+00
-2.614143271903188293e+00
-2.642202273250934930e+00
-2.670329099050797517e+00
-2.698522013906024863e+00
-2.726779278337077450e+00
-2.755099148910081563e+00
-2.783479878332273394e+00
-2.811919715573543144e+00
-2.840416905966587802e+00
-2.868969691305153447e+00
-2.897576309978933118e+00
-2.926234997052871378e+00
-2.954943984402162549e+00
-2.983701500787360406e+00
-3.012505772023374995e+00
-3.041355021004580994e+00
-3.070247467888332693e+00
-3.099181330177466442e+00
-3.128154822824428472e+00
-3.157166158348142737e+00
-3.186213546939288932e+00
-3.215295196585084447e+00
-3.244409313163377107e+00
-3.273554100547918289e+00
-3.302727760755793440e+00
-3.331928494015797604e+00
-3.361154498900595478e+00
-3.390403972438779334e+00
-3.419675110213883151e+00
-3.448966106499949724e+00
-3.478275154342679087e+00
-3.507600445682399481e+00
-3.536940171482084505e+00
-3.566292521813182681e+00
-3.595655685984401106e+00
-3.625027852644758575e+00
-3.654407209911343823e+00
-3.683791945449059746e+00
-3.713180246621080371e+00
-3.742570300558220708e+00
-3.771960294330080288e+00
