5.000000000000000104e-03
1.000000000000000021e-02
1.499999999999999944e-02
2.000000000000000042e-02
2.500000000000000139e-02
3.000000000000000236e-02
3.500000000000000333e-02
4.000000000000000083e-02
4.499999999999999833e-02
4.999999999999999584e-02
5.499999999999999334e-02
5.999999999999999084e-02
6.499999999999998834e-02
6.999999999999999278e-02
7.499999999999999722e-02
8.000000000000000167e-02
8.500000000000000611e-02
9.000000000000001055e-02
9.500000000000001499e-02
1.000000000000000194e-01
1.050000000000000239e-01
1.100000000000000283e-01
1.150000000000000328e-01
1.200000000000000372e-01
1.250000000000000278e-01
1.300000000000000322e-01
1.350000000000000366e-01
1.400000000000000411e-01
1.450000000000000455e-01
1.500000000000000500e-01
1.550000000000000544e-01
1.600000000000000588e-01
1.650000000000000633e-01
1.700000000000000677e-01
1.750000000000000722e-01
1.800000000000000766e-01
1.850000000000000810e-01
1.900000000000000855e-01
1.950000000000000899e-01
2.000000000000000944e-01
2.050000000000000988e-01
2.100000000000001033e-01
2.150000000000001077e-01
2.200000000000001121e-01
2.250000000000001166e-01
2.300000000000001210e-01
2.350000000000001255e-01
2.400000000000001299e-01
2.450000000000001343e-01
2.500000000000001110e-01
2.550000000000001155e-01
2.600000000000001199e-01
2.650000000000001243e-01
2.700000000000001288e-01
2.750000000000001332e-01
2.800000000000001377e-01
2.850000000000001421e-01
2.900000000000001465e-01
2.950000000000001510e-01
3.000000000000001554e-01
3.050000000000001599e-01
3.100000000000001643e-01
3.150000000000001688e-01
3.200000000000001732e-01
3.250000000000001776e-01
3.300000000000001821e-01
3.350000000000001865e-01
3.400000000000001910e-01
3.450000000000001954e-01
3.500000000000001998e-01
3.550000000000002043e-01
3.600000000000002087e-01
3.650000000000002132e-01
3.700000000000002176e-01
3.750000000000002220e-01
3.800000000000002265e-01
3.850000000000002309e-01
3.900000000000002354e-01
3.950000000000002398e-01
4.000000000000002442e-01
4.050000000000002487e-01
4.100000000000002531e-01
4.150000000000002576e-01
4.200000000000002620e-01
4.250000000000002665e-01
4.300000000000002709e-01
4.350000000000002753e-01
4.400000000000002798e-01
4.450000000000002842e-01
4.500000000000002887e-01
4.550000000000002931e-01
4.600000000000002975e-01
4.650000000000003020e-01
4.700000000000003064e-01
4.750000000000003109e-01
4.800000000000003153e-01
4.850000000000003197e-01
4.900000000000003242e-01
4.950000000000003286e-01
5.000000000000003331e-01
5.050000000000003375e-01
5.100000000000003419e-01
5.150000000000003464e-01
5.200000000000003508e-01
5.250000000000003553e-01
5.300000000000003597e-01
5.350000000000003642e-01
5.400000000000003686e-01
5.450000000000003730e-01
5.500000000000003775e-01
5.550000000000003819e-01
5.600000000000003864e-01
5.650000000000003908e-01
5.700000000000003952e-01
5.750000000000003997e-01
5.800000000000004041e-01
5.850000000000004086e-01
5.900000000000004130e-01
5.950000000000004174e-01
6.000000000000004219e-01
6.050000000000004263e-01
6.100000000000004308e-01
6.150000000000004352e-01
6.200000000000004396e-01
6.250000000000004441e-01
6.300000000000004485e-01
6.350000000000004530e-01
6.400000000000004574e-01
6.450000000000004619e-01
6.500000000000004663e-01
6.550000000000004707e-01
6.600000000000004752e-01
6.650000000000004796e-01
6.700000000000004841e-01
6.750000000000004885e-01
6.800000000000004929e-01
6.850000000000004974e-01
6.900000000000005018e-01
6.950000000000005063e-01
7.000000000000005107e-01
7.050000000000005151e-01
7.100000000000005196e-01
7.150000000000005240e-01
7.200000000000005285e-01
7.250000000000005329e-01
7.300000000000005373e-01
7.350000000000005418e-01
7.400000000000005462e-01
7.450000000000005507e-01
7.500000000000005551e-01
7.550000000000005596e-01
7.600000000000005640e-01
7.650000000000005684e-01
7.700000000000005729e-01
7.750000000000005773e-01
7.800000000000005818e-01
7.850000000000005862e-01
7.900000000000005906e-01
7.950000000000005951e-01
8.000000000000005995e-01
8.050000000000006040e-01
8.100000000000006084e-01
8.150000000000006128e-01
8.200000000000006173e-01
8.250000000000006217e-01
8.300000000000006262e-01
8.350000000000006306e-01
8.400000000000006350e-01
8.450000000000006395e-01
8.500000000000006439e-01
8.550000000000006484e-01
8.600000000000006528e-01
8.650000000000006573e-01
8.700000000000006617e-01
8.750000000000006661e-01
8.800000000000006706e-01
8.850000000000006750e-01
8.900000000000006795e-01
8.950000000000006839e-01
9.000000000000006883e-01
9.050000000000006928e-01
9.100000000000006972e-01
9.150000000000007017e-01
9.200000000000007061e-01
9.250000000000007105e-01
9.300000000000007150e-01
9.350000000000007194e-01
9.400000000000007239e-01
9.450000000000007283e-01
9.500000000000007327e-01
9.550000000000007372e-01
9.600000000000007416e-01
9.650000000000007461e-01
9.700000000000007505e-01
9.750000000000007550e-01
9.800000000000007594e-01
9.850000000000007638e-01
9.900000000000007683e-01
9.950000000000007727e-01
1.000000000000000666e+00
1.005000000000000560e+00
