9.999999999999953371e-01
6.810283364866326350e-01
4.611668588426702242e-01
4.190378873831855921e-01
4.645285129491721898e-01
5.107381735552416480e-01
5.269240702137453214e-01
5.220736992428868239e-01
5.131259124173371822e-01
5.086185777820618759e-01
5.085928721240648986e-01
5.101327772751157452e-01
5.112064366156692241e-01
5.114163380922236435e-01
5.111902814367563774e-01
5.109614423131292327e-01
5.108813751105220069e-01
5.109051231630645784e-01
5.109492190348112750e-01
5.109714958674459462e-01
5.109716540546986874e-01
5.109640627928413448e-01
5.109587598466465153e-01
5.109577177527098168e-01
5.109588304064869302e-01
5.109599598761535022e-01
5.109603561221215395e-01
5.109602396362367127e-01
5.109600221293675304e-01
5.109599120212248158e-01
5.109599110846345660e-01
5.109599484991000917e-01
5.109599746895915340e-01
5.109599798631926371e-01
5.109599743865138599e-01
5.109599688117731908e-01
5.109599668508096881e-01
