0.000000000000000000e+00
2.000000000000000111e-01
4.000000000000000222e-01
6.000000000000000888e-01
8.000000000000000444e-01
1.000000000000000000e+00
1.199999999999999956e+00
1.399999999999999911e+00
1.599999999999999867e+00
1.799999999999999822e+00
1.999999999999999778e+00
2.199999999999999734e+00
2.399999999999999911e+00
2.600000000000000089e+00
2.800000000000000266e+00
3.000000000000000444e+00
3.200000000000000622e+00
3.400000000000000799e+00
3.600000000000000977e+00
3.800000000000001155e+00
4.000000000000000888e+00
4.200000000000001066e+00
4.400000000000001243e+00
4.600000000000001421e+00
4.800000000000001599e+00
5.000000000000001776e+00
5.200000000000001954e+00
5.400000000000002132e+00
5.600000000000002309e+00
5.800000000000002487e+00
6.000000000000002665e+00
6.200000000000002842e+00
6.400000000000003020e+00
6.600000000000003197e+00
6.800000000000003375e+00
7.000000000000003553e+00
7.200000000000003730e+00
