-5.000849289101753740e-05
-1.499886384197818170e-04
-2.984388265545019712e-04
-4.926933507854566654e-04
-7.320537414219067040e-04
-1.021189242539016686e-03
-1.370437171696727756e-03
-1.792973019039628170e-03
-2.301247902934585362e-03
-2.904681192949142444e-03
-3.609009745552760415e-03
-4.416698248286435834e-03
-5.327710415443902628e-03
-6.340234751869497365e-03
-7.451228313825533113e-03
-8.656768539428445070e-03
-9.952236441671221887e-03
-1.133236296096879793e-02
-1.279118514562934544e-02
-1.432197770734293212e-02
-1.591723365314265393e-02
-1.756875468253104450e-02
-1.926787868946270438e-02
-2.100582889345706944e-02
-2.277413186232925615e-02
-2.456503226416761193e-02
-2.637183523799445026e-02
-2.818912873176969425e-02
-3.001286810280005130e-02
-3.184033291565690343e-02
-3.366998386369227797e-02
-3.550125397704270019e-02
-3.733430505920231485e-02
-3.916977210604073029e-02
-4.100850981077864416e-02
-4.285134923189622136e-02
-4.469887046659926089e-02
-4.655119815251219234e-02
-4.840782912223359769e-02
-5.026750352908964520e-02
-5.212813060780175506e-02
-5.398677717904201007e-02
-5.583972133747450162e-02
-5.768256664640258879e-02
-5.951040519489716324e-02
-6.131801257806301225e-02
-6.310005524515593933e-02
-6.485129097579438173e-02
-6.656674609125880215e-02
-6.824185751509020958e-02
-6.987257300896823620e-02
-7.145540796922540683e-02
-7.298746149942388073e-02
-7.446639774452597227e-02
-7.589040056332872763e-02
-7.725811055820946960e-02
-7.856855338155811774e-02
-7.982106729086280161e-02
-8.101523635154003755e-02
-8.215083377272942855e-02
