9.999999999999962252e-01
9.997092382574910285e-01
9.992097642455537443e-01
9.985462078470523917e-01
9.977540247673666318e-01
9.968637565754239205e-01
9.958949344735508191e-01
9.948518693491893439e-01
9.937248731004248992e-01
9.924952005981697578e-01
9.911408652009086051e-01
9.896414631080874269e-01
9.879812934548819481e-01
9.861507545262100383e-01
9.841463151326103054e-01
9.819694778015871650e-01
9.796251646007839708e-01
9.771199149938892825e-01
9.744602151387536937e-01
9.716511928833343470e-01
9.686958178611901893e-01
9.655946473424054100e-01
9.623460665047514073e-01
9.589469000645618468e-01
9.553932314699759010e-01
9.516812598037679427e-01
9.478080488978130047e-01
9.437720679665110302e-01
9.395734762208756141e-01
9.352141543801206769e-01
9.306975257320235784e-01
9.260282340975750648e-01
9.212117548861221694e-01
9.162540102599018299e-01
9.111610439393891259e-01
9.059387898733085587e-01
9.005929464594508715e-01
8.951289480658297659e-01
8.895520110199283126e-01
8.838672233471815964e-01
8.780796463546111097e-01
8.721944005731002703e-01
8.662167167791491318e-01
8.601519427190664757e-01
8.540055058089640605e-01
8.477828398762267126e-01
8.414892890916859658e-01
8.351300042191879269e-01
8.287098454837167338e-01
8.222333033837329053e-01
8.157044445418333289e-01
8.091268851253740069e-01
8.025037902724905248e-01
7.958378949175183292e-01
7.891315396498220780e-01
7.823867148676159067e-01
7.756051072043940176e-01
7.687881437089854053e-01
7.619370311229384241e-01
7.550527894373925131e-01
7.481362804207621897e-01
7.411882327950460869e-01
7.342092661759145322e-01
7.271999157249251500e-01
7.201606589768345668e-01
7.130919455272264340e-01
7.059942294529937268e-01
6.988680036181907917e-01
6.917138344964675056e-01
6.845323959117853851e-01
6.773245000492540413e-01
6.700911243548036689e-01
6.628334332896418379e-01
6.555527943487254872e-01
6.482507881863491805e-01
6.409292130539377963e-01
6.335900840613387652e-01
6.262356278575835766e-01
6.188682734372019656e-01
6.114906397116895986e-01
6.041055204004236456e-01
5.967158666839765813e-01
5.893247679489237445e-01
5.819354309289908045e-01
5.745511574153662204e-01
5.671753207989553847e-01
5.598113416995899039e-01
5.524626629962373636e-01
5.451327246150193817e-01
5.378249385421142170e-01
5.305426644391504354e-01
5.232891863533036814e-01
5.160676909408479229e-01
5.088812475736042007e-01
5.017327906951278838e-01
4.946251046014742414e-01
4.875608108525366080e-01
4.805423583921074049e-01
4.735720163950047912e-01
4.666518697844707630e-01
4.597838173923081140e-01
4.529695725483794400e-01
4.462106659993096969e-01
4.395084509672556039e-01
4.328641101547315295e-01
4.262786644698887684e-01
4.197529833183480941e-01
4.132877961314689319e-01
4.068837049522054938e-01
4.005411978145179130e-01
3.942606626630006939e-01
3.880424015429703721e-01
3.818866448775444233e-01
3.757935654915753876e-01
3.697632922415636236e-01
3.637959229807622985e-01
3.578915366631171269e-01
3.520502045356051490e-01
3.462720002443380740e-01
3.405570086491637727e-01
3.349053333430455637e-01
3.293171028228325525e-01
3.237924752862035294e-01
3.183316420692840487e-01
3.129348297056210870e-01
3.076023007039994095e-01
3.023343530516220956e-01
2.971313185942955348e-01
2.919935603106664779e-01
2.869214686623456356e-01
2.819154571284924193e-01
2.769759569780515518e-01
2.721034115429304956e-01
2.672982699895921632e-01
2.625609808721908744e-01
2.578919854554778124e-01
2.532917110918900816e-01
2.487605646237415202e-01
2.442989260863707157e-01
2.399071426593401835e-01
2.355855231250519044e-01
2.313343327534159166e-01
2.271537888507284830e-01
2.230440568605062679e-01
2.190052472308388065e-01
2.150374129048598371e-01
2.111405476253536417e-01
2.073145848805735547e-01
2.035593976603749244e-01
1.998747988233497141e-01
1.962605422251405551e-01
1.927163243864959685e-01
1.892417868361073452e-01
1.858365188897058984e-01
1.825000609896672843e-01
1.792319083549543945e-01
1.760315150593617373e-01
1.728982982817688641e-01
1.698316428444343329e-01
1.668309057822918995e-01
1.638954210611886508e-01
1.610245041922005460e-01
1.582174568651157076e-01
1.554735713566112731e-01
1.527921348438002480e-01
1.501724333905221642e-01
1.476137557210057127e-01
1.451153966881282287e-01
1.426766603134254352e-01
1.402968625604211206e-01
1.379753336214471771e-01
1.357114199061635607e-01
1.335044855314189705e-01
1.313539135072978592e-01
1.292591064372542453e-01
1.272194869071233414e-01
1.252344975213620648e-01
1.233036005210672442e-01
1.214262771893947351e-01
1.196020268796987446e-01
1.178303658626639744e-01
1.161108259651310315e-01
1.144429529512992344e-01
1.128263048336164559e-01
1.112604500845898181e-01
1.097449657006225321e-01
1.082794353059672726e-01
1.068634472637520066e-01
1.054965927424474786e-01
1.041784639192592649e-01
1.029086522804756737e-01
1.016867469625119258e-01
1.005123333024374593e-01
9.938499152569289785e-02
9.830429563016529482e-02
9.726981237948421899e-02
9.628110055984860638e-02
9.533771041398732271e-02
9.443918329682553237e-02
9.358505145647001700e-02
9.277483807633132851e-02
9.200805748298655773e-02
9.128421552794256655e-02
9.060281013223837887e-02
8.996333197972067319e-02
8.936526534312355663e-02
8.880808904980717899e-02
8.829127747277673577e-02
8.781430166888684608e-02
8.737663055563417436e-02
8.697773212505069407e-02
8.661707467633805724e-02
8.629412804813596516e-02
8.600836483204656047e-02
8.575926154993090966e-02
8.554629977864831869e-02
8.536896720722593479e-02
8.522675861301400035e-02
8.511917674505352360e-02
8.504573310467901381e-02
8.500594859213540799e-02
8.499935410557125925e-02
8.502549095105220445e-02
8.508391114834966407e-02
8.517417761410432664e-02
8.529586422253364331e-02
8.544855574676746279e-02
8.563184768555405502e-02
8.584534595895801368e-02
8.608866657171906911e-02
8.636143511798988204e-02
8.666328622351487931e-02
8.699386291821230299e-02
8.735281592665808392e-02
8.773980297949537932e-02
8.815448802202342782e-02
8.859654041883255338e-02
8.906563412574103333e-02
8.956144693198110629e-02
9.008365964621667388e-02
9.063195532510526231e-02
9.120601851350298994e-02
9.180553459547047268e-02
9.243018912791753361e-02
9.307966722793117875e-02
9.375365309553605753e-02
9.445182953515045277e-02
9.517387756918903319e-02
9.591947610539594549e-02
9.668830174706148639e-02
9.748002861246868322e-02
9.829432822598248298e-02
9.913086955018135527e-02
9.998931902063210031e-02
1.008693406432058931e-01
1.017705962196989583e-01
1.026927455385513999e-01
1.036354467040143945e-01
1.045983564376521263e-01
1.055811304119455701e-01
1.065834236815972752e-01
1.076048910652729479e-01
1.086451875371548109e-01
1.097039686911248368e-01
1.107808911121680451e-01
1.118756128276086753e-01
1.129877936729967447e-01
1.141170956341315962e-01
1.152631832294524483e-01
1.164257237700863090e-01
1.176043876721576953e-01
1.187988486369676855e-01
1.200087838808570478e-01
1.212338742253719903e-01
1.224738042373242491e-01
1.237282622496082840e-01
1.249969403367024168e-01
1.262795343149510086e-01
1.275757436098437225e-01
1.288852711720847866e-01
1.302078232666313007e-01
1.315431092928666112e-01
1.328908415841995594e-01
1.342507351012948436e-01
1.356225072054960124e-01
1.370058773185242884e-01
1.384005666425688064e-01
1.398062978795206468e-01
1.412227948708080494e-01
1.426497823160332024e-01
1.440869854776530290e-01
1.455341298980193099e-01
1.469909411135208177e-01
1.484571444675464313e-01
1.499324648470731491e-01
1.514166264034158271e-01
1.529093524382127145e-01
1.544103652858255238e-01
1.559193861800125536e-01
1.574361352045811902e-01
1.589603312403498059e-01
1.604916919515889939e-01
1.620299337855132249e-01
1.635747720617628798e-01
1.651259210383210219e-01
1.666830940156052154e-01
1.682460034666435345e-01
1.698143611894438743e-01
1.713878784786418141e-01
1.729662663132768008e-01
1.745492355574276844e-01
1.761364971703595350e-01
1.777277624228314479e-01
1.793227431162492391e-01
1.809211518014561260e-01
1.825227019940561246e-01
1.841271083834044309e-01
1.857340870325488169e-01
1.873433555667295136e-01
1.889546333482795826e-01
1.905676416574429155e-01
1.921821037933104104e-01
1.937977452155997260e-01
1.954142936520706086e-01
1.970314791847487534e-01
1.986490343159271754e-01
2.002666940142726337e-01
2.018841957415575539e-01
2.035012794608566100e-01
2.051176876272236549e-01
2.067331651621392152e-01
2.083474594343283637e-01
2.099603201650495354e-01
2.115714993809735545e-01
2.131807513422834810e-01
2.147878324619474644e-01
2.163925012193762265e-01
2.179945180707414110e-01
2.195936453581263659e-01
2.211896472196292762e-01
2.227822895023897909e-01
2.243713397009950428e-01
2.259565668413426875e-01
2.275377414299665224e-01
2.291146353975252459e-01
2.306870220512400316e-01
2.322546760383089048e-01
2.338173733211879879e-01
2.353748911653514297e-01
2.369270081398858752e-01
2.384735041310397097e-01
2.400141603886855879e-01
2.415487595258136722e-01
2.430770855858999935e-01
2.445989241067236530e-01
2.461140621930467676e-01
2.476222885981790300e-01
2.491233938134301273e-01
2.506171701643543637e-01
2.521034119125421524e-01
2.535819153616442057e-01
2.550524789662509950e-01
2.565149034614699897e-01
2.579689919358674199e-01
2.594145499565317370e-01
2.608513856775757644e-01
2.622793099435846709e-01
2.636981363878466711e-01
2.651076815245219098e-01
2.665077648339780891e-01
2.678982088406184348e-01
2.692788391826408390e-01
2.706494846732473425e-01
2.720099773720945358e-01
2.733601525914333141e-01
2.746998489459692161e-01
2.760289083798344034e-01
2.773471761834889193e-01
2.786545010017881241e-01
2.799507348338234891e-01
2.812357330252089893e-01
2.825093542535400126e-01
2.837714605077847896e-01
2.850219170623964349e-01
2.862605924469787122e-01
2.874873584123438519e-01
2.887020898938488789e-01
2.899046649908607609e-01
2.910949648923817357e-01
2.922728738520504743e-01
2.934382791507599841e-01
2.945910710595163184e-01
2.957311428039745005e-01
2.968583905314508553e-01
2.979727132810281454e-01
2.990740129572979633e-01
3.001621943081628774e-01
3.012371649069724433e-01
3.022988351391995288e-01
3.033471181937323347e-01
3.043819300587939369e-01
3.054031895223988657e-01
