0.000000000000000000e+00
0.000000000000000000e+00
4.178662672844030368e+00
1.228513144026273451e+01
1.795776239113101269e+01
1.735228488021417093e+01
1.483845025919216276e+01
1.453782830601894638e+01
1.439801544276554424e+01
1.433034136543908055e+01
1.429865327727522661e+01
1.428430933533747016e+01
1.427792822032375319e+01
1.427507296193625841e+01
1.427375555560738718e+01
1.427311654733632196e+01
1.427278846251030942e+01
1.427261122943309601e+01
1.427251176055102277e+01
1.427245447860385497e+01
1.427242093070059958e+01
