0.000000000000000000e+00
0.000000000000000000e+00
-2.443351185397446557e-02
-1.493922618207949027e-02
1.592412190360188162e-01
4.505178435463061404e-01
6.923325998608041987e-01
8.555376987857529203e-01
9.599245561111189318e-01
1.022629216641952166e+00
1.059415578994368001e+00
1.081222378142752794e+00
1.094564509758147786e+00
1.103016346032462458e+00
1.108506939834059457e+00
1.112121491279557617e+00
1.114513536991944331e+00
1.116099460878090754e+00
1.117152318907319808e+00
1.117852649873373183e+00
1.118319742199346933e+00
