0.000000000000000000e+00
0.000000000000000000e+00
4.176557463890533839e+00
1.227972341918541233e+01
1.795168269319268362e+01
1.734991955323107504e+01
1.483903281522340123e+01
1.453822796784936955e+01
1.439825236776963280e+01
1.433053558358270152e+01
1.429885787590545831e+01
1.428453808881926967e+01
1.427817871061316168e+01
1.427533877239395821e+01
1.427403099062593306e+01
1.427339768025520605e+01
1.427307287725510498e+01
1.427289751953514596e+01
1.427279912578459076e+01
1.427274246542353175e+01
1.427270928047920506e+01
