0.000000000000000000e+00
0.000000000000000000e+00
-2.514693957601152330e-02
-1.757147401521974572e-02
1.543803642960537847e-01
4.461248182369154658e-01
6.899411936233053044e-01
8.539859540989088726e-01
9.588395658428611190e-01
1.021727982597187889e+00
1.058568611861286257e+00
1.080384755045208367e+00
1.093724152298071406e+00
1.102171215422097061e+00
1.107657421129615960e+00
1.111268367545965141e+00
1.113657558966393957e+00
1.115241274732908794e+00
1.116292458159730883e+00
1.116991540492902057e+00
1.117457714238871080e+00
