-3.808501517167415065e-05
-1.045397813437094422e-04
-1.095881540523094782e-04
-1.008567028650726162e-05
1.681787053089628197e-04
3.631580445405853397e-04
5.301528452434383807e-04
6.507591848784687570e-04
7.268547100609673572e-04
7.699266076789498987e-04
7.925023754223973213e-04
8.040232587208247760e-04
8.101856276871640143e-04
8.138776338461260447e-04
8.163632194232317172e-04
8.181436511803416535e-04
8.194285214453083483e-04
8.203372742403708395e-04
8.209632318381550851e-04
8.213850343459750628e-04
8.216654804480898015e-04
8.218510866463458759e-04
8.219742151001107385e-04
8.220564298648738851e-04
8.221117638796621510e-04
8.221492861524081841e-04
8.221748881550197501e-04
8.221924418790999521e-04
8.222045249549660975e-04
8.222128717840667105e-04
8.222186580386737836e-04
