-6.278467925260933225e-03
2.268448528130143083e-02
1.634746323456166550e-01
3.500514004208978847e-01
4.867541896953057057e-01
5.797357578510338172e-01
6.420478098040612869e-01
6.838886700833498589e-01
7.118983220155665759e-01
7.302358373581712137e-01
7.418558554062749666e-01
7.490174755841727539e-01
7.533796013745991393e-01
7.560573712626657006e-01
7.577387582225209028e-01
7.588234704719765134e-01
7.595386942821999998e-01
7.600161570729897509e-01
7.603361713886072071e-01
7.605504644820155757e-01
7.606936205068470791e-01
7.607890988918170061e-01
7.608527875875390478e-01
7.608953551896138201e-01
7.609239019776838919e-01
7.609431255397030025e-01
7.609561278817302821e-01
7.609649606270235678e-01
7.609709859636817342e-01
7.609751127638734181e-01
7.609779504505909120e-01
