1.701690981011972245e-19
-1.283298899269832550e-19
2.783435565700769445e-18
1.225992462601602768e-17
-2.162786736036288403e-19
6.597788394418874823e-18
1.164742917158811513e-18
1.025992544446388786e-18
1.400140567032855374e-17
-1.046799361028967651e-17
1.598670185439889850e-17
-6.732142833830177745e-18
4.810771873955742591e-18
3.866586231933013036e-18
-6.877554937662363834e-18
1.313278089271723106e-17
-1.180676785095710688e-17
1.172669770894092706e-17
-8.401548879410736407e-18
4.942629798758377737e-18
2.906436918490541982e-18
