1.110516681517621695e-17
-9.518177342143893227e-18
-5.506630615192593406e-17
-7.181677458813095404e-17
-2.764615237512264633e-17
-1.568925912442153490e-17
-4.921253314577284241e-17
-1.055822380057803247e-16
-8.026623254425429487e-18
6.615425762546937244e-17
-6.598288934081668405e-17
-2.671605223981646489e-17
5.054553977614329401e-17
1.311307777099856329e-16
4.512404021248239050e-17
-2.005807463405630178e-17
1.164833804721895117e-16
8.935120493126386707e-17
-1.767399852742278190e-18
-3.572584908804869509e-17
2.101338375549870801e-17
