3.756669346349407856e+00
1.502595823671772024e+01
3.388418484010298215e+01
6.061112900294584449e+01
9.610097885790256100e+01
1.439084726025123473e+02
2.007241394310899068e+03
9.007754238623439846e+01
5.440126287861045967e+03
3.615976002963193878e+03
-3.327919951843968249e+01
-2.322680939234262496e+02
3.505864433566811300e+01
1.708121975526375138e+02
4.672802415766364703e+01
-2.954949450403090871e+00
1.309690320806335251e+02
-3.444785426543955964e+02
3.621752383069742223e+02
-7.448636294810853542e+02
1.879164958676814194e+02
