-2.725941355745845757e-02
-1.080627660367237119e-01
-2.365848536913453537e-01
-3.953843380419353459e-01
-5.240631167433235094e-01
-2.536949869182747452e-01
1.155555046973214530e+03
4.739852018083521301e+00
-6.048380262679198495e+03
-1.685010875739810217e+04
2.571488863188420737e+02
-4.804808376995994195e+02
1.123463718239076030e+02
3.602657564661489573e+02
1.092797986702137223e+03
2.555699412999344133e+01
-1.866217174841425503e+02
5.837426555718041499e+01
-8.258965608311044093e+01
1.056646394429815246e+03
5.569292667200548749e+03
