-4.999999999999998715e-07
-1.500000000000000462e-06
-3.000000000001169405e-06
-5.000000000025014139e-06
-7.500000000285055576e-06
-1.050000000221410627e-05
-1.400000001308098201e-05
-1.800000006224833994e-05
-2.250000024690868591e-05
-2.750000083367212496e-05
-3.300000242364861208e-05
-3.900000607953266923e-05
-4.550001300991827840e-05
-5.250002280520932904e-05
-6.000002832940594773e-05
-6.800000448133874790e-05
-7.649988785396597999e-05
-8.549954591761493557e-05
-9.499873880369817886e-05
-1.049970844320328149e-04
-1.154940474696002339e-04
-1.264889813701890913e-04
-1.379812559477818141e-04
-1.499704959154935684e-04
-1.624569359171919227e-04
-1.754418660874098820e-04
-1.889281051610251154e-04
-2.029204054609867411e-04
-2.174256766214917585e-04
-2.324529210187040553e-04
-2.480128062726510573e-04
-2.641168544294266829e-04
-2.807762928547600243e-04
-2.980006744100524682e-04
-3.157964205816718895e-04
-3.341654614051855262e-04
-3.531041370196466318e-04
-3.726024907533827908e-04
-3.926440310564102004e-04
-4.132059801192217705e-04
-4.342599711891324691e-04
-4.557731125662536562e-04
-4.777093086355838764e-04
-5.000307179978786491e-04
-5.226992337384241821e-04
-5.456778871815668721e-04
-5.689320994863958673e-04
-5.924307307787028687e-04
-6.161469007118349026e-04
-6.400585750818321880e-04
-6.641489291993773114e-04
-6.884065098804986304e-04
-7.128252245462797293e-04
-7.374041887782460626e-04
-7.621474636636706287e-04
-7.870637122678517507e-04
-8.121658013606924314e-04
-8.374703707160011806e-04
-8.629973883477004646e-04
-8.887697062532315439e-04
-9.148126277867058486e-04
-9.411534947809195974e-04
-9.678213000056615917e-04
-9.948463284816092857e-04
-1.022259829524479026e-03
-1.050093720124232804e-03
-1.078380319312981315e-03
-1.107152112488570895e-03
-1.136441544188449265e-03
-1.166280837505002206e-03
-1.196701838161603809e-03
-1.227735881194681007e-03
-1.259413678185693610e-03
-1.291765223036591857e-03
-1.324819714364813914e-03
-1.358605492698918265e-03
-1.393149990772095869e-03
-1.428479695332032263e-03
-1.464620119009500416e-03
-1.501595780911448887e-03
-1.539430194728393618e-03
-1.578145863271873672e-03
-1.617764278487109943e-03
-1.658305926120732295e-03
-1.699790294362258161e-03
-1.742235885921125270e-03
-1.785660233141668192e-03
-1.830079915891116935e-03
-1.875510582068397976e-03
-1.921966970665739622e-03
-1.969462937355855644e-03
-2.018011482566536320e-03
-2.067624781935176875e-03
-2.118314218905478427e-03
-2.170090419046222588e-03
-2.222963285448899002e-03
-2.276942034322964725e-03
-2.332035229678609996e-03
-2.388250815807300802e-03
-2.445596146165688028e-03
-2.504078007275993903e-03
-2.563702636395911397e-03
-2.624475731994342122e-03
-2.686402456494870177e-03
-2.749487431298329194e-03
-2.813734724733734423e-03
-2.879147834269618102e-03
-2.945729664983621782e-03
-3.013482506881906293e-03
-3.082408014116359146e-03
-3.152507189415682063e-03
-3.223780377089349638e-03
-3.296227267753081957e-03
-3.369846917463066582e-03
-3.444637783248383645e-03
-3.520597776138814552e-03
-3.597724331749559742e-03
-3.676014497376268661e-03
-3.755465033444350519e-03
-3.836072526125549210e-03
-3.917833507047190598e-03
-4.000744575341599538e-03
-4.084802516852446483e-03
-4.170004415169611088e-03
-4.256347749301872020e-03
-4.343830473219234545e-03
-4.432451073167261758e-03
-4.522208599539651215e-03
-4.613102671138466851e-03
-4.705133450793231101e-03
-4.798301592489684526e-03
-4.892608161318015049e-03
-4.988054528628921465e-03
-5.084642245739891438e-03
-5.182372900321485093e-03
-5.281247960191441312e-03
-5.381268609633097291e-03
-5.482435583532492204e-03
-5.584749004599602780e-03
-5.688208228719100236e-03
-5.792811703087056598e-03
-5.898556841259759015e-03
-6.005439918598510195e-03
-6.113455990872604731e-03
-6.222598838019123037e-03
-6.332860934275665564e-03
-6.444233445131787065e-03
-6.556706250816207900e-03
-6.670267995364609001e-03
-6.784906159713314892e-03
-6.900607156753482165e-03
-7.017356445861213168e-03
-7.135138664099628658e-03
-7.253937771062095481e-03
-7.373737204196672591e-03
-7.494520041406925806e-03
-7.616269167762256508e-03
-7.738967443255149840e-03
-7.862597868710356069e-03
-7.987143747167425520e-03
-8.112588838310971426e-03
-8.238917503804822628e-03
-8.366114841685642206e-03
-8.494166808282422806e-03
-8.623060326431970096e-03
-8.752783379068162367e-03
-8.883325087548481561e-03
-9.014675774355182178e-03
-9.146827010062875615e-03
-9.279771644692409727e-03
-9.413503823777489080e-03
-9.548018989653444394e-03
-9.683313868636382257e-03
-9.819386444897295479e-03
-9.956235921950469872e-03
-1.009386267276918270e-02
-1.023226817962271697e-02
-1.037145496478451834e-02
-1.051142651330824913e-02
-1.065218718909775528e-02
-1.079374214550871819e-02
-1.093609723172576410e-02
-1.107925889613772807e-02
-1.122323408790839271e-02
-1.136803015789419370e-02
-1.151365475999720570e-02
-1.166011575396954172e-02
-1.180742111058869469e-02
-1.195557882002270395e-02
-1.210459680407915267e-02
-1.225448283291201076e-02
-1.240524444661984457e-02
-1.255688888203078564e-02
-1.270942300483614111e-02
-1.286285324709708806e-02
-1.301718555003625148e-02
-1.317242531190828195e-02
-1.332857734066176560e-02
-1.348564581103590086e-02
-1.364363422569553168e-02
-1.380254537998466292e-02
-1.396238132989745424e-02
-1.412314336289176471e-02
-1.428483197123384986e-02
-1.444744682763884382e-02
-1.461098676306315895e-02
-1.477544974660949945e-02
-1.494083286761779643e-02
-1.510713232011209363e-02
-1.527434338988804992e-02
-1.544246044460000078e-02
-1.561147692728404035e-02
-1.578138535380052901e-02
-1.595217731469877193e-02
-1.612384348200643705e-02
-1.629637362140751167e-02
-1.646975661021825299e-02
-1.664398046147885779e-02
-1.681903235436775501e-02
-1.699489867102462262e-02
-1.717156503971244835e-02
-1.734901638410262653e-02
-1.752723697830897015e-02
-1.770621050714088485e-02
-1.788592013089848956e-02
-1.806634855390207295e-02
-1.824747809582768707e-02
-1.842929076483315262e-02
-1.861176833138764031e-02
-1.879489240167859371e-02
-1.897864448946401383e-02
-1.916300608525459484e-02
-1.934795872175459550e-02
-1.953348403457970395e-02
-1.971956381735534211e-02
-1.990618007043436916e-02
-2.009331504260997853e-02
-2.028095126535268272e-02
-2.046907157927065762e-02
-2.065765915265911634e-02
-2.084669749217625892e-02
-2.103617044585011364e-02
-2.122606219877893469e-02
-2.141635726203852674e-02
-2.160704045543616891e-02
-2.179809688487202926e-02
-2.198951191516239703e-02
-2.218127113924966975e-02
-2.237336034478418223e-02
-2.256576547908652197e-02
-2.275847261350869705e-02
-2.295146790819992816e-02
-2.314473757824922831e-02
-2.333826786212368082e-02
-2.353204499325442858e-02
-2.372605517553345172e-02
-2.392028456339557324e-02
-2.411471924704887762e-02
-2.430934524330304741e-02
-2.450414849233167533e-02
-2.469911486057869629e-02
-2.489423014990111566e-02
-2.508948011291812011e-02
-2.528485047442914288e-02
-2.548032695864235406e-02
-2.567589532187357013e-02
-2.587154139025894459e-02
-2.606725110196772902e-02
-2.626301055331716622e-02
-2.645880604814031950e-02
-2.665462414971208824e-02
-2.685045173450543304e-02
-2.704627604703780872e-02
-2.724208475505636787e-02
-2.743786600432542369e-02
-2.763360847228860800e-02
-2.782930141992348214e-02
-2.802493474113394376e-02
-2.822049900908709871e-02
-2.841598551894777142e-02
-2.861138632653963815e-02
-2.880669428251885975e-02
-2.900190306172592894e-02
-2.919700718745102050e-02
-2.939200205042124744e-02
-2.958688392239084905e-02
-2.978164996428243894e-02
-2.997629822889580353e-02
-3.017082765825367455e-02
-3.036523807571766750e-02
-3.055953017304199534e-02
-3.075370549258833741e-02
-3.094776640494361838e-02
-3.114171608222056006e-02
-3.133555846733176303e-02
-3.152929823954463834e-02
-3.172294077663800199e-02
-3.191649211397133007e-02
-3.210995890078702231e-02
-3.230334835405481581e-02
-3.249666821016688328e-02
-3.268992667477652742e-02
-3.288313237107199499e-02
-3.307629428676377159e-02
-3.326942172005844384e-02
-3.346252422489443684e-02
-3.365561155569000290e-02
-3.384869361188209969e-02
-3.404178038251309824e-02
-3.423488189113346736e-02
-3.442800814129261255e-02
-3.462116906289740281e-02
-3.481437445972421219e-02
-3.500763395837401537e-02
-3.520095695896938853e-02
-3.539435258789896954e-02
-3.558782965290332306e-02
-3.578139660082085838e-02
-3.597506147828470613e-02
-3.616883189566234835e-02
-3.636271499451501632e-02
-3.655671741884190112e-02
-3.675084529034111647e-02
-3.694510418789909156e-02
-3.713949913147474025e-02
-3.733403457052956315e-02
-3.752871437708199531e-02
-3.772354184344598599e-02
-3.791851968464940437e-02
-3.811365004547796059e-02
-3.830893451204773342e-02
-3.850437412774828511e-02
-3.869996941335198531e-02
-3.889572039103932760e-02
-3.909162661203220007e-02
-3.928768718749393873e-02
-3.948390082232864501e-02
-3.968026585145394136e-02
-3.987678027811777937e-02
-4.007344181379825926e-02
-4.027024791922612090e-02
-4.046719584604765302e-02
-4.066428267866380175e-02
-4.086150537577813019e-02
-4.105886081121590259e-02
-4.125634581358752356e-02
-4.145395720440530479e-02
-4.165169183429722616e-02
-4.184954661700013290e-02
-4.204751856085561096e-02
-4.224560479758630166e-02
-4.244380260817014194e-02
-4.264210944568622846e-02
-4.284052295505923202e-02
-4.303904098967337166e-02
-4.323766162487945736e-02
-4.343638316847017733e-02
-4.363520416823050974e-02
-4.383412341672844603e-02
-4.403313995352907406e-02
-4.423225306506273213e-02
-4.443146228239028273e-02
-4.463076737714166686e-02
-4.483016835591146360e-02
-4.502966545341070825e-02
-4.522925912467071902e-02
-4.542895003659774833e-02
-4.562873905917517320e-02
-4.582862725659066910e-02
-4.602861587854930464e-02
-4.622870635202240563e-02
-4.642890027364811323e-02
-4.662919940298265731e-02
-4.682960565675916426e-02
-4.703012110429381082e-02
-4.723074796413668369e-02
-4.743148860204584455e-02
-4.763234553031213403e-02
-4.783332140844712838e-02
-4.803441904521108669e-02
-4.823564140192398292e-02
-4.843699159698581364e-02
-4.863847291149940577e-02
-4.884008879587357910e-02
-4.904184287726208458e-02
-4.924373896768134001e-02
-4.944578107263513517e-02
-4.964797340005984438e-02
-4.985032036941264288e-02
-5.005282662070468375e-02
-5.025549702328494656e-02
-5.045833668418810841e-02
-5.066135095585905246e-02
-5.086454544307424802e-02
-5.106792600887994499e-02
-5.127149877938928096e-02
-5.147527014728493083e-02
-5.167924677388745919e-02
-5.188343558965671093e-02
-5.208784379301750062e-02
-5.229247884740868824e-02
-5.249734847646520680e-02
-5.270246065727881429e-02
-5.290782361166482262e-02
-5.311344579540871330e-02
-5.331933588547192737e-02
-5.352550276513531879e-02
-5.373195550710987284e-02
-5.393870335462604138e-02
-5.414575570054674936e-02
-5.435312206456014567e-02
-5.456081206852939763e-02
-5.476883541007719625e-02
-5.497720183452257242e-02
-5.518592110527594657e-02
-5.539500297283836416e-02
-5.560445714253834520e-02
-5.581429324118056950e-02
-5.602452078277326414e-02
-5.623514913352443967e-02
-5.644618747630670424e-02
-5.665764477479449945e-02
-5.686952973748163331e-02
-5.708185078182693994e-02
-5.729461599872746197e-02
-5.750783311756864358e-02
-5.772150947208112143e-02
-5.793565196722412491e-02
-5.815026704734121282e-02
-5.836536066580306353e-02
-5.858093825635296570e-02
-5.879700470635162296e-02
-5.901356433213456737e-02
-5.923062085664080462e-02
-5.944817738948245112e-02
-5.966623640959862335e-02
-5.988479975061011124e-02
-6.010386858898000145e-02
-6.032344343505705725e-02
-6.054352412705363284e-02
-6.076410982797985499e-02
-6.098519902554726951e-02
-6.120678953500709174e-02
-6.142887850488198270e-02
-6.165146242551994282e-02
-6.187453714036476871e-02
-6.209809785983053110e-02
-6.232213917763738953e-02
-6.254665508945095320e-02
-6.277163901364711529e-02
-6.299708381401263046e-02
-6.322298182417226964e-02
-6.344932487354042194e-02
-6.367610431455975051e-02
-6.390331105101564046e-02
-6.413093556718964250e-02
-6.435896795762759137e-02
-6.458739795729802335e-02
-6.481621497192462111e-02
-6.504540810827078023e-02
-6.527496620419880047e-02
-6.550487785828830456e-02
-6.573513145886082654e-02
-6.596571521223675016e-02
-6.619661717008969160e-02
-6.642782525576099162e-02
-6.665932728944336250e-02
-6.689111101212492916e-02
-6.712316410823053470e-02
-6.735547422691140484e-02
-6.758802900193211505e-02
-6.782081607014921187e-02
-6.805382308856929019e-02
-6.828703774999837772e-02
-6.852044779732194280e-02
-6.875404103643155407e-02
-6.898780534786654040e-02
-6.922172869722376110e-02
-6.945579914439391211e-02
-6.969000485171325532e-02
-6.992433409110378195e-02
-7.015877525027974793e-02
-7.039331683811636542e-02
-7.062794748925002586e-02
-7.086265596801455402e-02
-7.109743117178111971e-02
-7.133226213378489333e-02
-7.156713802552272519e-02
-7.180204815877709590e-02
-7.203698198734735658e-02
-7.227192910853529051e-02
-7.250687926444587816e-02
-7.274182234313840423e-02
-7.297674837967417505e-02
-7.321164755708051142e-02
-7.344651020726132573e-02
-7.368132681186476129e-02
-7.391608800311295913e-02
-7.415078456459750500e-02
-7.438540743202921857e-02
-7.461994769393029414e-02
-7.485439659224601971e-02
-7.508874552286197435e-02
-7.532298603597781250e-02
-7.555710983631888644e-02
-7.579110878315077626e-02
-7.602497489004385323e-02
-7.625870032434454993e-02
-7.649227740633561534e-02
-7.672569860800765307e-02
-7.695895655141850311e-02
-7.719204400659858412e-02
-7.742495388895394293e-02
-7.765767925613527300e-02
-7.789021330432832624e-02
-7.812254936395027216e-02
-7.835468089471497866e-02
-7.858660148004793788e-02
-7.881830482084616063e-02
-7.904978472855228588e-02
-7.928103511756845467e-02
-7.951204999699965081e-02
-7.974282346173897085e-02
-7.997334968292055257e-02
-8.020362289776683529e-02
-8.043363739886989772e-02
-8.066338752294950620e-02
-8.089286763913101919e-02
-8.112207213682282037e-02
-8.135099541322911298e-02
-8.157963186061417682e-02
-8.180797585335262967e-02
-8.203602173487462013e-02
-8.226376380459876625e-02
-8.249119630493309541e-02
-8.271831340845151037e-02
-8.294510920533353093e-02
-8.317157769117809740e-02
-8.339771275529125893e-02
-8.362350816953680044e-02
-8.385067831328732457e-02
-8.407836218154471353e-02
-8.430628724362322635e-02
-8.453429511842310007e-02
-8.476232095453871407e-02
-8.499032778651603726e-02
-8.521828435307872429e-02
-8.544616253289749608e-02
-8.567393773661481637e-02
-8.590158852070448048e-02
-8.612909573045930689e-02
-8.635644176484075230e-02
-8.658361011429860365e-02
-8.681058508458815159e-02
-8.703735160812731131e-02
-8.726389509690957169e-02
-8.749020132417455187e-02
-8.771625633067732519e-02
-8.794204635112784496e-02
-8.816755775619680713e-02
-8.839277700662080683e-02
-8.861769061727882424e-02
-8.884228513002821737e-02
-8.906654709449410290e-02
-8.929046305618702772e-02
-8.951401955132767818e-02
-8.973720310771750308e-02
-8.996000025089982699e-02
-9.018239751470180643e-02
-9.040438145507637135e-02
-9.062593866611073912e-02
-9.084705579706872647e-02
-9.106771956950482361e-02
-9.128791679377018520e-02
-9.150763438460239596e-02
-9.172685937595435879e-02
-9.194557893548378769e-02
-9.216378037939866597e-02
-9.238145118833444858e-02
-9.259857902478574321e-02
-9.281515175233792658e-02
-9.303115745653944835e-02
-9.324658446684827573e-02
-9.346142137877365419e-02
-9.367565707506905759e-02
-9.388928074474103824e-02
-9.410228189870632753e-02
-9.431465038115513511e-02
-9.452637637618248323e-02
-9.473745040987281707e-02
-9.494786334888134782e-02
-9.515760639755689587e-02
-9.536667109655264096e-02
-9.557504932671631592e-02
-9.578273332236594828e-02
-9.598971569788118663e-02
-9.619598949044654013e-02
-9.640154821996393952e-02
-9.660638596445592086e-02
-9.681049744615423391e-02
-9.701387812015678513e-02
-9.721652425467297576e-02
-9.741843298996744061e-02
-9.761960236258396262e-02
-9.782003128274038839e-02
-9.801971945587933943e-02
-9.821866724416732086e-02
-9.841687546970262490e-02
-9.861249131474612850e-02
-9.880639931051378444e-02
-9.899891002225622016e-02
-9.919021625392954178e-02
-9.938039206346366283e-02
-9.956947424592793583e-02
-9.975749136885049551e-02
-9.994446661654109165e-02
-1.001304175523729662e-01
-1.003153572229371349e-01
-1.004992956431976087e-01
-1.006822409357568948e-01
-1.008642001085331974e-01
-1.010451796401611729e-01
-1.012251859708599849e-01
-1.014042259202981716e-01
-1.015823070284195551e-01
-1.017594378161520430e-01
-1.019356279678968746e-01
-1.021108884402766731e-01
-1.022852315025723213e-01
-1.024586707150779569e-01
-1.026312208525917424e-01
-1.028028977811217409e-01
-1.029737182965165948e-01
-1.031436999340476918e-01
-1.033128607579422847e-01
-1.034812191395945297e-01
-1.036487935326800280e-01
-1.038156022526982442e-01
-1.039816632676324182e-01
-1.041469940052885679e-01
-1.043116111816354968e-01
-1.044755306531019584e-01
-1.046387672943338565e-01
-1.048013349015816664e-01
-1.049632461207144901e-01
-1.051245123980756035e-01
-1.052851439518793925e-01
-1.054451497617150124e-01
-1.056045375739157188e-01
-1.057633139208121603e-01
-1.059214841523259815e-01
-1.060790524785954897e-01
-1.062360220226102464e-01
-1.063923948817902809e-01
-1.065481721974056994e-01
-1.067033542304609839e-01
-1.068579404424252061e-01
-1.070119295788488495e-01
-1.071653197536962948e-01
-1.073181085320758926e-01
-1.074702930090998959e-01
-1.076218698828505932e-01
-1.077728355199249755e-01
-1.079231860127669584e-01
-1.080729172289453671e-01
-1.082220248535665230e-01
-1.083705044271007639e-01
-1.085183513818402390e-01
-1.086655610807823885e-01
-1.088121288630031769e-01
-1.089580500991774170e-01
-1.091033202600437541e-01
-1.092479349991551246e-01
-1.093918902493991874e-01
-1.095351823307640499e-01
-1.096778080647632242e-01
-1.098197648891943434e-01
-1.099610509656274437e-01
-1.101016652715105931e-01
-1.102416076689549801e-01
-1.103808789432575016e-01
-1.105194808060122047e-01
-1.106574158598557095e-01
-1.107946875245584689e-01
-1.109312999268530775e-01
-1.110672577589278953e-01
-1.112025661126588572e-01
-1.113372302982795076e-01
-1.114712556570918861e-01
-1.116046473780662462e-01
-1.117374103277592873e-01
-1.118695489018753098e-01
-1.120010669053141256e-01
-1.121319674656864329e-01
-1.122622529832659616e-01
-1.123919251182668166e-01
-1.125209848145064390e-01
-1.126494323567187317e-01
-1.127772674575003159e-01
-1.129044893687880802e-01
-1.130310970121325143e-01
-1.131570891217309471e-01
-1.132824643942142717e-01
-1.134072216395289601e-01
-1.135313599277036622e-01
-1.136548787270888761e-01
-1.137777780303871333e-01
-1.139000584656631732e-01
-1.140217213903520765e-01
-1.141427689670986567e-01
-1.142632042209816567e-01
-1.143830310783168075e-01
-1.145022543877456944e-01
-1.146208799247888099e-01
-1.147389143812639900e-01
-1.148563653412818797e-01
-1.149732412455746755e-01
-1.150895513459777725e-01
-1.152053056518671098e-01
-1.153205148702457772e-01
-1.154351903410658770e-01
-1.155493439692342056e-01
-1.156629881545476468e-01
-1.157761357206888303e-01
-1.158887998441630734e-01
-1.160009939839729415e-01
-1.161127318126143754e-01
-1.162240271488600152e-01
-1.163348938926797721e-01
-1.164453459625397758e-01
-1.165553972352245116e-01
-1.166650614882810133e-01
-1.167743523451018062e-01
-1.168832832226725515e-01
-1.169918672819396516e-01
-1.171001173807585810e-01
-1.172080460293969534e-01
-1.173156653485202261e-01
-1.174229870296557010e-01
-1.175300222980686371e-01
-1.176367818780464786e-01
-1.177432759605526319e-01
-1.178495141732422563e-01
-1.179555055528129781e-01
-1.180612585196909314e-01
-1.181667808550171117e-01
-1.182720796799323071e-01
-1.183771614371164627e-01
-1.184820318745937739e-01
-1.185866960317413649e-01
-1.186911582275322063e-01
-1.187954220509596648e-01
-1.188994903536736703e-01
-1.190033652448311968e-01
-1.191070480881815941e-01
-1.192105395014302072e-01
-1.193138393579357276e-01
-1.194169467908046817e-01
-1.195198601994855309e-01
-1.196225772588802583e-01
-1.197250949311165352e-01
-1.198274094800145101e-01
-1.199295164882859116e-01
-1.200314108775133726e-01
-1.201330869308867566e-01
-1.202345383186350508e-01
-1.203357581260727366e-01
-1.204367388840948405e-01
-1.205374726019432796e-01
-1.206379508019575081e-01
-1.207381645560491185e-01
-1.208381045235201179e-01
-1.209377609898754508e-01
-1.210371239061931864e-01
-1.211361829286663749e-01
-1.212349274578331665e-01
-1.213333466771230607e-01
-1.214314295902773899e-01
-1.215291650572771359e-01
-1.216265418284279143e-01
-1.217235485763343422e-01
-1.218201739255006522e-01
-1.219164064793739483e-01
-1.220122348447267441e-01
-1.221076476533176219e-01
-1.222026335808484021e-01
-1.222971813632523219e-01
-1.223912798104613286e-01
-1.224849178178046699e-01
-1.225780843752645316e-01
-1.226707685747890353e-01
-1.227629596159647840e-01
-1.228546468103150630e-01
-1.229458195844952140e-01
-1.230364674826736893e-01
-1.231265801683761735e-01
-1.232161474260385498e-01
-1.233051591625080323e-01
-1.233936054086964274e-01
-1.234814763215549699e-01
-1.235687621865238783e-01
-1.236554534205469569e-01
-1.237415405757532616e-01
-1.238270143438005566e-01
-1.239118655609372788e-01
-1.239960852137166614e-01
-1.240796644453436987e-01
-1.241625945625408345e-01
-1.242448670428918100e-01
-1.243264735425057693e-01
-1.244074059038882962e-01
-1.244876561639049334e-01
-1.245672165616646815e-01
-1.246460795462305815e-01
-1.247242377839652555e-01
-1.248016841654307763e-01
-1.248784118116759156e-01
-1.249544140798376363e-01
-1.250296845679063906e-01
-1.251042171186041441e-01
-1.251780058222819458e-01
-1.252510450187740432e-01
-1.253233292981670854e-01
-1.253948535004613396e-01
-1.254656127140912902e-01
-1.255356022733122023e-01
-1.256048177544620559e-01
-1.256732549711349622e-01
-1.257409099682861853e-01
-1.258077790153204478e-01
-1.258738585982195346e-01
-1.259391454107791353e-01
-1.260036363450205976e-01
-1.260673284808484507e-01
-1.261302190750399066e-01
-1.261923055496552148e-01
-1.262535854799320678e-01
-1.263140565817839622e-01
-1.263737166989669647e-01
-1.264325637899877397e-01
-1.264905959148774905e-01
-1.265478112218815510e-01
-1.266042079341484772e-01
-1.266597843365206977e-01
-1.267145387624744324e-01
-1.267684695812938966e-01
-1.268215751855466533e-01
-1.268738539789348030e-01
-1.269253043645709733e-01
-1.269759247337406971e-01
-1.270257134552194578e-01
-1.270746688651902823e-01
-1.271227892578153662e-01
-1.271700728764866839e-01
-1.272165179058407647e-01
-1.272621224645420490e-01
-1.273068845988775122e-01
-1.273508022772084358e-01
-1.273938733852875704e-01
-1.274360957224821012e-01
-1.274774669989081066e-01
-1.275179848335012689e-01
-1.275576467530150915e-01
-1.275964501919705785e-01
-1.276343924935327279e-01
-1.276714709113156432e-01
-1.277076826121038289e-01
-1.277430246794580559e-01
-1.277774941181868962e-01
-1.278110878596420974e-01
-1.278438027677981648e-01
-1.278756356460874211e-01
-1.279065832449127194e-01
-1.279366422698058059e-01
-1.279658093901508975e-01
-1.279940812484262613e-01
-1.280214544699042889e-01
-1.280479256727103943e-01
-1.280734914781901101e-01
-1.280981485215247906e-01
-1.281218934625080186e-01
-1.281447229964023105e-01
-1.281666338648377312e-01
-1.281876228666535833e-01
-1.282076868686394255e-01
-1.282268228161063672e-01
-1.282450277432260199e-01
-1.282622987830971673e-01
-1.282786331774795341e-01
-1.282940282861524672e-01
-1.283084815958748515e-01
-1.283219907288821182e-01
-1.283345534509241492e-01
-1.283461676788093253e-01
-1.283568314874178884e-01
-1.283665431162206993e-01
-1.283753009752288676e-01
-1.283831036504318179e-01
-1.283899499086813834e-01
-1.283958387020472103e-01
-1.284007691716426980e-01
-1.284047406509411238e-01
-1.284077526685790116e-01
-1.284098049506606498e-01
-1.284108974226121080e-01
-1.284110302105563595e-01
-1.284102036422435922e-01
-1.284084182475776492e-01
-1.284056747587353775e-01
-1.284019741098914036e-01
-1.283973174365778125e-01
-1.283917060747079564e-01
-1.283851415592539014e-01
-1.283776256226191181e-01
-1.283691601927055836e-01
-1.283597473906927244e-01
-1.283493895285512942e-01
-1.283380891062903262e-01
-1.283258488089673022e-01
-1.283126715034429155e-01
-1.282985602349323018e-01
-1.282835182233146576e-01
-1.282675488592431023e-01
-1.282506557000553937e-01
-1.282328424654905485e-01
-1.282141130332062062e-01
-1.281944714341329838e-01
-1.281739218476377895e-01
-1.281524685965362842e-01
-1.281301161419323431e-01
-1.281068690779047781e-01
-1.280827321260608886e-01
-1.280577101299402720e-01
-1.280318080492917898e-01
-1.280050309542246634e-01
-1.279773840192429402e-01
-1.279488725171946950e-01
-1.279195018131088490e-01
-1.278892773579521080e-01
-1.278582046823102392e-01
-1.278262893900152519e-01
-1.277935371517241459e-01
-1.277599536984466710e-01
-1.277255448150641237e-01
-1.276903163338228009e-01
-1.276542741278463011e-01
-1.276174241046485469e-01
-1.275797721996861367e-01
-1.275413243699612120e-01
-1.275020865876728415e-01
-1.274620648339525597e-01
-1.274212650926838108e-01
-1.273796933444281965e-01
-1.273373555604779550e-01
-1.272942576970307882e-01
-1.272504056895225888e-01
-1.272058054471167932e-01
-1.271604628473742560e-01
-1.271143837310997615e-01
-1.270675738974166025e-01
-1.270200390990317840e-01
-1.269717850377218293e-01
-1.269228173600660536e-01
-1.268731416534313039e-01
-1.268227634421879302e-01
-1.267716881842029519e-01
-1.267199212675915454e-01
-1.266674680077366222e-01
-1.266143336446057810e-01
-1.265605233403237773e-01
-1.265060421770383692e-01
-1.264508951550669946e-01
-1.263950871913176177e-01
-1.263386231180130548e-01
-1.262815076816573012e-01
-1.262237455423039501e-01
-1.261653412730721624e-01
-1.261062993599373072e-01
-1.260466242017698746e-01
-1.259863201106152797e-01
-1.259253913122121704e-01
-1.258638419467277003e-01
-1.258016760697177605e-01
-1.257388976532766989e-01
-1.256755105873771650e-01
-1.256115186813844820e-01
-1.255469256657338883e-01
-1.254817351937433656e-01
-1.254159508435713777e-01
-1.253495761202704506e-01
-1.252826144579607948e-01
-1.252150692220798389e-01
-1.251469437116950190e-01
-1.250782411618856504e-01
-1.250089647461618547e-01
-1.249391175788961278e-01
-1.248687027177933784e-01
-1.247977231663359721e-01
-1.247261818762294278e-01
-1.246540817498145159e-01
-1.245814256424504773e-01
-1.245082163648402879e-01
-1.244344566853066714e-01
-1.243601493319933110e-01
-1.242852969949899133e-01
-1.242099023283810416e-01
-1.241339679521932526e-01
-1.240574964542503766e-01
-1.239804903919252826e-01
-1.239029522937841465e-01
-1.238248846611146592e-01
-1.237462899693442808e-01
-1.236671706693405343e-01
-1.235875291885891319e-01
-1.235073679322536422e-01
-1.234266892841165697e-01
-1.233454956073938708e-01
-1.232637892454458567e-01
-1.231815725223331104e-01
-1.230988477433103828e-01
-1.230156171951507366e-01
-1.229318831463901002e-01
-1.228476478474580386e-01
-1.227629135306937819e-01
-1.226776824102645824e-01
-1.225919566819821255e-01
-1.225057385230379631e-01
-1.224190300916370017e-01
-1.223318335265397017e-01
-1.222441509465342357e-01
-1.221559844498279063e-01
-1.220673361133685769e-01
-1.219782079920963824e-01
-1.218886021181428553e-01
-1.217985204999567500e-01
-1.217079651213928554e-01
-1.216169379407452955e-01
-1.215254408897405158e-01
-1.214334758724977814e-01
-1.213410447644524270e-01
-1.212481494112618852e-01
-1.211547916276675546e-01
-1.210609731963669389e-01
-1.209666958668503545e-01
-1.208719613542489635e-01
-1.207767713381606850e-01
-1.206811274614837254e-01
-1.205850313292659293e-01
-1.204884845075487876e-01
-1.203914885222408249e-01
-1.202940448579884608e-01
-1.201961549570954579e-01
-1.200978202184477678e-01
-1.199990419964825084e-01
-1.198998216001769951e-01
-1.198001602920883840e-01
-1.197000592874382929e-01
-1.195995197532269544e-01
-1.194985428074120531e-01
-1.193971295181315007e-01
-1.192952809029785566e-01
-1.191929979283539442e-01
-1.190902815088556443e-01
-1.189871325067471397e-01
-1.188835517314884155e-01
-1.187795399393484080e-01
-1.186750978330689543e-01
-1.185702260616189052e-01
-1.184649252200192238e-01
-1.183591958492492824e-01
-1.182530384362351084e-01
-1.181464534139132772e-01
-1.180394411613730488e-01
-1.179320020041003114e-01
-1.178241362142938148e-01
-1.177158440112682503e-01
-1.176071255619429851e-01
-1.174979809814159781e-01
-1.173884103336294282e-01
-1.172784136321127074e-01
-1.171679908408132798e-01
-1.170571418750179921e-01
-1.169458666023425186e-01
-1.168341648438090824e-01
-1.167220363750146733e-01
-1.166094809273564292e-01
-1.164964981893466811e-01
-1.163830878079942094e-01
-1.162692493902632712e-01
-1.161549825045817552e-01
-1.160402866824410822e-01
-1.159251614200287189e-01
-1.158096061799414739e-01
-1.156936203929316009e-01
-1.155772034597184750e-01
-1.154603547528408464e-01
-1.153430736185457328e-01
-1.152253593787177510e-01
-1.151072113328470564e-01
-1.149886287600135892e-01
-1.148696109209021293e-01
-1.147501570598423587e-01
-1.146302664068489102e-01
-1.145099381796877147e-01
-1.143891715859358255e-01
-1.142679658250381758e-01
-1.141463200903830022e-01
-1.140242335713475968e-01
-1.139017054553352892e-01
-1.137787349298028938e-01
-1.136553211842611238e-01
-1.135314634122572414e-01
-1.134071608133122300e-01
-1.132824125948496685e-01
-1.131572179740700235e-01
-1.130315761797869717e-01
-1.129054864542339276e-01
-1.127789480548112150e-01
-1.126519602557864153e-01
-1.125245223499555525e-01
-1.123966336502317670e-01
-1.122682934911987257e-01
-1.121395012305912153e-01
-1.120102562507167415e-01
-1.118805579598308869e-01
-1.117504057934383815e-01
-1.116197992155298080e-01
-1.114887377197577162e-01
-1.113572208305504407e-01
-1.112252481041630658e-01
-1.110928191296524092e-01
-1.109599335297975914e-01
-1.108265909619426670e-01
-1.106927911187954444e-01
-1.105585337291389580e-01
-1.104238185584950349e-01
-1.102886454097203872e-01
-1.101530141235369797e-01
-1.100169245790050265e-01
-1.098803766939416698e-01
-1.097433704252734898e-01
-1.096059057693365285e-01
-1.094679827621191370e-01
-1.093296014794579857e-01
-1.091907620371735527e-01
-1.090514645911632718e-01
-1.089117093374457473e-01
-1.087714965121604621e-01
-1.086308263915178318e-01
-1.084896992917150360e-01
-1.083481155688162806e-01
-1.082060756185834749e-01
-1.080635798762813737e-01
-1.079206288164499400e-01
-1.077772229526405001e-01
-1.076333628371354961e-01
-1.074890490606297544e-01
-1.073442822518972245e-01
-1.071990630774317804e-01
-1.070533922410726313e-01
-1.069072704836087351e-01
-1.067606985823691124e-01
-1.066136773508075397e-01
-1.064662076380679112e-01
-1.063182903285484482e-01
-1.061699263414493943e-01
-1.060211166303243607e-01
-1.058718621826314488e-01
-1.057221640192773926e-01
-1.055720231941665449e-01
-1.054214407937478365e-01
-1.052704179365756137e-01
-1.051189557728609281e-01
-1.049670554840466258e-01
-1.048147182823869067e-01
-1.046619454105307545e-01
-1.045087381411230060e-01
-1.043550977764237248e-01
-1.042010256479223018e-01
-1.040465231159913295e-01
-1.038915915695425296e-01
-1.037362324256994456e-01
-1.035804471294973911e-01
-1.034242371535890187e-01
-1.032676039979799620e-01
-1.031105491897848364e-01
-1.029530742829973672e-01
-1.027951808582754367e-01
-1.026368705227667377e-01
-1.024781449099401859e-01
-1.023190056794426317e-01
-1.021594545169733081e-01
-1.019994931341848959e-01
-1.018391232686072928e-01
-1.016783466835802785e-01
-1.015171651682225257e-01
-1.013555805374086877e-01
-1.011935946317656793e-01
-1.010312093176950060e-01
-1.008684264874067094e-01
-1.007052480589691740e-01
-1.005416759763806678e-01
-1.003777122096521091e-01
-1.002133587549088878e-01
-1.000486176344895922e-01
-9.988349089707719564e-02
-9.971798061782502498e-02
-9.955208889849839760e-02
-9.938581786762483439e-02
-9.921916968064793674e-02
-9.905214652008613452e-02
-9.888475059569194758e-02
-9.871698414461727022e-02
-9.854884943157930788e-02
-9.838034874901714633e-02
-9.821148441725835454e-02
-9.804225878466776845e-02
-9.787267422779913351e-02
-9.770273315153733817e-02
-9.753243798922116292e-02
-9.736179120277139998e-02
-9.719079528279982172e-02
-9.701945274869779035e-02
-9.684776614871626332e-02
-9.667573806003226800e-02
-9.650337108878830061e-02
-9.633066787011826393e-02
-9.615763106815383710e-02
-9.598426337600397817e-02
-9.581056751571739860e-02
-9.563654623821693512e-02
-9.546220232321064869e-02
-9.528753857907165670e-02
-9.511255784270783442e-02
-9.493726297938710756e-02
-9.476165688253693209e-02
-9.458574247352428965e-02
-9.440952270140114122e-02
-9.423300054262429004e-02
-9.405617900073588722e-02
-9.387906110602660392e-02
-9.370164991516555242e-02
-9.352394851079449956e-02
-9.334596000109331160e-02
-9.316768751932628934e-02
-9.298913422335089440e-02
-9.281030329509566690e-02
-9.263119794000920781e-02
-9.245182138649526982e-02
-9.227217688530245376e-02
-9.209226770889759883e-02
-9.191209715080671250e-02
-9.173166852493662426e-02
-9.155098516487311655e-02
-9.137005042314988446e-02
-9.118886767049641517e-02
-9.100744029506810384e-02
-9.082577170165594127e-02
-9.064386531087098575e-02
-9.046172455831912040e-02
-9.027935289375148276e-02
-9.009675378020737258e-02
-8.991393069313702302e-02
-8.973088711950975849e-02
-8.954762655692238837e-02
-8.936415251268053916e-02
-8.918046850288370575e-02
-8.899657805149872869e-02
-8.881248468942559704e-02
-8.862819195355932378e-02
-8.844370338585286206e-02
-8.825902253237201400e-02
-8.807415294235006187e-02
-8.788909816724566060e-02
-8.770386175980419974e-02
-8.751844727311479388e-02
-8.733285825968095661e-02
-8.714709827049033075e-02
-8.696117085409280079e-02
-8.677507955569110920e-02
-8.658882791623659370e-02
-8.640241947153604052e-02
-8.621585775136983432e-02
-8.602914627862046082e-02
-8.584228856841874533e-02
-8.565528812730562047e-02
-8.546814845240299774e-02
-8.528087303060578883e-02
-8.509346533779649224e-02
-8.490592883806057090e-02
-8.471826698293849489e-02
-8.453048321069080162e-02
-8.434258094558043373e-02
-8.415456359717835011e-02
-8.396643455969102221e-02
-8.377819721131080088e-02
-8.358985491358256192e-02
-8.340141101080046637e-02
-8.321286882942593999e-02
-8.302423167752327748e-02
-8.283550284423171761e-02
-8.264668559924262525e-02
-8.245778319231576725e-02
-8.226879885281643268e-02
-8.207973578927386937e-02
-8.189059718896223028e-02
-8.170138621751471542e-02
-8.151210601855027327e-02
-8.132275971332830755e-02
-8.113335040043558044e-02
-8.094388115548463436e-02
-8.075435503083533417e-02
-8.056477505535164507e-02
-8.037514423416619591e-02
-8.018546554848310359e-02
-7.999574195538176891e-02
-7.980597638766270818e-02
-7.961617175369865851e-02
-7.942633093731149563e-02
-7.923645679767267469e-02
-7.904655216921442629e-02
-7.885661986156755621e-02
-7.866666265950579551e-02
-7.847668332291782289e-02
-7.828668458678991748e-02
-7.809666916120526492e-02
-7.790663973135641962e-02
-7.771659895757436487e-02
-7.752654947536841146e-02
-7.733649389547163355e-02
-7.714643480391038255e-02
-7.695637476208022631e-02
-7.676631630682233254e-02
-7.657626195051728257e-02
-7.638621418119069528e-02
-7.619617546261467367e-02
-7.600614823442244927e-02
-7.581613491222506662e-02
-7.562613788773661638e-02
-7.543615952889942688e-02
-7.524620218001633332e-02
-7.505626816188200323e-02
-7.486635977191606617e-02
-7.467647928429674287e-02
-7.448662895009967866e-02
-7.429681099743021266e-02
-7.410702763155423145e-02
-7.391728103503319991e-02
-7.372757336785465410e-02
-7.353790676755479760e-02
-7.334828334934820337e-02
-7.315870520623848905e-02
-7.296917440914515995e-02
-7.277969300700877497e-02
-7.259026302690067822e-02
-7.240088647412586120e-02
-7.221156533231594399e-02
-7.202230156352777690e-02
-7.183309710832584682e-02
-7.164395388586197733e-02
-7.145487379395942806e-02
-7.126585870917677423e-02
-7.107691048687363178e-02
-7.088803096127151149e-02
-7.069922194551099548e-02
-7.051048523169810289e-02
-7.032182259095311194e-02
-7.013323577345281779e-02
-6.994472650846400574e-02
-6.975629650437835394e-02
-6.956794744874469916e-02
-6.937968100829450258e-02
-6.919149882897053516e-02
-6.900340253594447470e-02
-6.881539373364192747e-02
-6.862747400576492407e-02
-6.843964491531469296e-02
-6.825190800460589902e-02
-6.806426479529679996e-02
-6.787671678840624667e-02
-6.768926546434346492e-02
-6.750191228293760115e-02
-6.731465868346814263e-02
-6.712750608470402502e-02
-6.694045588494140775e-02
-6.675350946205085845e-02
-6.656666817353201759e-02
-6.637993335657074723e-02
-6.619330632810649373e-02
-6.600678838490768585e-02
-6.582038080365770760e-02
-6.563408484104232832e-02
-6.544790173385560406e-02
-6.526183269911037255e-02
-6.507587893416177938e-02
-6.489004161684429339e-02
-6.470432190561853369e-02
-6.451872093972790823e-02
-6.433323983937298818e-02
-6.414787970589556909e-02
-6.396264162197604075e-02
-6.377752665184906189e-02
-6.359253584152753380e-02
-6.340767021904558653e-02
-6.322293079471455468e-02
-6.303831856139220646e-02
-6.285383449477230378e-02
-6.266947955368316892e-02
-6.248525468040500713e-02
-6.230116080100077391e-02
-6.211719882566760220e-02
-6.193336964909553627e-02
-6.174967415084626349e-02
-6.156611319575129582e-02
-6.138268763431423136e-02
-6.119939830313317342e-02
-6.101624602534781033e-02
-6.083323161108355331e-02
-6.065035585791991868e-02
-6.046761955137320427e-02
-6.028502346538705536e-02
-6.010256836284207094e-02
-5.992025499607402106e-02
-5.973808410740798214e-02
-5.955605642969998004e-02
-5.937417268689244854e-02
-5.919243359457926346e-02
-5.901083986058025532e-02
-5.882939218552937777e-02
-5.864809126346891971e-02
-5.846693778244907436e-02
-5.828593242514026190e-02
-5.810507586944833880e-02
-5.792436878913900106e-02
-5.774381185446526843e-02
-5.756340573280505080e-02
-5.738315108929566838e-02
-5.720304858747616433e-02
-5.702309888993080389e-02
-5.684330265893394046e-02
-5.666366055709896876e-02
-5.648417324802215700e-02
-5.630484139693354290e-02
-5.612566567134028017e-02
-5.594664674167015156e-02
-5.576778528191295853e-02
-5.558908197025488884e-02
-5.541053748971570825e-02
-5.523215252877462789e-02
-5.505392778199209858e-02
-5.487586395062486744e-02
-5.469796174323763444e-02
-5.452022187629978339e-02
-5.434264507478198114e-02
-5.416523207273649110e-02
-5.398798361386943079e-02
-5.381090045210833867e-02
-5.363398335214482338e-02
-5.345723308998249351e-02
-5.328065045346155187e-02
-5.310423624277577082e-02
-5.292799127097212730e-02
-5.275191636443919002e-02
-5.257601236338214218e-02
-5.240028012228031828e-02
-5.222472051033472118e-02
-5.204933441189477095e-02
-5.187412272687328546e-02
-5.169908637114547373e-02
-5.152422627692750806e-02
-5.134954339314493771e-02
-5.117503868577868986e-02
-5.100071313820095376e-02
-5.082656775148752804e-02
-5.065260354471669973e-02
-5.047882155525409975e-02
-5.030522283901162767e-02
-5.013180847069827889e-02
-4.995857954405199391e-02
-4.978553717205288359e-02
-4.961268248711957901e-02
-4.944001664129035745e-02
-4.926754080638676148e-02
-4.909525617416013454e-02
-4.892316395642949678e-02
-4.875126538519330283e-02
-4.857956171273041662e-02
-4.840805421168311445e-02
-4.823674417513401647e-02
-4.806563291665879450e-02
-4.789472177036752099e-02
-4.772401209093717761e-02
-4.755350525362186942e-02
-4.738320265425775141e-02
-4.721310570925223854e-02
-4.704321585556303642e-02
-4.687353455066127494e-02
-4.670406327249009004e-02
-4.653480351940490756e-02
-4.636575681011130545e-02
-4.619692468358747861e-02
-4.602830869900308847e-02
-4.585991043562018254e-02
-4.569173149269744466e-02
-4.552377348937740320e-02
-4.535603806457149528e-02
-4.518852687683768549e-02
-4.502124160425089588e-02
-4.485418394426672617e-02
-4.468735561358297415e-02
-4.452075834799398141e-02
-4.435439390224125977e-02
-4.418826404985888578e-02
-4.402237058301589068e-02
-4.385671531235739440e-02
-4.369130006684168038e-02
-4.352612669357111552e-02
-4.336119705762710164e-02
-4.319651304190025992e-02
-4.303207654691711820e-02
-4.286788949066941412e-02
-4.270395380843873545e-02
-4.254027145262369997e-02
-4.237684439256278468e-02
-4.221367461436063839e-02
-4.205076412070880842e-02
-4.188811493071314257e-02
-4.172572907971525830e-02
-4.156360861911829324e-02
-4.140175561620934586e-02
-4.124017215398220748e-02
-4.107886033096250222e-02
-4.091782226103158476e-02
-4.075706007325095165e-02
-4.059657591168572971e-02
-4.043637193522676976e-02
-4.027645031741692444e-02
-4.011681324627163620e-02
-3.995746292410146117e-02
-3.979840156733587681e-02
-3.963963140634219756e-02
-3.948115468524554528e-02
-3.932297366174519054e-02
-3.916509060693473127e-02
-3.900750780511367394e-02
-3.885022755360273417e-02
-3.869325216255074806e-02
-3.853658395474476167e-02
-3.838022526541386148e-02
-3.822417844202868897e-02
-3.806844584409910248e-02
-3.791302984296820999e-02
-3.775793282160198883e-02
-3.760315717437093946e-02
-3.744870530683312021e-02
-3.729457963550474736e-02
-3.714078258763200968e-02
-3.698731660095151003e-02
-3.683418412344692527e-02
-3.668138761309933105e-02
-3.652892953762985201e-02
-3.637681237423543573e-02
-3.622503860931668845e-02
-3.607361073819847358e-02
-3.592253126484398762e-02
-3.577180270155691511e-02
-3.562142756867900384e-02
-3.547140839427648240e-02
-3.532174771381851180e-02
-3.517244806984666516e-02
-3.502351201163542843e-02
-3.487494209484408303e-02
-3.472674088115592500e-02
-3.457891093791268938e-02
-3.443145483773398657e-02
-3.428437515813330394e-02
-3.413767448111867941e-02
-3.399135539278681784e-02
-3.384542048290732630e-02
-3.369987234449631913e-02
-3.355471357338094679e-02
-3.340994676775516092e-02
-3.326557452772516826e-02
-3.312159945484809132e-02
-3.297802415165813905e-02
-3.283485122118533217e-02
-3.269208326646747681e-02
-3.254972289005229197e-02
-3.240777269349167516e-02
-3.226623527682846715e-02
-3.212511323807738794e-02
-3.198440917269552292e-02
-3.184412567304760466e-02
-3.170426532786764506e-02
-3.156483072171106102e-02
-3.142582443440536388e-02
-3.128724904049180744e-02
-3.114910710866401755e-02
-3.101140120120298577e-02
-3.087413387340982862e-02
-3.073730767303311379e-02
