0.000000000000000000e+00
5.000000000000000104e-04
1.000000000000000021e-03
1.500000000000000031e-03
2.000000000000000042e-03
2.500000000000000052e-03
3.000000000000000062e-03
3.500000000000000073e-03
4.000000000000000083e-03
4.500000000000000527e-03
5.000000000000000971e-03
5.500000000000001416e-03
6.000000000000001860e-03
6.500000000000002304e-03
7.000000000000002748e-03
7.500000000000003192e-03
8.000000000000003636e-03
8.500000000000004080e-03
9.000000000000004524e-03
9.500000000000004968e-03
1.000000000000000541e-02
1.050000000000000586e-02
1.100000000000000630e-02
1.150000000000000674e-02
1.200000000000000719e-02
1.250000000000000763e-02
1.300000000000000808e-02
1.350000000000000852e-02
1.400000000000000897e-02
1.450000000000000941e-02
1.500000000000000985e-02
1.550000000000001030e-02
1.600000000000001074e-02
1.650000000000001119e-02
1.700000000000001163e-02
1.750000000000001207e-02
1.800000000000001252e-02
1.850000000000001296e-02
1.900000000000001341e-02
1.950000000000001385e-02
2.000000000000001429e-02
2.050000000000001474e-02
2.100000000000001518e-02
2.150000000000001563e-02
2.200000000000001607e-02
2.250000000000001651e-02
2.300000000000001696e-02
2.350000000000001740e-02
2.400000000000001785e-02
2.450000000000001829e-02
2.500000000000001874e-02
2.550000000000001918e-02
2.600000000000001962e-02
2.650000000000002007e-02
2.700000000000002051e-02
2.750000000000002096e-02
2.800000000000002140e-02
2.850000000000002184e-02
2.900000000000002229e-02
2.950000000000002273e-02
3.000000000000002318e-02
3.050000000000002362e-02
3.100000000000002406e-02
3.150000000000002104e-02
3.200000000000002148e-02
3.250000000000002193e-02
3.300000000000002237e-02
3.350000000000002282e-02
3.400000000000002326e-02
3.450000000000002370e-02
3.500000000000002415e-02
3.550000000000002459e-02
3.600000000000002504e-02
3.650000000000002548e-02
3.700000000000002592e-02
3.750000000000002637e-02
3.800000000000002681e-02
3.850000000000002726e-02
3.900000000000002770e-02
3.950000000000002814e-02
4.000000000000002859e-02
4.050000000000002903e-02
4.100000000000002948e-02
4.150000000000002992e-02
4.200000000000003036e-02
4.250000000000003081e-02
4.300000000000003125e-02
4.350000000000003170e-02
4.400000000000003214e-02
4.450000000000003259e-02
4.500000000000003303e-02
4.550000000000003347e-02
4.600000000000003392e-02
4.650000000000003436e-02
4.700000000000003481e-02
4.750000000000003525e-02
4.800000000000003569e-02
4.850000000000003614e-02
4.900000000000003658e-02
4.950000000000003703e-02
5.000000000000003747e-02
5.050000000000003791e-02
5.100000000000003836e-02
5.150000000000003880e-02
5.200000000000003925e-02
5.250000000000003969e-02
5.300000000000004013e-02
5.350000000000004058e-02
5.400000000000004102e-02
5.450000000000004147e-02
5.500000000000004191e-02
5.550000000000004236e-02
5.600000000000004280e-02
5.650000000000004324e-02
5.700000000000004369e-02
5.750000000000004413e-02
5.800000000000004458e-02
5.850000000000004502e-02
5.900000000000004546e-02
5.950000000000004591e-02
6.000000000000004635e-02
6.050000000000004680e-02
6.100000000000004724e-02
6.150000000000004768e-02
6.200000000000004813e-02
6.250000000000004163e-02
6.300000000000004208e-02
6.350000000000004252e-02
6.400000000000004297e-02
6.450000000000004341e-02
6.500000000000004385e-02
6.550000000000004430e-02
6.600000000000004474e-02
6.650000000000004519e-02
6.700000000000004563e-02
6.750000000000004607e-02
6.800000000000004652e-02
6.850000000000004696e-02
6.900000000000004741e-02
6.950000000000004785e-02
7.000000000000004829e-02
7.050000000000004874e-02
7.100000000000004918e-02
7.150000000000004963e-02
7.200000000000005007e-02
7.250000000000005052e-02
7.300000000000005096e-02
7.350000000000005140e-02
7.400000000000005185e-02
7.450000000000005229e-02
7.500000000000005274e-02
7.550000000000005318e-02
7.600000000000005362e-02
7.650000000000005407e-02
7.700000000000005451e-02
7.750000000000005496e-02
7.800000000000005540e-02
7.850000000000005584e-02
7.900000000000005629e-02
7.950000000000005673e-02
8.000000000000005718e-02
8.050000000000005762e-02
8.100000000000005806e-02
8.150000000000005851e-02
8.200000000000005895e-02
8.250000000000005940e-02
8.300000000000005984e-02
8.350000000000006029e-02
8.400000000000006073e-02
8.450000000000006117e-02
8.500000000000006162e-02
8.550000000000006206e-02
8.600000000000006251e-02
8.650000000000006295e-02
8.700000000000006339e-02
8.750000000000006384e-02
8.800000000000006428e-02
8.850000000000006473e-02
8.900000000000006517e-02
8.950000000000006561e-02
9.000000000000006606e-02
9.050000000000006650e-02
9.100000000000006695e-02
9.150000000000006739e-02
9.200000000000006783e-02
9.250000000000006828e-02
9.300000000000006872e-02
9.350000000000006917e-02
9.400000000000006961e-02
9.450000000000007006e-02
9.500000000000007050e-02
9.550000000000007094e-02
9.600000000000007139e-02
9.650000000000007183e-02
9.700000000000007228e-02
9.750000000000007272e-02
9.800000000000007316e-02
9.850000000000007361e-02
9.900000000000007405e-02
9.950000000000007450e-02
1.000000000000000749e-01
1.005000000000000754e-01
1.010000000000000758e-01
1.015000000000000763e-01
1.020000000000000767e-01
1.025000000000000772e-01
1.030000000000000776e-01
1.035000000000000780e-01
1.040000000000000785e-01
1.045000000000000789e-01
1.050000000000000794e-01
1.055000000000000798e-01
1.060000000000000803e-01
1.065000000000000807e-01
1.070000000000000812e-01
1.075000000000000816e-01
1.080000000000000820e-01
1.085000000000000825e-01
1.090000000000000829e-01
1.095000000000000834e-01
1.100000000000000838e-01
1.105000000000000843e-01
1.110000000000000847e-01
1.115000000000000852e-01
1.120000000000000856e-01
1.125000000000000860e-01
1.130000000000000865e-01
1.135000000000000869e-01
1.140000000000000874e-01
1.145000000000000878e-01
1.150000000000000883e-01
1.155000000000000887e-01
1.160000000000000892e-01
1.165000000000000896e-01
1.170000000000000900e-01
1.175000000000000905e-01
1.180000000000000909e-01
1.185000000000000914e-01
1.190000000000000918e-01
1.195000000000000923e-01
1.200000000000000927e-01
1.205000000000000931e-01
1.210000000000000936e-01
1.215000000000000940e-01
1.220000000000000945e-01
1.225000000000000949e-01
1.230000000000000954e-01
1.235000000000000958e-01
1.240000000000000963e-01
1.245000000000000967e-01
1.250000000000000833e-01
1.255000000000000837e-01
1.260000000000000842e-01
1.265000000000000846e-01
1.270000000000000850e-01
1.275000000000000855e-01
1.280000000000000859e-01
1.285000000000000864e-01
1.290000000000000868e-01
1.295000000000000873e-01
1.300000000000000877e-01
1.305000000000000882e-01
1.310000000000000886e-01
1.315000000000000890e-01
1.320000000000000895e-01
1.325000000000000899e-01
1.330000000000000904e-01
1.335000000000000908e-01
1.340000000000000913e-01
1.345000000000000917e-01
1.350000000000000921e-01
1.355000000000000926e-01
1.360000000000000930e-01
1.365000000000000935e-01
1.370000000000000939e-01
1.375000000000000944e-01
1.380000000000000948e-01
1.385000000000000953e-01
1.390000000000000957e-01
1.395000000000000961e-01
1.400000000000000966e-01
1.405000000000000970e-01
1.410000000000000975e-01
1.415000000000000979e-01
1.420000000000000984e-01
1.425000000000000988e-01
1.430000000000000993e-01
1.435000000000000997e-01
1.440000000000001001e-01
1.445000000000001006e-01
1.450000000000001010e-01
1.455000000000001015e-01
1.460000000000001019e-01
1.465000000000001024e-01
1.470000000000001028e-01
1.475000000000001033e-01
1.480000000000001037e-01
1.485000000000001041e-01
1.490000000000001046e-01
1.495000000000001050e-01
1.500000000000001055e-01
1.505000000000001059e-01
1.510000000000001064e-01
1.515000000000001068e-01
1.520000000000001072e-01
1.525000000000001077e-01
1.530000000000001081e-01
1.535000000000001086e-01
1.540000000000001090e-01
1.545000000000001095e-01
1.550000000000001099e-01
1.555000000000001104e-01
1.560000000000001108e-01
1.565000000000001112e-01
1.570000000000001117e-01
1.575000000000001121e-01
1.580000000000001126e-01
1.585000000000001130e-01
1.590000000000001135e-01
1.595000000000001139e-01
1.600000000000001144e-01
1.605000000000001148e-01
1.610000000000001152e-01
1.615000000000001157e-01
1.620000000000001161e-01
1.625000000000001166e-01
1.630000000000001170e-01
1.635000000000001175e-01
1.640000000000001179e-01
1.645000000000001183e-01
1.650000000000001188e-01
1.655000000000001192e-01
1.660000000000001197e-01
1.665000000000001201e-01
1.670000000000001206e-01
1.675000000000001210e-01
1.680000000000001215e-01
1.685000000000001219e-01
1.690000000000001223e-01
1.695000000000001228e-01
1.700000000000001232e-01
1.705000000000001237e-01
1.710000000000001241e-01
1.715000000000001246e-01
1.720000000000001250e-01
1.725000000000001255e-01
1.730000000000001259e-01
1.735000000000001263e-01
1.740000000000001268e-01
1.745000000000001272e-01
1.750000000000001277e-01
1.755000000000001281e-01
1.760000000000001286e-01
1.765000000000001290e-01
1.770000000000001295e-01
1.775000000000001299e-01
1.780000000000001303e-01
1.785000000000001308e-01
1.790000000000001312e-01
1.795000000000001317e-01
1.800000000000001321e-01
1.805000000000001326e-01
1.810000000000001330e-01
1.815000000000001334e-01
1.820000000000001339e-01
1.825000000000001343e-01
1.830000000000001348e-01
1.835000000000001352e-01
1.840000000000001357e-01
1.845000000000001361e-01
1.850000000000001366e-01
1.855000000000001370e-01
1.860000000000001374e-01
1.865000000000001379e-01
1.870000000000001383e-01
1.875000000000001388e-01
1.880000000000001392e-01
1.885000000000001397e-01
1.890000000000001401e-01
1.895000000000001406e-01
1.900000000000001410e-01
1.905000000000001414e-01
1.910000000000001419e-01
1.915000000000001423e-01
1.920000000000001428e-01
1.925000000000001432e-01
1.930000000000001437e-01
1.935000000000001441e-01
1.940000000000001446e-01
1.945000000000001450e-01
1.950000000000001454e-01
1.955000000000001459e-01
1.960000000000001463e-01
1.965000000000001468e-01
1.970000000000001472e-01
1.975000000000001477e-01
1.980000000000001481e-01
1.985000000000001485e-01
1.990000000000001490e-01
1.995000000000001494e-01
2.000000000000001499e-01
2.005000000000001503e-01
2.010000000000001508e-01
2.015000000000001512e-01
2.020000000000001517e-01
2.025000000000001521e-01
2.030000000000001525e-01
2.035000000000001530e-01
2.040000000000001534e-01
2.045000000000001539e-01
2.050000000000001543e-01
2.055000000000001548e-01
2.060000000000001552e-01
2.065000000000001557e-01
2.070000000000001561e-01
2.075000000000001565e-01
2.080000000000001570e-01
2.085000000000001574e-01
2.090000000000001579e-01
2.095000000000001583e-01
2.100000000000001588e-01
2.105000000000001592e-01
2.110000000000001597e-01
2.115000000000001601e-01
2.120000000000001605e-01
2.125000000000001610e-01
2.130000000000001614e-01
2.135000000000001619e-01
2.140000000000001623e-01
2.145000000000001628e-01
2.150000000000001632e-01
2.155000000000001636e-01
2.160000000000001641e-01
2.165000000000001645e-01
2.170000000000001650e-01
2.175000000000001654e-01
2.180000000000001659e-01
2.185000000000001663e-01
2.190000000000001668e-01
2.195000000000001672e-01
2.200000000000001676e-01
2.205000000000001681e-01
2.210000000000001685e-01
2.215000000000001690e-01
2.220000000000001694e-01
2.225000000000001699e-01
2.230000000000001703e-01
2.235000000000001708e-01
2.240000000000001712e-01
2.245000000000001716e-01
2.250000000000001721e-01
2.255000000000001725e-01
2.260000000000001730e-01
2.265000000000001734e-01
2.270000000000001739e-01
2.275000000000001743e-01
2.280000000000001747e-01
2.285000000000001752e-01
2.290000000000001756e-01
2.295000000000001761e-01
2.300000000000001765e-01
2.305000000000001770e-01
2.310000000000001774e-01
2.315000000000001779e-01
2.320000000000001783e-01
2.325000000000001787e-01
2.330000000000001792e-01
2.335000000000001796e-01
2.340000000000001801e-01
2.345000000000001805e-01
2.350000000000001810e-01
2.355000000000001814e-01
2.360000000000001819e-01
2.365000000000001823e-01
2.370000000000001827e-01
2.375000000000001832e-01
2.380000000000001836e-01
2.385000000000001841e-01
2.390000000000001845e-01
2.395000000000001850e-01
2.400000000000001854e-01
2.405000000000001859e-01
2.410000000000001863e-01
2.415000000000001867e-01
2.420000000000001872e-01
2.425000000000001876e-01
2.430000000000001881e-01
2.435000000000001885e-01
2.440000000000001890e-01
2.445000000000001894e-01
2.450000000000001898e-01
2.455000000000001903e-01
2.460000000000001907e-01
2.465000000000001912e-01
2.470000000000001916e-01
2.475000000000001921e-01
2.480000000000001925e-01
2.485000000000001930e-01
2.490000000000001934e-01
2.495000000000001938e-01
2.500000000000001665e-01
2.505000000000001670e-01
2.510000000000001674e-01
2.515000000000001679e-01
2.520000000000001683e-01
2.525000000000001688e-01
2.530000000000001692e-01
2.535000000000001696e-01
2.540000000000001701e-01
2.545000000000001705e-01
2.550000000000001710e-01
2.555000000000001714e-01
2.560000000000001719e-01
2.565000000000001723e-01
2.570000000000001728e-01
2.575000000000001732e-01
2.580000000000001736e-01
2.585000000000001741e-01
2.590000000000001745e-01
2.595000000000001750e-01
2.600000000000001754e-01
2.605000000000001759e-01
2.610000000000001763e-01
2.615000000000001767e-01
2.620000000000001772e-01
2.625000000000001776e-01
2.630000000000001781e-01
2.635000000000001785e-01
2.640000000000001790e-01
2.645000000000001794e-01
2.650000000000001799e-01
2.655000000000001803e-01
2.660000000000001807e-01
2.665000000000001812e-01
2.670000000000001816e-01
2.675000000000001821e-01
2.680000000000001825e-01
2.685000000000001830e-01
2.690000000000001834e-01
2.695000000000001839e-01
2.700000000000001843e-01
2.705000000000001847e-01
2.710000000000001852e-01
2.715000000000001856e-01
2.720000000000001861e-01
2.725000000000001865e-01
2.730000000000001870e-01
2.735000000000001874e-01
2.740000000000001878e-01
2.745000000000001883e-01
2.750000000000001887e-01
2.755000000000001892e-01
2.760000000000001896e-01
2.765000000000001901e-01
2.770000000000001905e-01
2.775000000000001910e-01
2.780000000000001914e-01
2.785000000000001918e-01
2.790000000000001923e-01
2.795000000000001927e-01
2.800000000000001932e-01
2.805000000000001936e-01
2.810000000000001941e-01
2.815000000000001945e-01
2.820000000000001950e-01
2.825000000000001954e-01
2.830000000000001958e-01
2.835000000000001963e-01
2.840000000000001967e-01
2.845000000000001972e-01
2.850000000000001976e-01
2.855000000000001981e-01
2.860000000000001985e-01
2.865000000000001990e-01
2.870000000000001994e-01
2.875000000000001998e-01
2.880000000000002003e-01
2.885000000000002007e-01
2.890000000000002012e-01
2.895000000000002016e-01
2.900000000000002021e-01
2.905000000000002025e-01
2.910000000000002029e-01
2.915000000000002034e-01
2.920000000000002038e-01
2.925000000000002043e-01
2.930000000000002047e-01
2.935000000000002052e-01
2.940000000000002056e-01
2.945000000000002061e-01
2.950000000000002065e-01
2.955000000000002069e-01
2.960000000000002074e-01
2.965000000000002078e-01
2.970000000000002083e-01
2.975000000000002087e-01
2.980000000000002092e-01
2.985000000000002096e-01
2.990000000000002101e-01
2.995000000000002105e-01
3.000000000000002109e-01
3.005000000000002114e-01
3.010000000000002118e-01
3.015000000000002123e-01
3.020000000000002127e-01
3.025000000000002132e-01
3.030000000000002136e-01
3.035000000000002141e-01
3.040000000000002145e-01
3.045000000000002149e-01
3.050000000000002154e-01
3.055000000000002158e-01
3.060000000000002163e-01
3.065000000000002167e-01
3.070000000000002172e-01
3.075000000000002176e-01
3.080000000000002180e-01
3.085000000000002185e-01
3.090000000000002189e-01
3.095000000000002194e-01
3.100000000000002198e-01
3.105000000000002203e-01
3.110000000000002207e-01
3.115000000000002212e-01
3.120000000000002216e-01
3.125000000000002220e-01
3.130000000000002225e-01
3.135000000000002229e-01
3.140000000000002234e-01
3.145000000000002238e-01
3.150000000000002243e-01
3.155000000000002247e-01
3.160000000000002252e-01
3.165000000000002256e-01
3.170000000000002260e-01
3.175000000000002265e-01
3.180000000000002269e-01
3.185000000000002274e-01
3.190000000000002278e-01
3.195000000000002283e-01
3.200000000000002287e-01
3.205000000000002292e-01
3.210000000000002296e-01
3.215000000000002300e-01
3.220000000000002305e-01
3.225000000000002309e-01
3.230000000000002314e-01
3.235000000000002318e-01
3.240000000000002323e-01
3.245000000000002327e-01
3.250000000000002331e-01
3.255000000000002336e-01
3.260000000000002340e-01
3.265000000000002345e-01
3.270000000000002349e-01
3.275000000000002354e-01
3.280000000000002358e-01
3.285000000000002363e-01
3.290000000000002367e-01
3.295000000000002371e-01
3.300000000000002376e-01
3.305000000000002380e-01
3.310000000000002385e-01
3.315000000000002389e-01
3.320000000000002394e-01
3.325000000000002398e-01
3.330000000000002403e-01
3.335000000000002407e-01
3.340000000000002411e-01
3.345000000000002416e-01
3.350000000000002420e-01
3.355000000000002425e-01
3.360000000000002429e-01
3.365000000000002434e-01
3.370000000000002438e-01
3.375000000000002442e-01
3.380000000000002447e-01
3.385000000000002451e-01
3.390000000000002456e-01
3.395000000000002460e-01
3.400000000000002465e-01
3.405000000000002469e-01
3.410000000000002474e-01
3.415000000000002478e-01
3.420000000000002482e-01
3.425000000000002487e-01
3.430000000000002491e-01
3.435000000000002496e-01
3.440000000000002500e-01
3.445000000000002505e-01
3.450000000000002509e-01
3.455000000000002514e-01
3.460000000000002518e-01
3.465000000000002522e-01
3.470000000000002527e-01
3.475000000000002531e-01
3.480000000000002536e-01
3.485000000000002540e-01
3.490000000000002545e-01
3.495000000000002549e-01
3.500000000000002554e-01
3.505000000000002558e-01
3.510000000000002562e-01
3.515000000000002567e-01
3.520000000000002571e-01
3.525000000000002576e-01
3.530000000000002580e-01
3.535000000000002585e-01
3.540000000000002589e-01
3.545000000000002593e-01
3.550000000000002598e-01
3.555000000000002602e-01
3.560000000000002607e-01
3.565000000000002611e-01
3.570000000000002616e-01
3.575000000000002620e-01
3.580000000000002625e-01
3.585000000000002629e-01
3.590000000000002633e-01
3.595000000000002638e-01
3.600000000000002642e-01
3.605000000000002647e-01
3.610000000000002651e-01
3.615000000000002656e-01
3.620000000000002660e-01
3.625000000000002665e-01
3.630000000000002669e-01
3.635000000000002673e-01
3.640000000000002678e-01
3.645000000000002682e-01
3.650000000000002687e-01
3.655000000000002691e-01
3.660000000000002696e-01
3.665000000000002700e-01
3.670000000000002705e-01
3.675000000000002709e-01
3.680000000000002713e-01
3.685000000000002718e-01
3.690000000000002722e-01
3.695000000000002727e-01
3.700000000000002731e-01
3.705000000000002736e-01
3.710000000000002740e-01
3.715000000000002744e-01
3.720000000000002749e-01
3.725000000000002753e-01
3.730000000000002758e-01
3.735000000000002762e-01
3.740000000000002767e-01
3.745000000000002771e-01
3.750000000000002776e-01
3.755000000000002780e-01
3.760000000000002784e-01
3.765000000000002789e-01
3.770000000000002793e-01
3.775000000000002798e-01
3.780000000000002802e-01
3.785000000000002807e-01
3.790000000000002811e-01
3.795000000000002816e-01
3.800000000000002820e-01
3.805000000000002824e-01
3.810000000000002829e-01
3.815000000000002833e-01
3.820000000000002838e-01
3.825000000000002842e-01
3.830000000000002847e-01
3.835000000000002851e-01
3.840000000000002855e-01
3.845000000000002860e-01
3.850000000000002864e-01
3.855000000000002869e-01
3.860000000000002873e-01
3.865000000000002878e-01
3.870000000000002882e-01
3.875000000000002887e-01
3.880000000000002891e-01
3.885000000000002895e-01
3.890000000000002900e-01
3.895000000000002904e-01
3.900000000000002909e-01
3.905000000000002913e-01
3.910000000000002918e-01
3.915000000000002922e-01
3.920000000000002927e-01
3.925000000000002931e-01
3.930000000000002935e-01
3.935000000000002940e-01
3.940000000000002944e-01
3.945000000000002949e-01
3.950000000000002953e-01
3.955000000000002958e-01
3.960000000000002962e-01
3.965000000000002967e-01
3.970000000000002971e-01
3.975000000000002975e-01
3.980000000000002980e-01
3.985000000000002984e-01
3.990000000000002989e-01
3.995000000000002993e-01
4.000000000000002998e-01
4.005000000000003002e-01
4.010000000000003006e-01
4.015000000000003011e-01
4.020000000000003015e-01
4.025000000000003020e-01
4.030000000000003024e-01
4.035000000000003029e-01
4.040000000000003033e-01
4.045000000000003038e-01
4.050000000000003042e-01
4.055000000000003046e-01
4.060000000000003051e-01
4.065000000000003055e-01
4.070000000000003060e-01
4.075000000000003064e-01
4.080000000000003069e-01
4.085000000000003073e-01
4.090000000000003078e-01
4.095000000000003082e-01
4.100000000000003086e-01
4.105000000000003091e-01
4.110000000000003095e-01
4.115000000000003100e-01
4.120000000000003104e-01
4.125000000000003109e-01
4.130000000000003113e-01
4.135000000000003118e-01
4.140000000000003122e-01
4.145000000000003126e-01
4.150000000000003131e-01
4.155000000000003135e-01
4.160000000000003140e-01
4.165000000000003144e-01
4.170000000000003149e-01
4.175000000000003153e-01
4.180000000000003157e-01
4.185000000000003162e-01
4.190000000000003166e-01
4.195000000000003171e-01
4.200000000000003175e-01
4.205000000000003180e-01
4.210000000000003184e-01
4.215000000000003189e-01
4.220000000000003193e-01
4.225000000000003197e-01
4.230000000000003202e-01
4.235000000000003206e-01
4.240000000000003211e-01
4.245000000000003215e-01
4.250000000000003220e-01
4.255000000000003224e-01
4.260000000000003229e-01
4.265000000000003233e-01
4.270000000000003237e-01
4.275000000000003242e-01
4.280000000000003246e-01
4.285000000000003251e-01
4.290000000000003255e-01
4.295000000000003260e-01
4.300000000000003264e-01
4.305000000000003268e-01
4.310000000000003273e-01
4.315000000000003277e-01
4.320000000000003282e-01
4.325000000000003286e-01
4.330000000000003291e-01
4.335000000000003295e-01
4.340000000000003300e-01
4.345000000000003304e-01
4.350000000000003308e-01
4.355000000000003313e-01
4.360000000000003317e-01
4.365000000000003322e-01
4.370000000000003326e-01
4.375000000000003331e-01
4.380000000000003335e-01
4.385000000000003340e-01
4.390000000000003344e-01
4.395000000000003348e-01
4.400000000000003353e-01
4.405000000000003357e-01
4.410000000000003362e-01
4.415000000000003366e-01
4.420000000000003371e-01
4.425000000000003375e-01
4.430000000000003380e-01
4.435000000000003384e-01
4.440000000000003388e-01
4.445000000000003393e-01
4.450000000000003397e-01
4.455000000000003402e-01
4.460000000000003406e-01
4.465000000000003411e-01
4.470000000000003415e-01
4.475000000000003419e-01
4.480000000000003424e-01
4.485000000000003428e-01
4.490000000000003433e-01
4.495000000000003437e-01
4.500000000000003442e-01
4.505000000000003446e-01
4.510000000000003451e-01
4.515000000000003455e-01
4.520000000000003459e-01
4.525000000000003464e-01
4.530000000000003468e-01
4.535000000000003473e-01
4.540000000000003477e-01
4.545000000000003482e-01
4.550000000000003486e-01
4.555000000000003491e-01
4.560000000000003495e-01
4.565000000000003499e-01
4.570000000000003504e-01
4.575000000000003508e-01
4.580000000000003513e-01
4.585000000000003517e-01
4.590000000000003522e-01
4.595000000000003526e-01
4.600000000000003531e-01
4.605000000000003535e-01
4.610000000000003539e-01
4.615000000000003544e-01
4.620000000000003548e-01
4.625000000000003553e-01
4.630000000000003557e-01
4.635000000000003562e-01
4.640000000000003566e-01
4.645000000000003570e-01
4.650000000000003575e-01
4.655000000000003579e-01
4.660000000000003584e-01
4.665000000000003588e-01
4.670000000000003593e-01
4.675000000000003597e-01
4.680000000000003602e-01
4.685000000000003606e-01
4.690000000000003610e-01
4.695000000000003615e-01
4.700000000000003619e-01
4.705000000000003624e-01
4.710000000000003628e-01
4.715000000000003633e-01
4.720000000000003637e-01
4.725000000000003642e-01
4.730000000000003646e-01
4.735000000000003650e-01
4.740000000000003655e-01
4.745000000000003659e-01
4.750000000000003664e-01
4.755000000000003668e-01
4.760000000000003673e-01
4.765000000000003677e-01
4.770000000000003681e-01
4.775000000000003686e-01
4.780000000000003690e-01
4.785000000000003695e-01
4.790000000000003699e-01
4.795000000000003704e-01
4.800000000000003708e-01
4.805000000000003713e-01
4.810000000000003717e-01
4.815000000000003721e-01
4.820000000000003726e-01
4.825000000000003730e-01
4.830000000000003735e-01
4.835000000000003739e-01
4.840000000000003744e-01
4.845000000000003748e-01
4.850000000000003753e-01
4.855000000000003757e-01
4.860000000000003761e-01
4.865000000000003766e-01
4.870000000000003770e-01
4.875000000000003775e-01
4.880000000000003779e-01
4.885000000000003784e-01
4.890000000000003788e-01
4.895000000000003793e-01
4.900000000000003797e-01
4.905000000000003801e-01
4.910000000000003806e-01
4.915000000000003810e-01
4.920000000000003815e-01
4.925000000000003819e-01
4.930000000000003824e-01
4.935000000000003828e-01
4.940000000000003832e-01
4.945000000000003837e-01
4.950000000000003841e-01
4.955000000000003846e-01
4.960000000000003850e-01
4.965000000000003855e-01
4.970000000000003859e-01
4.975000000000003864e-01
4.980000000000003868e-01
4.985000000000003872e-01
4.990000000000003877e-01
4.995000000000003881e-01
5.000000000000003331e-01
5.005000000000002780e-01
5.010000000000002229e-01
5.015000000000001679e-01
5.020000000000001128e-01
5.025000000000000577e-01
5.030000000000000027e-01
5.034999999999999476e-01
5.039999999999998925e-01
5.044999999999998375e-01
5.049999999999997824e-01
5.054999999999997273e-01
5.059999999999996723e-01
5.064999999999996172e-01
5.069999999999995621e-01
5.074999999999995071e-01
5.079999999999994520e-01
5.084999999999993969e-01
5.089999999999993419e-01
5.094999999999992868e-01
5.099999999999992317e-01
5.104999999999991767e-01
5.109999999999991216e-01
5.114999999999990665e-01
5.119999999999990115e-01
5.124999999999989564e-01
5.129999999999989013e-01
5.134999999999988463e-01
5.139999999999987912e-01
5.144999999999987361e-01
5.149999999999986811e-01
5.154999999999986260e-01
5.159999999999985709e-01
5.164999999999985159e-01
5.169999999999984608e-01
5.174999999999984057e-01
5.179999999999983507e-01
5.184999999999982956e-01
5.189999999999982405e-01
5.194999999999981855e-01
5.199999999999981304e-01
5.204999999999980753e-01
5.209999999999980203e-01
5.214999999999979652e-01
5.219999999999979101e-01
5.224999999999978550e-01
5.229999999999978000e-01
5.234999999999977449e-01
5.239999999999976898e-01
5.244999999999976348e-01
5.249999999999975797e-01
5.254999999999975246e-01
5.259999999999974696e-01
5.264999999999974145e-01
5.269999999999973594e-01
5.274999999999973044e-01
5.279999999999972493e-01
5.284999999999971942e-01
5.289999999999971392e-01
5.294999999999970841e-01
5.299999999999970290e-01
5.304999999999969740e-01
5.309999999999969189e-01
5.314999999999968638e-01
5.319999999999968088e-01
5.324999999999967537e-01
5.329999999999966986e-01
5.334999999999966436e-01
5.339999999999965885e-01
5.344999999999965334e-01
5.349999999999964784e-01
5.354999999999964233e-01
5.359999999999963682e-01
5.364999999999963132e-01
5.369999999999962581e-01
5.374999999999962030e-01
5.379999999999961480e-01
5.384999999999960929e-01
5.389999999999960378e-01
5.394999999999959828e-01
5.399999999999959277e-01
5.404999999999958726e-01
5.409999999999958176e-01
5.414999999999957625e-01
5.419999999999957074e-01
5.424999999999956524e-01
5.429999999999955973e-01
5.434999999999955422e-01
5.439999999999954872e-01
5.444999999999954321e-01
5.449999999999953770e-01
5.454999999999953220e-01
5.459999999999952669e-01
5.464999999999952118e-01
5.469999999999951568e-01
5.474999999999951017e-01
5.479999999999950466e-01
5.484999999999949916e-01
5.489999999999949365e-01
5.494999999999948814e-01
5.499999999999948264e-01
5.504999999999947713e-01
5.509999999999947162e-01
5.514999999999946612e-01
5.519999999999946061e-01
5.524999999999945510e-01
5.529999999999944960e-01
5.534999999999944409e-01
5.539999999999943858e-01
5.544999999999943308e-01
5.549999999999942757e-01
5.554999999999942206e-01
5.559999999999941656e-01
5.564999999999941105e-01
5.569999999999940554e-01
5.574999999999940004e-01
5.579999999999939453e-01
5.584999999999938902e-01
5.589999999999938352e-01
5.594999999999937801e-01
5.599999999999937250e-01
5.604999999999936700e-01
5.609999999999936149e-01
5.614999999999935598e-01
5.619999999999935048e-01
5.624999999999934497e-01
5.629999999999933946e-01
5.634999999999933396e-01
5.639999999999932845e-01
5.644999999999932294e-01
5.649999999999931743e-01
5.654999999999931193e-01
5.659999999999930642e-01
5.664999999999930091e-01
5.669999999999929541e-01
5.674999999999928990e-01
5.679999999999928439e-01
5.684999999999927889e-01
5.689999999999927338e-01
5.694999999999926787e-01
5.699999999999926237e-01
5.704999999999925686e-01
5.709999999999925135e-01
5.714999999999924585e-01
5.719999999999924034e-01
5.724999999999923483e-01
5.729999999999922933e-01
5.734999999999922382e-01
5.739999999999921831e-01
5.744999999999921281e-01
5.749999999999920730e-01
5.754999999999920179e-01
5.759999999999919629e-01
5.764999999999919078e-01
5.769999999999918527e-01
5.774999999999917977e-01
5.779999999999917426e-01
5.784999999999916875e-01
5.789999999999916325e-01
5.794999999999915774e-01
5.799999999999915223e-01
5.804999999999914673e-01
5.809999999999914122e-01
5.814999999999913571e-01
5.819999999999913021e-01
5.824999999999912470e-01
5.829999999999911919e-01
5.834999999999911369e-01
5.839999999999910818e-01
5.844999999999910267e-01
5.849999999999909717e-01
5.854999999999909166e-01
5.859999999999908615e-01
5.864999999999908065e-01
5.869999999999907514e-01
5.874999999999906963e-01
5.879999999999906413e-01
5.884999999999905862e-01
5.889999999999905311e-01
5.894999999999904761e-01
5.899999999999904210e-01
5.904999999999903659e-01
5.909999999999903109e-01
5.914999999999902558e-01
5.919999999999902007e-01
5.924999999999901457e-01
5.929999999999900906e-01
5.934999999999900355e-01
5.939999999999899805e-01
5.944999999999899254e-01
5.949999999999898703e-01
5.954999999999898153e-01
5.959999999999897602e-01
5.964999999999897051e-01
5.969999999999896501e-01
5.974999999999895950e-01
5.979999999999895399e-01
5.984999999999894849e-01
5.989999999999894298e-01
5.994999999999893747e-01
5.999999999999893197e-01
6.004999999999892646e-01
6.009999999999892095e-01
6.014999999999891545e-01
6.019999999999890994e-01
6.024999999999890443e-01
6.029999999999889893e-01
6.034999999999889342e-01
6.039999999999888791e-01
6.044999999999888241e-01
6.049999999999887690e-01
6.054999999999887139e-01
6.059999999999886588e-01
6.064999999999886038e-01
6.069999999999885487e-01
6.074999999999884936e-01
6.079999999999884386e-01
6.084999999999883835e-01
6.089999999999883284e-01
6.094999999999882734e-01
6.099999999999882183e-01
6.104999999999881632e-01
6.109999999999881082e-01
6.114999999999880531e-01
6.119999999999879980e-01
6.124999999999879430e-01
6.129999999999878879e-01
6.134999999999878328e-01
6.139999999999877778e-01
6.144999999999877227e-01
6.149999999999876676e-01
6.154999999999876126e-01
6.159999999999875575e-01
6.164999999999875024e-01
6.169999999999874474e-01
6.174999999999873923e-01
6.179999999999873372e-01
6.184999999999872822e-01
6.189999999999872271e-01
6.194999999999871720e-01
6.199999999999871170e-01
6.204999999999870619e-01
6.209999999999870068e-01
6.214999999999869518e-01
6.219999999999868967e-01
6.224999999999868416e-01
6.229999999999867866e-01
6.234999999999867315e-01
6.239999999999866764e-01
6.244999999999866214e-01
6.249999999999865663e-01
6.254999999999865112e-01
6.259999999999864562e-01
6.264999999999864011e-01
6.269999999999863460e-01
6.274999999999862910e-01
6.279999999999862359e-01
6.284999999999861808e-01
6.289999999999861258e-01
6.294999999999860707e-01
6.299999999999860156e-01
6.304999999999859606e-01
6.309999999999859055e-01
6.314999999999858504e-01
6.319999999999857954e-01
6.324999999999857403e-01
6.329999999999856852e-01
6.334999999999856302e-01
6.339999999999855751e-01
6.344999999999855200e-01
6.349999999999854650e-01
6.354999999999854099e-01
6.359999999999853548e-01
6.364999999999852998e-01
6.369999999999852447e-01
6.374999999999851896e-01
6.379999999999851346e-01
6.384999999999850795e-01
6.389999999999850244e-01
6.394999999999849694e-01
6.399999999999849143e-01
6.404999999999848592e-01
6.409999999999848042e-01
6.414999999999847491e-01
6.419999999999846940e-01
6.424999999999846390e-01
6.429999999999845839e-01
6.434999999999845288e-01
6.439999999999844738e-01
6.444999999999844187e-01
6.449999999999843636e-01
6.454999999999843086e-01
6.459999999999842535e-01
6.464999999999841984e-01
6.469999999999841434e-01
6.474999999999840883e-01
6.479999999999840332e-01
6.484999999999839781e-01
6.489999999999839231e-01
6.494999999999838680e-01
6.499999999999838129e-01
6.504999999999837579e-01
6.509999999999837028e-01
6.514999999999836477e-01
6.519999999999835927e-01
6.524999999999835376e-01
6.529999999999834825e-01
6.534999999999834275e-01
6.539999999999833724e-01
6.544999999999833173e-01
6.549999999999832623e-01
6.554999999999832072e-01
6.559999999999831521e-01
6.564999999999830971e-01
6.569999999999830420e-01
6.574999999999829869e-01
6.579999999999829319e-01
6.584999999999828768e-01
6.589999999999828217e-01
6.594999999999827667e-01
6.599999999999827116e-01
6.604999999999826565e-01
6.609999999999826015e-01
6.614999999999825464e-01
6.619999999999824913e-01
6.624999999999824363e-01
6.629999999999823812e-01
6.634999999999823261e-01
6.639999999999822711e-01
6.644999999999822160e-01
6.649999999999821609e-01
6.654999999999821059e-01
6.659999999999820508e-01
6.664999999999819957e-01
6.669999999999819407e-01
6.674999999999818856e-01
6.679999999999818305e-01
6.684999999999817755e-01
6.689999999999817204e-01
6.694999999999816653e-01
6.699999999999816103e-01
6.704999999999815552e-01
6.709999999999815001e-01
6.714999999999814451e-01
6.719999999999813900e-01
6.724999999999813349e-01
6.729999999999812799e-01
6.734999999999812248e-01
6.739999999999811697e-01
6.744999999999811147e-01
6.749999999999810596e-01
6.754999999999810045e-01
6.759999999999809495e-01
6.764999999999808944e-01
6.769999999999808393e-01
6.774999999999807843e-01
6.779999999999807292e-01
6.784999999999806741e-01
6.789999999999806191e-01
6.794999999999805640e-01
6.799999999999805089e-01
6.804999999999804539e-01
6.809999999999803988e-01
6.814999999999803437e-01
6.819999999999802887e-01
6.824999999999802336e-01
6.829999999999801785e-01
6.834999999999801235e-01
6.839999999999800684e-01
6.844999999999800133e-01
6.849999999999799583e-01
6.854999999999799032e-01
6.859999999999798481e-01
6.864999999999797931e-01
6.869999999999797380e-01
6.874999999999796829e-01
6.879999999999796279e-01
6.884999999999795728e-01
6.889999999999795177e-01
6.894999999999794627e-01
6.899999999999794076e-01
6.904999999999793525e-01
6.909999999999792974e-01
6.914999999999792424e-01
6.919999999999791873e-01
6.924999999999791322e-01
6.929999999999790772e-01
6.934999999999790221e-01
6.939999999999789670e-01
6.944999999999789120e-01
6.949999999999788569e-01
6.954999999999788018e-01
6.959999999999787468e-01
6.964999999999786917e-01
6.969999999999786366e-01
6.974999999999785816e-01
6.979999999999785265e-01
6.984999999999784714e-01
6.989999999999784164e-01
6.994999999999783613e-01
6.999999999999783062e-01
7.004999999999782512e-01
7.009999999999781961e-01
7.014999999999781410e-01
7.019999999999780860e-01
7.024999999999780309e-01
7.029999999999779758e-01
7.034999999999779208e-01
7.039999999999778657e-01
7.044999999999778106e-01
7.049999999999777556e-01
7.054999999999777005e-01
7.059999999999776454e-01
7.064999999999775904e-01
7.069999999999775353e-01
7.074999999999774802e-01
7.079999999999774252e-01
7.084999999999773701e-01
7.089999999999773150e-01
7.094999999999772600e-01
7.099999999999772049e-01
7.104999999999771498e-01
7.109999999999770948e-01
7.114999999999770397e-01
7.119999999999769846e-01
7.124999999999769296e-01
7.129999999999768745e-01
7.134999999999768194e-01
7.139999999999767644e-01
7.144999999999767093e-01
7.149999999999766542e-01
7.154999999999765992e-01
7.159999999999765441e-01
7.164999999999764890e-01
7.169999999999764340e-01
7.174999999999763789e-01
7.179999999999763238e-01
7.184999999999762688e-01
7.189999999999762137e-01
7.194999999999761586e-01
7.199999999999761036e-01
7.204999999999760485e-01
7.209999999999759934e-01
7.214999999999759384e-01
7.219999999999758833e-01
7.224999999999758282e-01
7.229999999999757732e-01
7.234999999999757181e-01
7.239999999999756630e-01
7.244999999999756080e-01
7.249999999999755529e-01
7.254999999999754978e-01
7.259999999999754428e-01
7.264999999999753877e-01
7.269999999999753326e-01
7.274999999999752776e-01
7.279999999999752225e-01
7.284999999999751674e-01
7.289999999999751124e-01
7.294999999999750573e-01
7.299999999999750022e-01
7.304999999999749472e-01
7.309999999999748921e-01
7.314999999999748370e-01
7.319999999999747820e-01
7.324999999999747269e-01
7.329999999999746718e-01
7.334999999999746167e-01
7.339999999999745617e-01
7.344999999999745066e-01
7.349999999999744515e-01
7.354999999999743965e-01
7.359999999999743414e-01
7.364999999999742863e-01
7.369999999999742313e-01
7.374999999999741762e-01
7.379999999999741211e-01
7.384999999999740661e-01
7.389999999999740110e-01
7.394999999999739559e-01
7.399999999999739009e-01
7.404999999999738458e-01
7.409999999999737907e-01
7.414999999999737357e-01
7.419999999999736806e-01
7.424999999999736255e-01
7.429999999999735705e-01
7.434999999999735154e-01
7.439999999999734603e-01
7.444999999999734053e-01
7.449999999999733502e-01
7.454999999999732951e-01
7.459999999999732401e-01
7.464999999999731850e-01
7.469999999999731299e-01
7.474999999999730749e-01
7.479999999999730198e-01
7.484999999999729647e-01
7.489999999999729097e-01
7.494999999999728546e-01
7.499999999999727995e-01
7.504999999999727445e-01
7.509999999999726894e-01
7.514999999999726343e-01
7.519999999999725793e-01
7.524999999999725242e-01
7.529999999999724691e-01
7.534999999999724141e-01
7.539999999999723590e-01
7.544999999999723039e-01
7.549999999999722489e-01
7.554999999999721938e-01
7.559999999999721387e-01
7.564999999999720837e-01
7.569999999999720286e-01
7.574999999999719735e-01
7.579999999999719185e-01
7.584999999999718634e-01
7.589999999999718083e-01
7.594999999999717533e-01
7.599999999999716982e-01
7.604999999999716431e-01
7.609999999999715881e-01
7.614999999999715330e-01
7.619999999999714779e-01
7.624999999999714229e-01
7.629999999999713678e-01
7.634999999999713127e-01
7.639999999999712577e-01
7.644999999999712026e-01
7.649999999999711475e-01
7.654999999999710925e-01
7.659999999999710374e-01
7.664999999999709823e-01
7.669999999999709273e-01
7.674999999999708722e-01
7.679999999999708171e-01
7.684999999999707621e-01
7.689999999999707070e-01
7.694999999999706519e-01
7.699999999999705969e-01
7.704999999999705418e-01
7.709999999999704867e-01
7.714999999999704317e-01
7.719999999999703766e-01
7.724999999999703215e-01
7.729999999999702665e-01
7.734999999999702114e-01
7.739999999999701563e-01
7.744999999999701012e-01
7.749999999999700462e-01
7.754999999999699911e-01
7.759999999999699360e-01
7.764999999999698810e-01
7.769999999999698259e-01
7.774999999999697708e-01
7.779999999999697158e-01
7.784999999999696607e-01
7.789999999999696056e-01
7.794999999999695506e-01
7.799999999999694955e-01
7.804999999999694404e-01
7.809999999999693854e-01
7.814999999999693303e-01
7.819999999999692752e-01
7.824999999999692202e-01
7.829999999999691651e-01
7.834999999999691100e-01
7.839999999999690550e-01
7.844999999999689999e-01
7.849999999999689448e-01
7.854999999999688898e-01
7.859999999999688347e-01
7.864999999999687796e-01
7.869999999999687246e-01
7.874999999999686695e-01
7.879999999999686144e-01
7.884999999999685594e-01
7.889999999999685043e-01
7.894999999999684492e-01
7.899999999999683942e-01
7.904999999999683391e-01
7.909999999999682840e-01
7.914999999999682290e-01
7.919999999999681739e-01
7.924999999999681188e-01
7.929999999999680638e-01
7.934999999999680087e-01
7.939999999999679536e-01
7.944999999999678986e-01
7.949999999999678435e-01
7.954999999999677884e-01
7.959999999999677334e-01
7.964999999999676783e-01
7.969999999999676232e-01
7.974999999999675682e-01
7.979999999999675131e-01
7.984999999999674580e-01
7.989999999999674030e-01
7.994999999999673479e-01
7.999999999999672928e-01
