4.154650177105945197e+00
1.221885979065443983e+01
1.786800397206792113e+01
1.727200179296131566e+01
1.477011523491720268e+01
1.446680828983494038e+01
1.432653446167044109e+01
1.425888360452455039e+01
1.422730925617798015e+01
1.421307481607984968e+01
1.420677762040350345e+01
1.420398137056131205e+01
1.420270395540276098e+01
1.420209164836821358e+01
1.420178129327751293e+01
1.420161580946522939e+01
1.420152412209192505e+01
1.420147199593485610e+01
1.420144186906135353e+01
1.420142426767266208e+01
1.420141390330406672e+01
1.420140776050905806e+01
1.420140409746402810e+01
1.420140189954410914e+01
1.420140057198131522e+01
1.420139976438986906e+01
1.420139926928572294e+01
1.420139896318964645e+01
1.420139877222092295e+01
1.420139865191667106e+01
1.420139857534724115e+01
