-6.278198822999112028e-03
2.269807349660224460e-02
1.634617558665612813e-01
3.500247984654499822e-01
4.867833790280116091e-01
5.797860820189135733e-01
6.420845376756071365e-01
6.839075936436322944e-01
7.119094504450536043e-01
7.302468455593560392e-01
7.418688928189651755e-01
7.490319031280514572e-01
7.533943964210909616e-01
7.560719703059955998e-01
7.577530266005814141e-01
7.588374742681459617e-01
7.595525394408740860e-01
7.600299242160770685e-01
7.603499063658860635e-01
7.605641884672547093e-01
7.607073415202011413e-01
7.608028193742207845e-01
7.608665080575687245e-01
7.609090757525449611e-01
7.609376226868005411e-01
7.609568464712905822e-01
7.609698490967284901e-01
7.609786821498640830e-01
7.609847077851570329e-01
7.609888348533927482e-01
7.609916727682968229e-01
