0.000000000000000000e+00
-4.303386119420218175e-02
-7.277513432191509701e-02
-7.848690157163067116e-02
-7.231922005423502275e-02
-6.606024411618775793e-02
-6.386919629461537684e-02
-6.452571575049681485e-02
-6.573700097532386710e-02
-6.634723000660679160e-02
-6.635070078763849466e-02
-6.614220683815089097e-02
-6.599684651284716541e-02
-6.596843037644668784e-02
-6.599903644977515860e-02
-6.603001845174279183e-02
-6.604085828123580637e-02
-6.603764285811830614e-02
-6.603167276138173503e-02
-6.602865679801510346e-02
-6.602863542392937990e-02
-6.602966320526554300e-02
-6.603038115474219039e-02
-6.603052223235120199e-02
-6.603037158791913441e-02
-6.603021867138147982e-02
-6.603016502603645255e-02
-6.603018079790630435e-02
-6.603021024591607113e-02
-6.603022515299467043e-02
-6.603022527956430021e-02
-6.603022021401662445e-02
-6.603021666816509538e-02
-6.603021596776728619e-02
-6.603021670926630116e-02
-6.603021746401875613e-02
-6.603021772950161405e-02
