-4.999999999999998715e-07
-1.500000000000000462e-06
-2.999999999999994147e-06
-5.000000000000023279e-06
-7.500000000000234818e-06
-1.050000000000206618e-05
-1.400000000001414016e-05
-1.800000000008162055e-05
-2.250000000042012976e-05
-2.750000000195439059e-05
-3.300000000832479819e-05
-3.900000003271305546e-05
-4.550000011925962477e-05
-5.250000040506232484e-05
-6.000000128559911756e-05
-6.800000382034147644e-05
-7.650001064101087525e-05
-8.550002778675423905e-05
-9.500006797195234489e-05
-1.050001554439713519e-04
-1.155003310476754129e-04
-1.265006520826951713e-04
-1.380011733833559130e-04
-1.500018827639831983e-04
-1.625025473671768631e-04
-1.755024155664374776e-04
-1.889997295117819265e-04
-2.029910633426692396e-04
-2.174706398760588126e-04
-2.324300025064196821e-04
-2.478586846678996298e-04
-2.637466985509349026e-04
-2.800895457850021753e-04
-2.968958034890410713e-04
-3.141960536548923629e-04
-3.320502171959188774e-04
-3.505488980040068810e-04
-3.698041858127693038e-04
-3.899275178867172165e-04
-4.109969196924520844e-04
-4.330220669062868552e-04
-4.559204124644087772e-04
-4.795177091574680966e-04
-5.035794380227455545e-04
-5.278669852305547909e-04
-5.521990231483282687e-04
-5.764919913077012296e-04
-6.007597346987723864e-04
-6.250709276386226315e-04
-6.494855141748656548e-04
-6.740048550241734991e-04
-6.985643873565149618e-04
-7.230730602139843729e-04
-7.474742174406677183e-04
-7.717874325783372069e-04
-7.961022564524776642e-04
-8.205274714767298765e-04
-8.451314155644007583e-04
-8.699163675191686190e-04
-8.948453634404844289e-04
-9.199000309505666250e-04
-9.451235762320837203e-04
-9.706144787766159696e-04
-9.964762363457522597e-04
-1.022764872703624435e-03
-1.049477983825427424e-03
-1.076593772384572137e-03
-1.104125273907814904e-03
-1.132141747007591554e-03
-1.160738658961888879e-03
-1.189984210514693184e-03
-1.219891612453507038e-03
-1.250442117218556306e-03
-1.281636087820277586e-03
-1.313523118384242114e-03
-1.346182872051607379e-03
-1.379676329417063108e-03
-1.414015750957714869e-03
-1.449182458095451360e-03
-1.485173477797097031e-03
-1.522029467811769838e-03
-1.559816210518802371e-03
-1.598579940070143403e-03
-1.638323272229248815e-03
-1.679026077939127287e-03
-1.720688082065452039e-03
-1.763347671022560612e-03
-1.807057820524342415e-03
-1.851846377881393368e-03
-1.897703975190454147e-03
-1.944611639808133943e-03
-1.992576538267394875e-03
-2.041636401690477640e-03
-2.091829074678671577e-03
-2.143162472161619803e-03
-2.195618493852016448e-03
-2.249185067698355935e-03
-2.303879016272297742e-03
-2.359734465485964494e-03
-2.416771977448043361e-03
-2.474984999313691644e-03
-2.534358398877944139e-03
-2.594895683915290560e-03
-2.656622233925863899e-03
-2.719561316999373913e-03
-2.783711494403243950e-03
-2.849050418403708488e-03
-2.915557100517218291e-03
-2.983223674611964506e-03
-3.052043554224572863e-03
-3.121994465930953006e-03
-3.193042312681633726e-03
-3.265166666217766186e-03
-3.338383128922073426e-03
-3.412742974838349659e-03
-3.488317444630023231e-03
-3.565187156139503714e-03
-3.643441002856326588e-03
-3.723167830978220145e-03
-3.804428524750307333e-03
-3.887221603377919842e-03
-3.971468854354503510e-03
-4.057031185796177060e-03
-4.143739742530712714e-03
-4.231424050520390945e-03
-4.319936507101696486e-03
-4.409181294615543631e-03
-4.499140799139995928e-03
-4.589876454466267248e-03
-4.681492723262994406e-03
-4.774085180563895393e-03
-4.867708326526849066e-03
-4.962377232722994108e-03
-5.058086337973183126e-03
-5.154825448397544821e-03
-5.252594169609548815e-03
-5.351424466163632460e-03
-5.451400647855341765e-03
-5.552648236126458969e-03
-5.655283610882679175e-03
-5.759359594494858209e-03
-5.864854441499697119e-03
-5.971711622835951423e-03
-6.079889538857498332e-03
-6.189379773367370205e-03
-6.300194980156466687e-03
-6.412355315433162888e-03
-6.525883852232804844e-03
-6.640792769780437706e-03
-6.757052694781176538e-03
-6.874575289410498995e-03
-6.993243761984453515e-03
-7.112976582324048377e-03
-7.233763716225625508e-03
-7.355636175288374559e-03
-7.478599987067402477e-03
-7.602601378958151815e-03
-7.727549535602015220e-03
-7.853360485514883707e-03
-7.979976754635614150e-03
-8.107361692780869558e-03
-8.235496164772945424e-03
-8.364382615008420993e-03
-8.494032173143721900e-03
-8.624428630200490706e-03
-8.755506992451490486e-03
-8.887183952207437787e-03
-9.019419256526816156e-03
-9.152242661524109466e-03
-9.285714162878185365e-03
-9.419859867404957801e-03
-9.554650492315446692e-03
-9.690036446976775866e-03
-9.825992893146201501e-03
-9.962531406050755683e-03
-1.009968370827133040e-02
-1.023748659321953650e-02
-1.037597478376240008e-02
-1.051516877520253766e-02
-1.065506231151188386e-02
-1.079563470016469198e-02
-1.093689063191065867e-02
-1.107888674805969018e-02
-1.122170605564129856e-02
-1.136539928212943265e-02
-1.150995532248965184e-02
-1.165533165582732789e-02
-1.180150681184590801e-02
-1.194849690589577969e-02
-1.209632762992000725e-02
-1.224500376788490580e-02
-1.239451006809047344e-02
-1.254483429912730229e-02
-1.269598746949586639e-02
-1.284801609559383870e-02
-1.300101190998632222e-02
-1.315510728405653619e-02
-1.331043853096539227e-02
-1.346709156771886198e-02
-1.362507574180126663e-02
-1.378434836483193385e-02
-1.394485420742151878e-02
-1.410652818152817282e-02
-1.426926293529180365e-02
-1.443289769488001646e-02
-1.459726590371857209e-02
-1.476226910931549736e-02
-1.492791231085900151e-02
-1.509427798593485082e-02
-1.526147345554133838e-02
-1.542959251024582888e-02
-1.559869844270711861e-02
-1.576881789645067852e-02
-1.593994655295940047e-02
-1.611207139747888525e-02
-1.628519468253030941e-02
-1.645933663102760319e-02
-1.663452071098613788e-02
-1.681077061859391833e-02
-1.698812775904406935e-02
-1.716665587261680809e-02
-1.734640203420549295e-02
-1.752733957939006312e-02
-1.770935543179201141e-02
-1.789230488156678955e-02
-1.807608455570353448e-02
-1.826065823717534786e-02
-1.844602586572314726e-02
-1.863217959982300248e-02
-1.881908354705352435e-02
-1.900667394638470148e-02
-1.919486373791187001e-02
-1.938355276899252078e-02
-1.957264966931270347e-02
-1.976209283243434908e-02
-1.995185204863124742e-02
-2.014191543561675082e-02
-2.033228245766242892e-02
-2.052296435650012921e-02
-2.071397040010021506e-02
-2.090527725009473994e-02
-2.109681837075086733e-02
-2.128852457013897387e-02
-2.148038666852820563e-02
-2.167247306026887435e-02
-2.186487756666094170e-02
-2.205764946781524696e-02
-2.225077333364180315e-02
-2.244420601303070972e-02
-2.263792186839076043e-02
-2.283192742595298655e-02
-2.302625166606440954e-02
-2.322093364576127347e-02
-2.341601054657631992e-02
-2.361150105213064357e-02
-2.380739410619154769e-02
-2.400365758741195010e-02
-2.420025998478722920e-02
-2.439718361785020440e-02
-2.459442443249149068e-02
-2.479199217104765748e-02
-2.498991213448612317e-02
-2.518820900959324594e-02
-2.538687004118836063e-02
-2.558582492393684030e-02
-2.578497760029360708e-02
-2.598426573670154296e-02
-2.618368136117166234e-02
-2.638322566302809397e-02
-2.658284876264048469e-02
-2.678244251537053450e-02
-2.698189164994537273e-02
-2.718112892744968187e-02
-2.738015137728324472e-02
-2.757900466777518309e-02
-2.777776115122654668e-02
-2.797649771858760209e-02
-2.817526978926729320e-02
-2.837409219982086825e-02
-2.857294098634041365e-02
-2.877176686407839981e-02
-2.897049767693695918e-02
-2.916902876179422108e-02
-2.936722458415430906e-02
-2.956494283922131081e-02
-2.976206336097680233e-02
-2.995850550068246410e-02
-3.015424312621967431e-02
-3.034932560358061596e-02
-3.054388009928432277e-02
-3.073806439074400557e-02
-3.093199023435169379e-02
-3.112568393779649445e-02
-3.131912093995096319e-02
-3.151229319656502492e-02
-3.170523988381459407e-02
-3.189802531132349128e-02
-3.209070742107317936e-02
-3.228333344649446379e-02
-3.247595221882594585e-02
-3.266861601484476879e-02
-3.286136858655695075e-02
-3.305423220968722875e-02
-3.324719687418994929e-02
-3.344021108231785139e-02
-3.363318911684270995e-02
-3.382604899439393964e-02
-3.401876087648297853e-02
-3.421136152254081186e-02
-3.440391925562756581e-02
-3.459648417790500002e-02
-3.478906508459848196e-02
-3.498163611563558095e-02
-3.517415268192524563e-02
-3.536657232388732558e-02
-3.555888743214765529e-02
-3.575115260712172227e-02
-3.594347190517131058e-02
-3.613594589542428598e-02
-3.632862850262894017e-02
-3.652153540178910279e-02
-3.671468358999446097e-02
-3.690810942929152738e-02
-3.710185141763586852e-02
-3.729593388352003824e-02
-3.749037919907548949e-02
-3.768523001916319198e-02
-3.788054939006535449e-02
-3.807639718708763499e-02
-3.827280506989365338e-02
-3.846976337450619399e-02
-3.866722186704451419e-02
-3.886511091252630584e-02
-3.906338345284549041e-02
-3.926204829216566744e-02
-3.946115473181230349e-02
-3.966073241615900719e-02
-3.986074364784200630e-02
-4.006109580386724850e-02
-4.026169626020437153e-02
-4.046249382551886375e-02
-4.066347990634346099e-02
-4.086466754371170101e-02
-4.106606941856445064e-02
-4.126767528696424076e-02
-4.146943213503093140e-02
-4.167124713689456666e-02
-4.187302029599271336e-02
-4.207467797389862624e-02
-4.227617585206951134e-02
-4.247748098623111562e-02
-4.267856825454382358e-02
-4.287943861334452683e-02
-4.308012978765763529e-02
-4.328070134981350237e-02
-4.348121525314131708e-02
-4.368173699786528225e-02
-4.388234692435804413e-02
-4.408313270279052426e-02
-4.428415876187114658e-02
-4.448543539165270011e-02
-4.468690472010408699e-02
-4.488844541520752018e-02
-4.508990104180335412e-02
-4.529113719132367433e-02
-4.549210332785958572e-02
-4.569284983806651962e-02
-4.589348097353519035e-02
-4.609408883818278541e-02
-4.629473105697991947e-02
-4.649545927146855884e-02
-4.669634861550622795e-02
-4.689748882245325934e-02
-4.709895003590627155e-02
-4.730075942126503452e-02
-4.750290373079163464e-02
-4.770535089306755100e-02
-4.790808115379906196e-02
-4.811111442466021321e-02
-4.831451074736693718e-02
-4.851833328898782355e-02
-4.872260005445771397e-02
-4.892726530002365626e-02
-4.913223871659245373e-02
-4.933741310807180508e-02
-4.954267975341380970e-02
-4.974794361747526122e-02
-4.995315034550010941e-02
-5.015830402102949143e-02
-5.036344721665464430e-02
-5.056861332697294709e-02
-5.077379330371523808e-02
-5.097894103301777585e-02
-5.118400266756166495e-02
-5.138894507971004944e-02
-5.159377353286015433e-02
-5.179853417125836884e-02
-5.200329458580642272e-02
-5.220811183356809798e-02
-5.241301905751432483e-02
-5.261804664540014470e-02
-5.282324796724625210e-02
-5.302868738518994735e-02
-5.323439677302212875e-02
-5.344035432887455500e-02
-5.364651846651059125e-02
-5.385288523778577335e-02
-5.405951195406367982e-02
-5.426648769327193506e-02
-5.447387949577910116e-02
-5.468169338604995239e-02
-5.488987161387928054e-02
-5.509832747792273860e-02
-5.530699859134007718e-02
-5.551588175237291700e-02
-5.572502230273246315e-02
-5.593447207816817923e-02
-5.614425836345497689e-02
-5.635438490049841237e-02
-5.656484604882555667e-02
-5.677563278206892300e-02
-5.698673871213769115e-02
-5.719817958102050431e-02
-5.741000894023320922e-02
-5.762230079612915695e-02
-5.783510665766659897e-02
-5.804842980230444371e-02
-5.826224003959262071e-02
-5.847650577630843227e-02
-5.869121221611970501e-02
-5.890636688443696978e-02
-5.912200941288238421e-02
-5.933822187588750491e-02
-5.955512227066902392e-02
-5.977284318873974517e-02
-5.999151509159704465e-02
-6.021125740642252477e-02
-6.043216099280408760e-02
-6.065426181117830606e-02
-6.087753386785753340e-02
-6.110191746990878414e-02
-6.132735492444493786e-02
-6.155379342313622298e-02
-6.178115654783265798e-02
-6.200932806304966516e-02
-6.223818143231057282e-02
-6.246764135321012518e-02
-6.269773143233764445e-02
-6.292856846477930255e-02
-6.316029775800874324e-02
-6.339300658129934374e-02
-6.362667746069751440e-02
-6.386121811441473894e-02
-6.409653758756110598e-02
-6.433259535667935902e-02
-6.456938640712862887e-02
-6.480689979786566357e-02
-6.504510718272296654e-02
-6.528398243938084156e-02
-6.552350759723461759e-02
-6.576364733180346811e-02
-6.600432705655062682e-02
-6.624544654376940400e-02
-6.648690997130472791e-02
-6.672863359041442122e-02
-6.697053066673762378e-02
-6.721250875897916144e-02
-6.745449551620709416e-02
-6.769646736483643512e-02
-6.793844946632345005e-02
-6.818048714646551822e-02
-6.842261407969882359e-02
-6.866483778559349938e-02
-6.890714500812590571e-02
-6.914951776226249680e-02
-6.939194837662124304e-02
-6.963444770214348434e-02
-6.987705090985142642e-02
-7.011982555183152166e-02
-7.036287056668950879e-02
-7.060628671678607915e-02
-7.085012440566371139e-02
-7.109435177728104516e-02
-7.133888111469650906e-02
-7.158363741496469312e-02
-7.182860998550100184e-02
-7.207384663910750000e-02
-7.231940466970682158e-02
-7.256530164687208240e-02
-7.281149562904332129e-02
-7.305789964704946515e-02
-7.330441927938426139e-02
-7.355098921618992425e-02
-7.379758073050339540e-02
-7.404417550409325699e-02
-7.429073810238308317e-02
-7.453722253468872405e-02
-7.478360584563746583e-02
-7.502990609770389396e-02
-7.527616084520989681e-02
-7.552238915892181548e-02
-7.576857464298368539e-02
-7.601467852439493245e-02
-7.626066437069604909e-02
-7.650651594162094504e-02
-7.675224003035360787e-02
-7.699785105342039915e-02
-7.724334376050494277e-02
-7.748867651937305090e-02
-7.773378594835089750e-02
-7.797862534873335749e-02
-7.822319685944752188e-02
-7.846755890201558004e-02
-7.871181546570495124e-02
-7.895609610947618151e-02
-7.920052249286338442e-02
-7.944516312414877379e-02
-7.969000115983376764e-02
-7.993494159796150911e-02
-8.017985241584048295e-02
-8.042460697940419234e-02
-8.066910333333637828e-02
-8.091326184159357282e-02
-8.115701449756590469e-02
-8.140029704140386291e-02
-8.164305382557596191e-02
-8.188526019676353740e-02
-8.212694831436340159e-02
-8.236820802414981935e-02
-8.260915063037216344e-02
-8.284985806841592415e-02
-8.309035302299061510e-02
-8.333060495850280747e-02
-8.357056147693235626e-02
-8.381018634767931075e-02
-8.404948641536807985e-02
-8.428851130136612302e-02
-8.452732423931286210e-02
-8.476596860707802383e-02
-8.500446034045339161e-02
-8.524280401019540543e-02
-8.548099836291606080e-02
-8.571901396626525893e-02
-8.595677409717880635e-02
-8.619418197225756084e-02
-8.643118800127479184e-02
-8.666783768619247541e-02
-8.690425075742418126e-02
-8.714054661008735492e-02
-8.737678043968175046e-02
-8.761294061356295071e-02
-8.784899995026702879e-02
-8.808496862243715697e-02
-8.832090250518041807e-02
-8.855686742391843946e-02
-8.879290039956658220e-02
-8.902900502636215685e-02
-8.926517787630762479e-02
-8.950143235370443262e-02
-8.973779590012184726e-02
-8.997428702147890200e-02
-9.021089295786903495e-02
-9.044755978249316430e-02
-9.068419588306148027e-02
-9.092068833867184008e-02
-9.115692932422120309e-02
-9.139284114856571772e-02
-9.162838500125815300e-02
-9.186354645660596563e-02
-9.209830224842265045e-02
-9.233258264440483143e-02
-9.256625395355413954e-02
-9.279914560105953503e-02
-9.303111737417540938e-02
-9.326211926822966514e-02
-9.349219049052613639e-02
-9.372139784021277231e-02
-9.394977253890962610e-02
-9.417729839705629713e-02
-9.440394262796193703e-02
-9.462968222656156780e-02
-9.485450334919882931e-02
-9.507839188117847562e-02
-9.530133427441002392e-02
-9.552332151036233010e-02
-9.574434336895025488e-02
-9.596437938138974166e-02
-9.618340054739844824e-02
-9.640138095744321678e-02
-9.661830915426618260e-02
-9.683419911503526878e-02
-9.704910561207900910e-02
-9.726313216404422479e-02
-9.747640812579466685e-02
-9.768903397975807479e-02
-9.790103112871380298e-02
-9.811233630866959821e-02
-9.832284028891324912e-02
-9.853243017595196551e-02
-9.874099992427978756e-02
-9.894843683094819986e-02
-9.915462220366612345e-02
-9.935946705434801907e-02
-9.956295820417435105e-02
-9.976516862064668811e-02
-9.996621431909420707e-02
-1.001661895586454659e-01
-1.003651311472518320e-01
-1.005630347401881564e-01
-1.007599017162831151e-01
-1.009557738190240000e-01
-1.011507262281402808e-01
-1.013448244522238556e-01
-1.015380827858008567e-01
-1.017304657680205560e-01
-1.019219371507555927e-01
-1.021125115802369032e-01
-1.023022567770260904e-01
-1.024912437034402740e-01
-1.026794937226402221e-01
-1.028669651238941357e-01
-1.030535736633867022e-01
-1.032392203148818355e-01
-1.034238211199782626e-01
-1.036073460560186094e-01
-1.037898470449069993e-01
-1.039714376951460240e-01
-1.041522259731845618e-01
-1.043322555733506851e-01
-1.045115062438051051e-01
-1.046899399836453137e-01
-1.048675392254404953e-01
-1.050443094561291923e-01
-1.052202659760072823e-01
-1.053954313824735645e-01
-1.055698420318607750e-01
-1.057435448871630601e-01
-1.059165780769968368e-01
-1.060889472028669345e-01
-1.062606150683102352e-01
-1.064315147872949285e-01
-1.066015806154622381e-01
-1.067707753848469027e-01
-1.069390935346520438e-01
-1.071065405808224041e-01
-1.072731126098574600e-01
-1.074387961946820236e-01
-1.076035839628629032e-01
-1.077674844490644074e-01
-1.079305141007254609e-01
-1.080926809660940624e-01
-1.082539809603257908e-01
-1.084144185807328492e-01
-1.085740402043761516e-01
-1.087329494450040568e-01
-1.088912843005482300e-01
-1.090491732039263473e-01
-1.092067108795410635e-01
-1.093639702221963217e-01
-1.095210198114469069e-01
-1.096779111629066356e-01
-1.098346471512506861e-01
-1.099911799445392746e-01
-1.101474597011789097e-01
-1.103034948544164146e-01
-1.104593646031057780e-01
-1.106151675495417458e-01
-1.107709509844490153e-01
-1.109266862681727306e-01
-1.110823191445862862e-01
-1.112378558909322829e-01
-1.113934030106176337e-01
-1.115491094972638764e-01
-1.117050512948896956e-01
-1.118611576400260349e-01
-1.120172378098654997e-01
-1.121730692127368284e-01
-1.123284661742590534e-01
-1.124832983017198251e-01
-1.126374872722219339e-01
-1.127910075169875348e-01
-1.129438799390938553e-01
-1.130961466303416624e-01
-1.132478448260582499e-01
-1.133990034789104512e-01
-1.135496550893296958e-01
-1.136998365168398611e-01
-1.138495716047123463e-01
-1.139988554065601706e-01
-1.141476604083302843e-01
-1.142959635764751042e-01
-1.144437724150619839e-01
-1.145911243662843665e-01
-1.147380542623607919e-01
-1.148845583285366678e-01
-1.150305926810270829e-01
-1.151761061712650303e-01
-1.153210634390112038e-01
-1.154654283338424903e-01
-1.156091372417408641e-01
-1.157521102837972271e-01
-1.158942946633253618e-01
-1.160356875256678272e-01
-1.161763160990489929e-01
-1.163162118950554214e-01
-1.164554131840663670e-01
-1.165939764894518837e-01
-1.167319618130195635e-01
-1.168693994239163869e-01
-1.170062763160114178e-01
-1.171425551372802798e-01
-1.172782045143717783e-01
-1.174132235063290869e-01
-1.175476581462107373e-01
-1.176815995240002577e-01
-1.178151465881117355e-01
-1.179483473406375549e-01
-1.180811669394188496e-01
-1.182135142644073489e-01
-1.183453025513585138e-01
-1.184764928768008846e-01
-1.186070980636795280e-01
-1.187371645520603203e-01
-1.188667549619522867e-01
-1.189959319632525603e-01
-1.191247329473550109e-01
-1.192531433943473246e-01
-1.193811020868448258e-01
-1.195085595846148707e-01
-1.196355527409511676e-01
-1.197622156297524360e-01
-1.198886976277505623e-01
-1.200150698411234507e-01
-1.201413302581459258e-01
-1.202675019442532300e-01
-1.203936943711741148e-01
-1.205200387283296981e-01
-1.206465698199058884e-01
-1.207731940298100159e-01
-1.208997711098897671e-01
-1.210262083407392109e-01
-1.211524807202269127e-01
-1.212785943140956418e-01
-1.214045515436533995e-01
-1.215303401619115403e-01
-1.216559409910686479e-01
-1.217813524841583478e-01
-1.219066135744375223e-01
-1.220317866399936030e-01
-1.221569012520067193e-01
-1.222819199479405483e-01
-1.224067661957303210e-01
-1.225313679774146097e-01
-1.226556531961487534e-01
-1.227795169270331083e-01
-1.229028290039943655e-01
-1.230254856345913278e-01
-1.231474445000858425e-01
-1.232687252221148916e-01
-1.233894176271464055e-01
-1.235096982347829997e-01
-1.236297877380000826e-01
-1.237498386677930717e-01
-1.238698635812285620e-01
-1.239897973379799206e-01
-1.241096237233378086e-01
-1.242294174338237495e-01
-1.243492761237697253e-01
-1.244692604758081828e-01
-1.245894182126778410e-01
-1.247098220332333307e-01
-1.248305306136025666e-01
-1.249515112506097425e-01
-1.250726401932495124e-01
-1.251938023650408238e-01
-1.253149765839632057e-01
-1.254362032998364573e-01
-1.255574781336904200e-01
-1.256787076404880799e-01
-1.257997837250678375e-01
-1.259206822722186148e-01
-1.260414659537124893e-01
-1.261622028447640098e-01
-1.262829164159115225e-01
-1.264036116831313561e-01
-1.265242933864255404e-01
-1.266449184605462908e-01
-1.267653694268647269e-01
-1.268855416732195263e-01
-1.270054547323611061e-01
-1.271252152013147840e-01
-1.272448550595342842e-01
-1.273642682755209976e-01
-1.274833378187011645e-01
-1.276020568604065986e-01
-1.277204544944765263e-01
-1.278384440446479753e-01
-1.279558375616575427e-01
-1.280725090399627286e-01
-1.281884599164011262e-01
-1.283037092246797073e-01
-1.284182105892633097e-01
-1.285319275192034205e-01
-1.286449090547728824e-01
-1.287571981880240302e-01
-1.288686982651622015e-01
-1.289792245604368115e-01
-1.290886964142374804e-01
-1.291972121880912983e-01
-1.293049267694008631e-01
-1.294119225764353842e-01
-1.295182171462311016e-01
-1.296238141999101201e-01
-1.297286803553510670e-01
-1.298327092528781257e-01
-1.299357731171898456e-01
-1.300377984272810539e-01
-1.301387456551818811e-01
-1.302385355914267573e-01
-1.303370640971938665e-01
-1.304343001903600086e-01
-1.305303098841405496e-01
-1.306251539739430034e-01
-1.307188123615029840e-01
-1.308112591105452804e-01
-1.309025784702810002e-01
-1.309929277497592637e-01
-1.310823610922230431e-01
-1.311707395915046592e-01
-1.312578592510761644e-01
-1.313436432625488537e-01
-1.314281586334991037e-01
-1.315114563016895888e-01
-1.315934735119778098e-01
-1.316741389691583330e-01
-1.317535239863989460e-01
-1.318318223698002611e-01
-1.319092060935465605e-01
-1.319857789595666464e-01
-1.320616584600798893e-01
-1.321369825261770325e-01
-1.322117756521095921e-01
-1.322859014121851584e-01
-1.323592435443573523e-01
-1.324318770247975841e-01
-1.325039581664460842e-01
-1.325754994113938490e-01
-1.326463949449159796e-01
-1.327166426667311105e-01
-1.327863437593653773e-01
-1.328554184725366516e-01
-1.329235128351968220e-01
-1.329903384207618000e-01
-1.330559718529518709e-01
-1.331206295323979771e-01
-1.331842436080437897e-01
-1.332465172256560026e-01
-1.333073937661741482e-01
-1.333671865488899322e-01
-1.334261241498557460e-01
-1.334840032601912752e-01
-1.335404997522400272e-01
-1.335956612850104086e-01
-1.336498219145422495e-01
-1.337030909579691174e-01
-1.337552224657676536e-01
-1.338060426527671598e-01
-1.338557320964239017e-01
-1.339045268350916862e-01
-1.339523491053520865e-01
-1.339989735013738248e-01
-1.340444459704585312e-01
-1.340890503957043733e-01
-1.341328404448797473e-01
-1.341754713708601388e-01
-1.342166325402208704e-01
-1.342564612537707758e-01
-1.342953373664094174e-01
-1.343333827335904118e-01
-1.343704019391872839e-01
-1.344062879014623346e-01
-1.344412095005940999e-01
-1.344752935156520446e-01
-1.345083644717396665e-01
-1.345402309621748504e-01
-1.345710906695625486e-01
-1.346013572739552244e-01
-1.346311065506909377e-01
-1.346600090589545884e-01
-1.346879009919564330e-01
-1.347150927120126518e-01
-1.347418577272025131e-01
-1.347678624341660802e-01
-1.347924887573281605e-01
-1.348156283705730374e-01
-1.348377251738714644e-01
-1.348589821154105306e-01
-1.348789940198064918e-01
-1.348974141308655894e-01
-1.349145814534774279e-01
-1.349310556642572267e-01
-1.349467662877923968e-01
-1.349611450964675607e-01
-1.349740354864602532e-01
-1.349859023764486410e-01
-1.349970009429352635e-01
-1.350068740712479232e-01
-1.350150090875586462e-01
-1.350215633303666896e-01
-1.350269582312670358e-01
-1.350310453730696469e-01
-1.350333017804531688e-01
-1.350337926177862524e-01
-1.350332798633046005e-01
-1.350321757492820018e-01
-1.350299565085884557e-01
-1.350259998048894405e-01
-1.350205494587362887e-01
-1.350142861642220637e-01
-1.350071897885747330e-01
-1.349985119559005964e-01
-1.349879044386088633e-01
-1.349759078145767177e-01
-1.349630296294288268e-01
-1.349488890473944935e-01
-1.349327892097174075e-01
-1.349147782047630528e-01
-1.348954724220736145e-01
-1.348749034195657337e-01
-1.348522622291848660e-01
-1.348270255136396478e-01
-1.347997266739143218e-01
-1.347711425054543555e-01
-1.347411633663465336e-01
-1.347091437269068714e-01
-1.346751535266978717e-01
-1.346400591943839320e-01
-1.346042192960328343e-01
-1.345669031626189338e-01
-1.345274872616527007e-01
-1.344865860281081182e-01
-1.344452420740803178e-01
-1.344033774682416860e-01
-1.343600129427414414e-01
-1.343149738931778414e-01
-1.342693248783240201e-01
-1.342237330875231671e-01
-1.341773788215894492e-01
-1.341292795879052979e-01
-1.340799580767763899e-01
-1.340306844874635528e-01
-1.339813977323887906e-01
-1.339306991845469197e-01
-1.338780628894881142e-01
-1.338247512357190749e-01
-1.337718862423467880e-01
-1.337187131289488407e-01
-1.336638725212235812e-01
-1.336076428971243457e-01
-1.335515164779199349e-01
-1.334957683881126400e-01
-1.334389950546465420e-01
-1.333804269945190746e-01
-1.333212708485195797e-01
-1.332628513323312891e-01
-1.332045106264635459e-01
-1.331446942434962033e-01
-1.330834804247787717e-01
-1.330224275766387354e-01
-1.329619045220077900e-01
-1.329002316550912666e-01
-1.328361549961369348e-01
-1.327707874916266018e-01
-1.327058926055132426e-01
-1.326411556301352601e-01
-1.325747883094123281e-01
-1.325065134426239299e-01
-1.324381570113937479e-01
-1.323708242412726388e-01
-1.323031406979505997e-01
-1.322334527971545104e-01
-1.321625278466862785e-01
-1.320923906983768603e-01
-1.320230183649417632e-01
-1.319522135412278530e-01
-1.318790156132486902e-01
-1.318052928610298491e-01
-1.317328820279111690e-01
-1.316607358951917828e-01
-1.315867041009480265e-01
-1.315111585235604619e-01
-1.314366140770816538e-01
-1.313637858132188641e-01
-1.312904098981771961e-01
-1.312148513431698194e-01
-1.311387571629069049e-01
-1.310643932290471159e-01
-1.309908476373032871e-01
-1.309153547857869471e-01
-1.308377414445448528e-01
-1.307608280320632366e-01
-1.306859448845318905e-01
-1.306107204353626761e-01
-1.305327905219632045e-01
-1.304534865614749573e-01
-1.303755336919270036e-01
-1.302984295690261529e-01
-1.302191427882137542e-01
-1.301371003445843944e-01
-1.300553592481570597e-01
-1.299758508604755836e-01
-1.298962931060808068e-01
-1.298139230279672374e-01
-1.297301138646374252e-01
-1.296483811845674794e-01
-1.295687432048688303e-01
-1.294875505030279594e-01
-1.294032241090339319e-01
-1.293188210039929453e-01
-1.292372289359042803e-01
-1.291565317919901312e-01
-1.290730473818152979e-01
-1.289872109948119461e-01
-1.289029289685389990e-01
-1.288212442652106604e-01
-1.287384523096230804e-01
-1.286517972745515326e-01
-1.285637416172600855e-01
-1.284779731568413130e-01
-1.283933875850674367e-01
-1.283057994845112626e-01
-1.282146416854526849e-01
-1.281239296757429313e-01
-1.280357332503690160e-01
-1.279466735083695239e-01
-1.278533246660945866e-01
-1.277578979310994012e-01
-1.276649220251737105e-01
-1.275738761013996414e-01
-1.274798369804720499e-01
-1.273813576236240974e-01
-1.272830418648288608e-01
-1.271883456205159524e-01
-1.270939512120533577e-01
-1.269950212300382242e-01
-1.268929903819736582e-01
-1.267933646788214908e-01
-1.266966677896330384e-01
-1.265973039951656665e-01
-1.264924629204342843e-01
-1.263868915044890351e-01
-1.262856148522944477e-01
-1.261859578582931740e-01
-1.260819531242167169e-01
-1.259740968575495668e-01
-1.258688810064495789e-01
-1.257684563973145153e-01
-1.256670908180929358e-01
-1.255603038750702505e-01
-1.254520836556573815e-01
-1.253485882534146334e-01
-1.252481216808866704e-01
-1.251437985307000955e-01
-1.250345792674613099e-01
-1.249271350313416740e-01
-1.248252430113726275e-01
-1.247237222120939487e-01
-1.246168588959483126e-01
-1.245077129561390772e-01
-1.244034331179972586e-01
-1.243036086541216972e-01
-1.242007417094917188e-01
-1.240921241740561703e-01
-1.239842611882792794e-01
-1.238824234919890105e-01
-1.237818601837358257e-01
-1.236752810865705682e-01
-1.235646044783760833e-01
-1.234582997746141719e-01
-1.233577300337145438e-01
-1.232546121533010519e-01
-1.231439358351179569e-01
-1.230319728275070801e-01
-1.229264045190347071e-01
-1.228237839785588925e-01
-1.227150107790300759e-01
-1.225999665178000575e-01
-1.224882148254131803e-01
-1.223838164996504108e-01
-1.222787270489497924e-01
-1.221657364697968789e-01
-1.220502219147727996e-01
-1.219418376151638894e-01
-1.218385883249359786e-01
-1.217297321668703441e-01
-1.216128601839998463e-01
-1.214981682804996549e-01
-1.213922380121759681e-01
-1.212871607684671560e-01
-1.211731390980309436e-01
-1.210541682901444399e-01
-1.209419685648656373e-01
-1.208367110487503920e-01
-1.207263951391707724e-01
-1.206058850890312784e-01
-1.204854082217395178e-01
-1.203743447385131199e-01
-1.202656832331253367e-01
-1.201471805602042087e-01
-1.200209276932205776e-01
-1.199006696343953293e-01
-1.197896872554326392e-01
-1.196753302528460322e-01
-1.195491502325483207e-01
-1.194205839741767916e-01
-1.193023400576132681e-01
-1.191896372042839242e-01
-1.190679208707832726e-01
-1.189360008714824835e-01
-1.188085875075614029e-01
-1.186927303320677307e-01
-1.185761084520684933e-01
-1.184465654791962280e-01
-1.183113941990224793e-01
-1.181862345666843950e-01
-1.180694206214405878e-01
-1.179445475323945142e-01
-1.178064146550102942e-01
-1.176698654951374295e-01
-1.175462517239780902e-01
-1.174247648685911583e-01
-1.172899757688658090e-01
-1.171465457044600228e-01
-1.170127711115750979e-01
-1.168905824046390651e-01
-1.167619319992736909e-01
-1.166171717650845568e-01
-1.164707763955426245e-01
-1.163387157555316603e-01
-1.162119760045645239e-01
-1.160710383763764453e-01
-1.159166837525938548e-01
-1.157698431938033873e-01
-1.156377547055315452e-01
-1.155019718038327314e-01
-1.153477869447202819e-01
-1.151878403255095912e-01
-1.150428958523424111e-01
-1.149075362405768547e-01
-1.147589616074028152e-01
-1.145927374781898767e-01
-1.144306982749956625e-01
-1.142859029637646046e-01
-1.141411598715394438e-01
-1.139769691151509418e-01
-1.138024707101872451e-01
-1.136421879796872120e-01
-1.134955455302668753e-01
-1.133379694835730395e-01
-1.131596551920250882e-01
-1.129819367182004347e-01
-1.128236740885365103e-01
-1.126700401350364811e-01
-1.124970084677674037e-01
-1.123091664645916865e-01
-1.121343511951464478e-01
-1.119783817126165371e-01
-1.118159946919551201e-01
-1.116310487655586270e-01
-1.114424125252275466e-01
-1.112749173796226815e-01
-1.111178958388939764e-01
-1.109430349552609218e-01
-1.107484296147018543e-01
-1.105635179001311919e-01
-1.104016207117764631e-01
-1.102381566048504652e-01
-1.100500110678559601e-01
-1.098516759022868522e-01
-1.096741349297272600e-01
-1.095134089992537973e-01
-1.093378145975110877e-01
-1.091370614899040969e-01
-1.089398965464191404e-01
-1.087684633660167266e-01
-1.086018073723136745e-01
-1.084104832297601018e-01
-1.082021370882306627e-01
-1.080120140858307765e-01
-1.078446493402415579e-01
-1.076675050450176530e-01
-1.074621527254723680e-01
-1.072542187083009718e-01
-1.070737985344799859e-01
-1.069050626351889105e-01
-1.067134377276105495e-01
-1.064987937548180497e-01
-1.062986716485345984e-01
-1.061265408137987698e-01
-1.059500323874025679e-01
-1.057425783488441795e-01
-1.055250199051457893e-01
-1.053351511930188111e-01
-1.051640264880984166e-01
-1.049722767999101414e-01
-1.047502966218188530e-01
-1.045361320113422504e-01
-1.043545774825072325e-01
-1.041766618925281385e-01
-1.039674942265728513e-01
-1.037394161096987788e-01
-1.035362010448419856e-01
-1.033595097461394302e-01
-1.031684229694233984e-01
-1.029425595455220332e-01
-1.027155427063920629e-01
-1.025225803865351115e-01
-1.023414137249213374e-01
-1.021308908348426553e-01
-1.018927886955216106e-01
-1.016737265717404387e-01
-1.014877553525726783e-01
-1.012954805982521772e-01
-1.010663952794267628e-01
-1.008264896933601662e-01
-1.006201681841185358e-01
-1.004347005977703072e-01
-1.002247269997743329e-01
-9.998026232752467435e-02
-9.974703736787336739e-02
-9.955183167650855092e-02
-9.935899542896163561e-02
-9.912898104115706877e-02
-9.887808439511158731e-02
-9.865832727287532355e-02
-9.846888674817375064e-02
-9.826164688096282462e-02
-9.801390558918207652e-02
-9.776694332739614690e-02
-9.756104412875767073e-02
-9.736792822149406557e-02
-9.714025052454502984e-02
-9.688149772372195434e-02
-9.664763618052009397e-02
-9.645271035302382945e-02
-9.624977771577959695e-02
-9.600382020085720947e-02
-9.574644334369834808e-02
-9.552934686186718982e-02
-9.533573343108073250e-02
-9.511372644842429336e-02
-9.485202949147994445e-02
-9.460430635216465767e-02
-9.439987384637861523e-02
-9.419744253812437074e-02
-9.395287412237737779e-02
-9.368492966283056833e-02
-9.345272378914416811e-02
-9.325317815977378355e-02
-9.303290504996516996e-02
-9.276681972396373654e-02
-9.250223803779045184e-02
-9.228367868900602677e-02
-9.207854834331215266e-02
-9.183507551121354584e-02
-9.155676510459204165e-02
-9.130654516355399264e-02
-9.109848674378685784e-02
-9.088109331124089030e-02
-9.061597861069804749e-02
-9.033875132044072442e-02
-9.010727656674023811e-02
-8.990205155675790039e-02
-8.966650169127712844e-02
-8.938701148259568796e-02
-8.912378693642776517e-02
-8.890926782067586076e-02
-8.869848647256337038e-02
-8.844239135130692320e-02
-8.816001944858414818e-02
-8.791725119161877822e-02
-8.771113596097568355e-02
-8.748492894037905587e-02
-8.720952170012954974e-02
-8.693584129179243725e-02
-8.671300128641915017e-02
-8.650674827685736479e-02
-8.626160127730232718e-02
-8.597864430700806471e-02
-8.572586822291018704e-02
-8.551899045671240707e-02
-8.530460775651434180e-02
-8.504032101952045675e-02
-8.476212335638132200e-02
-8.453239041908169882e-02
-8.433119777621070345e-02
-8.409971880649945442e-02
-8.382113679642470838e-02
-8.355943131932197510e-02
-8.335027749956755438e-02
-8.314723545749611033e-02
-8.289723458099919340e-02
-8.261773104070488372e-02
-8.238028417017882743e-02
-8.218379230809549907e-02
-8.196921332368450885e-02
-8.170200864985269207e-02
-8.143426630840396030e-02
-8.122058854673529227e-02
-8.102703767377365807e-02
-8.079440010329679012e-02
-8.051923010880152054e-02
-8.027395474574230971e-02
-8.007828957045781682e-02
-7.987786245452956069e-02
-7.962492973604980151e-02
-7.935380612930011124e-02
-7.913279668138777090e-02
-7.894405984831193157e-02
-7.872673746056220445e-02
-7.845823765459836174e-02
-7.820415439265883395e-02
-7.800485535239462531e-02
-7.781448996443110500e-02
-7.757669033234149136e-02
-7.730510338479999743e-02
-7.707545665423713721e-02
-7.688905715499004534e-02
-7.668615169292453126e-02
-7.642730201969046011e-02
-7.616427728421569510e-02
-7.595674275190308911e-02
-7.577192478810629295e-02
-7.554847761370113435e-02
-7.527795475537624181e-02
-7.503569450390122630e-02
-7.484519055392827025e-02
-7.465211223777733218e-02
-7.440446521257765289e-02
-7.413414809508005188e-02
-7.391491814990132359e-02
-7.373146931064299137e-02
-7.352157180380358703e-02
-7.325652131941570722e-02
-7.300248605103902555e-02
-7.280525410520147234e-02
-7.262073277584021880e-02
-7.238974062114052199e-02
-7.212061992876464545e-02
-7.189224097410945591e-02
-7.170980859827218168e-02
-7.151478897064975082e-02
-7.126348768525378463e-02
-7.100498705207811123e-02
-7.080277061548598261e-02
-7.062604588338312894e-02
-7.041287623227837633e-02
-7.014938973697207314e-02
-6.991157173497053456e-02
-6.972695991489330503e-02
-6.954307136897225350e-02
-6.930519612657058681e-02
-6.904057163730793756e-02
-6.882608814289964405e-02
-6.864967267848648413e-02
-6.844977321270009907e-02
-6.819234273947211156e-02
-6.794191759268071451e-02
-6.774925250298040325e-02
-6.757255090164586420e-02
-6.735022227906495296e-02
-6.708406535308064633e-02
-6.685554298658399897e-02
-6.667544921147983139e-02
-6.648644122465549589e-02
-6.623926782562003512e-02
-6.597860316588503860e-02
-6.577379597471987027e-02
-6.559840090107131594e-02
-6.538979796201599415e-02
-6.512698719016092597e-02
-6.488568072171556345e-02
-6.469976892858179951e-02
-6.451923612626325744e-02
-6.428623310440499672e-02
-6.402134926796476666e-02
-6.380450363441940442e-02
-6.362838854169444724e-02
-6.343314152924059424e-02
-6.317970120331922734e-02
-6.292856565504155453e-02
-6.273475709712662829e-02
-6.255993045157356991e-02
-6.234315936855592405e-02
-6.207984896719530993e-02
-6.185075879619569145e-02
-6.167127825219791831e-02
-6.148762079794323904e-02
-6.124801754911316648e-02
-6.099021730973059469e-02
-6.078580929185705556e-02
-6.061364594667541933e-02
-6.041420386109597890e-02
-6.015995823188614172e-02
-5.992169688900162577e-02
-5.973821507840610529e-02
-5.956496074153378589e-02
-5.934378899984254357e-02
-5.908640861081973505e-02
-5.887237800158868356e-02
-5.870096603807140739e-02
-5.851648599025927044e-02
-5.827511927680105452e-02
-5.802993283536388852e-02
-5.784019987705713017e-02
-5.767321882067613648e-02
-5.746948734403868608e-02
-5.721681999995856249e-02
-5.699330558290965215e-02
-5.682030946680928507e-02
-5.664739951783451244e-02
-5.642109646137165313e-02
-5.617186244067270268e-02
-5.597376395355244116e-02
-5.581026083225744394e-02
-5.562371547576350217e-02
-5.538153996445087379e-02
-5.514988786165424955e-02
-5.497247054690739682e-02
-5.480818768371401722e-02
-5.460011282422948947e-02
-5.435282096684305314e-02
-5.414497568982436920e-02
-5.398017253187629982e-02
-5.380582827225836862e-02
-5.357573886011043895e-02
-5.333568878977537620e-02
-5.314791381482045912e-02
-5.298418787986078349e-02
-5.278820720540117889e-02
-5.254107850896296700e-02
-5.231647178397983572e-02
-5.214095907768702409e-02
-5.196895873616944050e-02
-5.174729626379509506e-02
-5.149746372006856754e-02
-5.129369287060785848e-02
-5.112503352757181985e-02
-5.093797056975142568e-02
-5.069549353319669632e-02
-5.045671240970957955e-02
-5.026968610190615111e-02
-5.009827576976427777e-02
-4.988759196039357219e-02
-4.963447562503392474e-02
-4.941497313793631607e-02
-4.923839458975966255e-02
-4.905665998343350376e-02
-4.882282752721354979e-02
-4.857471673948113994e-02
-4.837582711021377879e-02
-4.820273659731638682e-02
-4.800312039334084235e-02
-4.775340509392311111e-02
-4.752084115208341647e-02
-4.733549548570500920e-02
-4.715675677083053241e-02
-4.693439703753606723e-02
-4.668181168780036888e-02
-4.646954620642778505e-02
-4.629120274157019765e-02
-4.609934101239433757e-02
-4.585651948984453136e-02
-4.561258273697767901e-02
-4.541596735785923683e-02
-4.523611129027408501e-02
-4.502349723942783433e-02
-4.476877678412288786e-02
-4.454068215092969740e-02
-4.435332701745371697e-02
-4.416535961668312943e-02
-4.393173587433099603e-02
-4.367945777859624096e-02
-4.346946016434333204e-02
-4.328541486957852846e-02
-4.308184508918565941e-02
-4.283165618446733991e-02
-4.259115665531688910e-02
-4.239320092219053121e-02
-4.220451035888399260e-02
-4.198008444687304636e-02
-4.172425556935723673e-02
-4.150057148540742258e-02
-4.130870650017287593e-02
-4.110933151272620767e-02
-4.086640236850225261e-02
-4.061719358891277554e-02
-4.040784617749958174e-02
-4.021520822058098632e-02
-3.999889929281488787e-02
-3.974493109359277659e-02
-3.950960183523303387e-02
-3.930915019743862898e-02
-3.911170356702060175e-02
-3.887943329667828407e-02
-3.862784794249329856e-02
-3.840868766849656751e-02
-3.821212283591570585e-02
-3.800448602435253093e-02
-3.775979637210004347e-02
-3.751877003976397673e-02
-3.731131171172190342e-02
-3.711449722282954972e-02
-3.689402799559117485e-02
-3.664612542231138193e-02
-3.641944858794721185e-02
-3.621816647817535650e-02
-3.601562166581389474e-02
-3.578151596803468698e-02
-3.553769997907628431e-02
-3.532195373565426982e-02
-3.512141184289612611e-02
-3.490888147316807688e-02
-3.466809756913441509e-02
-3.443704665715390661e-02
-3.423128237120205003e-02
-3.403135248686781078e-02
-3.381053535178780989e-02
-3.357341806910153770e-02
-3.335693115532974151e-02
-3.315703397006213027e-02
-3.295401647613219881e-02
-3.272724735160596060e-02
-3.249973027383167706e-02
-3.229336259863502950e-02
-3.209562595836344678e-02
-3.188746068123403388e-02
-3.166137142373315339e-02
-3.144656498210052220e-02
-3.124689023745397601e-02
-3.104993976001661077e-02
-3.083727504002731559e-02
-3.061643373053964459e-02
-3.040969023140810065e-02
-3.021165942993030151e-02
-3.001196190474571604e-02
-2.979706286632666928e-02
-2.958379962508292382e-02
-2.938107878164017417e-02
-2.918353120180612256e-02
-2.898002755590559087e-02
-2.876634864733075905e-02
-2.855875740403267943e-02
-2.835663606330181274e-02
-2.815761834663480997e-02
-2.795014101027434861e-02
-2.773902151620489392e-02
-2.753279099303545391e-02
-2.733024093509963531e-02
-2.712979105518375372e-02
-2.692305867926458526e-02
-2.671700157884780366e-02
-2.651159965062988705e-02
-2.631023450844732423e-02
-2.610943764150552154e-02
-2.590573420270538690e-02
-2.570130934416653065e-02
-2.549525582680989971e-02
-2.529518652516197369e-02
-2.509607284832618065e-02
-2.489557093192552861e-02
-2.468958707334201544e-02
-2.448474722381623059e-02
-2.428841412904035255e-02
-2.409428576518487380e-02
-2.389497844781333230e-02
-2.368680692239792315e-02
-2.348546509306449412e-02
-2.329424121676585899e-02
-2.310359336556140619e-02
-2.290083535731722228e-02
-2.269292100880974244e-02
-2.249883992185714235e-02
-2.231571554065488877e-02
-2.212655989311280991e-02
-2.192032798611671246e-02
-2.171761860894604046e-02
-2.153338181118177874e-02
-2.135667109928525084e-02
-2.116370004538652150e-02
-2.095596270777055209e-02
-2.076188372416330405e-02
-2.058819881659865875e-02
-2.041320634969022094e-02
-2.021404034979113265e-02
-2.001000961075618395e-02
-1.982794696740150173e-02
-1.966271310127661043e-02
-1.948161329035566491e-02
-1.927508121367037253e-02
-1.907745206337873797e-02
