-5.000849289101753740e-05
-1.499886384197818170e-04
-2.995549068393096436e-04
-4.972275935430602294e-04
-7.396498972545595971e-04
-1.022246168699966632e-03
-1.343117105393210877e-03
-1.709772140282933735e-03
-2.144053760448808021e-03
-2.678587120771369536e-03
-3.343003296762236953e-03
-4.148267332331306324e-03
-5.082676392026780343e-03
-6.124796585925011694e-03
-7.262111929727079959e-03
-8.497153086947631731e-03
-9.835763528972500322e-03
-1.127227906923753374e-02
-1.278979071385419851e-02
-1.437491370221592561e-02
-1.602840830618455087e-02
-1.775886548272560470e-02
-1.956867849589043543e-02
-2.144991473074744914e-02
-2.339158604091982896e-02
-2.538321583257734451e-02
-2.740734985792976641e-02
-2.943431013565828494e-02
-3.143382607315096944e-02
-3.339530999874604222e-02
-3.533351670729078381e-02
-3.727216352605337846e-02
-3.922425909209382999e-02
-4.118932883117375904e-02
-4.316479486186078351e-02
-4.515431066841914254e-02
-4.716589804949750109e-02
-4.920697051118214094e-02
-5.128154835385419913e-02
-5.338726197479393837e-02
-5.551336477607658748e-02
-5.764753223072083960e-02
-5.979047809355306220e-02
-6.196235749872931742e-02
-6.419001699764438629e-02
-6.648773335110461091e-02
-6.885254642164462258e-02
-7.127445525353026667e-02
-7.374240410601581863e-02
-7.623842770080140052e-02
-7.873517712140722102e-02
-8.120833384824123480e-02
-8.365000856719517763e-02
-8.606336443771329947e-02
-8.844426057531643015e-02
-9.077508643224108109e-02
-9.303965109498464614e-02
-9.523929777773977590e-02
-9.738925747275344047e-02
-9.949941681284742157e-02
