-4.090082882368971709e-04
-1.723311689999523603e-03
-4.210994352508990769e-03
-8.126463257575166493e-03
-1.342666565451374784e-02
-1.983025155217373742e-02
-2.701785705221580736e-02
-3.472166526818212806e-02
-4.277577138288429781e-02
-5.110690623508409858e-02
-5.967259887907203075e-02
-6.839546051024641971e-02
-7.713162749941170071e-02
-8.568420763963228992e-02
-9.384077125044715251e-02
-1.014137629815161368e-01
-1.082619716079206984e-01
-1.142894672757228530e-01
-1.194281453916729158e-01
-1.236188666472896325e-01
-1.268013390745942603e-01
-1.289167166666432829e-01
-1.299184709687331019e-01
-1.297842819704044803e-01
-1.285225856599763461e-01
-1.261716934639900978e-01
-1.227935769800132942e-01
-1.184663291059131068e-01
-1.132789652990042195e-01
-1.073297410279105829e-01
-1.007271538348578355e-01
-9.359128216274445466e-02
-8.605368616420523697e-02
-7.825497256681289426e-02
-7.034072661632884138e-02
-6.245692239796744871e-02
-5.474610130226068710e-02
-4.734471384072996836e-02
-4.038153382842017691e-02
-3.397643402048489830e-02
-2.823902984601805305e-02
-2.326686824153137434e-02
-1.914338043617345650e-02
-1.593591917209096626e-02
-1.369430204906900775e-02
-1.244999912531972487e-02
-1.221595740607429523e-02
-1.298684549619228377e-02
-1.473954701473681288e-02
-1.743377832151682752e-02
-2.101285635144137590e-02
-2.540469000623513454e-02
-3.052308663345465814e-02
-3.626939874294195926e-02
-4.253446935106583449e-02
-4.920078655067949142e-02
-5.614474501685971786e-02
-6.323894582349476323e-02
-7.035448995510582004e-02
-7.736326053293529625e-02
-8.414017642192994639e-02
-9.056540504774962530e-02
-9.652648390040069470e-02
-1.019203086194891417e-01
-1.066549244540330593e-01
-1.106510907216209788e-01
-1.138435812878970249e-01
-1.161822189984766107e-01
-1.176326270423899006e-01
-1.181767030401917190e-01
-1.178127997873273242e-01
-1.165556177845899349e-01
-1.144357988876621435e-01
-1.114992368438928183e-01
-1.078061103794139830e-01
-1.034296695679725181e-01
-9.845479438980113407e-02
-9.297636327589337002e-02
-8.709745560557639876e-02
-8.092742773398889367e-02
-7.457989010951042441e-02
-6.817062769824251689e-02
-6.181549573008272846e-02
-5.562833478052321007e-02
-4.971893851988243990e-02
-4.419111541380518066e-02
-3.914087437294708899e-02
-3.465476936835618776e-02
-3.080842736534736281e-02
-2.766528720893043219e-02
-2.527556728119401824e-02
-2.367548120247363677e-02
-2.288671141828016800e-02
-2.291615008185614658e-02
-2.375590775765502524e-02
-2.538358884579835009e-02
-2.776282489220465236e-02
-3.084405487210155339e-02
-3.456553522197923500e-02
-3.885456018139118312e-02
