0.000000000000000000e+00
1.081929312928459938e-07
3.262632665635623072e-07
6.345460490953429704e-07
1.015042024198312011e-06
1.456265184014275314e-06
1.952594325939985293e-06
2.502653050716349666e-06
3.107897698498824311e-06
3.771381258051508494e-06
4.496548812352632196e-06
5.286135381041896372e-06
6.141329743220547867e-06
7.061318715464919306e-06
8.043236075091567670e-06
9.082462414897968529e-06
1.017316797862994174e-05
1.130896338693267180e-05
1.248352632692085101e-05
1.369110240544113499e-05
1.492682378757675401e-05
1.618683533668721227e-05
1.746825374052987545e-05
1.876900609445463527e-05
2.008760160771711690e-05
2.142288719238963815e-05
2.277382844752470634e-05
2.413934483501105078e-05
2.551821372873161087e-05
2.690904427725440866e-05
2.831031038905355886e-05
2.972042414783562141e-05
3.113782748219463950e-05
3.256108089776602049e-05
3.398893262409480727e-05
3.542035800351430819e-05
3.685456590213621696e-05
3.829097496503221134e-05
3.972916682502421849e-05
4.116882567449348752e-05
4.260967400037790056e-05
4.405141311288242610e-05
4.549367485079861521e-05
4.693598815258294275e-05
4.837776130726287148e-05
4.981827857209154495e-05
5.125670845855194701e-05
5.269212106847635997e-05
5.412351498736874531e-05
5.554986926697503061e-05
5.697034971371932587e-05
5.747347627565280403e-05
1.298100998700889080e-03
-1.384636327769601678e-03
