9.999999999999961142e-01
9.999577959424190698e-01
9.998604490603990591e-01
9.996953142837491368e-01
9.994835387593242748e-01
9.992399022508072770e-01
9.989737389224353503e-01
9.985671076876467822e-01
9.980397150469003664e-01
9.974476605316859867e-01
9.967990050490008747e-01
9.960854100597210659e-01
9.953261040700047690e-01
9.945320811019907614e-01
9.937074877410796425e-01
9.928544137476515985e-01
9.919734328990421623e-01
9.910643352756773883e-01
9.901268590670061487e-01
9.891612669676217440e-01
9.881686816654612349e-01
9.871511654945159808e-01
9.861115820383640207e-01
9.850533068278179982e-01
9.839798633982169695e-01
9.828945558285839823e-01
9.818001549135123573e-01
9.806986763513324545e-01
9.795912688588724881e-01
9.784782106714022820e-01
9.773589969223619445e-01
9.762324898021657038e-01
9.750970990597387367e-01
9.739509620562946113e-01
9.727920989050949929e-01
9.716185273263069355e-01
9.704283316385132752e-01
9.692196890470387016e-01
9.679908628197323450e-01
9.667401754771499656e-01
9.654659757574640677e-01
9.641666113084772505e-01
9.628404155659135988e-01
9.614857129974527794e-01
9.601008425741850427e-01
9.586841957978200490e-01
9.572342630738179814e-01
9.557496807648928616e-01
9.542292702921529868e-01
9.526720578174280307e-01
9.510772449716506927e-01
9.494142397568700042e-01
