-2.500161117645346114e-05
-1.000291609100461524e-04
-2.251926993520930904e-04
-4.004157783796099472e-04
-6.232948149398338626e-04
-8.849514244816756442e-04
-1.172912473401668040e-03
-1.492106841421357273e-03
-1.882322396793851757e-03
-2.389491609619519025e-03
-3.020933064170482248e-03
-3.763663807094703995e-03
-4.624662554222838499e-03
-5.607808222116223568e-03
-6.697731435636750802e-03
-7.891916565085395699e-03
-9.190265683531255447e-03
-1.057659060441706531e-02
-1.204255215073221814e-02
-1.358087455253154802e-02
-1.518558092292506163e-02
-1.687698274668259640e-02
-1.867257340685912759e-02
-2.056172549959166609e-02
-2.251132067692333122e-02
-2.448036043532447747e-02
-2.645779212317355897e-02
-2.844539032152950189e-02
-3.042538298915693079e-02
-3.238829149504859894e-02
-3.434020135527673240e-02
-3.628652217981798156e-02
-3.822484018056434424e-02
-4.016257274587801962e-02
-4.212976153401017110e-02
-4.413884718493731041e-02
-4.618074124526541646e-02
-4.824039333149240938e-02
-5.029209565486512240e-02
-5.233354902397207437e-02
-5.439393883577451488e-02
-5.649481805082133545e-02
-5.863399823510829362e-02
-6.081586325572697904e-02
-6.305875001531720259e-02
-6.536349779566417995e-02
-6.772561467324107742e-02
-7.014360187329046759e-02
-7.261227187915990366e-02
-7.511469422674971197e-02
-7.760630874685083003e-02
-8.005626954256860051e-02
-8.247167704173712088e-02
-8.486551997833328975e-02
-8.724365528435418238e-02
-8.960468630906004428e-02
-9.192838094010107042e-02
-9.419568889627058517e-02
-9.641133680652173854e-02
-9.856479053894341702e-02
