0.000000000000000000e+00
0.000000000000000000e+00
4.177463541460685548e+00
1.228328375588153065e+01
1.795773707042424405e+01
1.735656554095888637e+01
1.484455773791937361e+01
1.454270113866875569e+01
1.440262996206649682e+01
1.433486821523235299e+01
1.430313885553805520e+01
1.428877556100984769e+01
1.428238734588589942e+01
1.427953102181493428e+01
1.427821483194485630e+01
1.427757748459233156e+01
1.427725081742705271e+01
1.427707461315573667e+01
1.427697583491732125e+01
1.427691899810404053e+01
1.427688573105757897e+01
