0.000000000000000000e+00
0.000000000000000000e+00
-2.563096684483137655e-02
-1.866557101028312737e-02
1.532856586202056004e-01
4.464348373079102261e-01
6.909824722960423715e-01
8.546869845288675993e-01
9.594503106072492793e-01
1.022352157823588570e+00
1.059217709222993964e+00
1.081047710493718617e+00
1.094391946045418562e+00
1.102840009351039319e+00
1.108326243607172135e+00
1.111937149382336676e+00
1.114326326706545300e+00
1.115909989207572783e+00
1.116961049429291641e+00
1.117659952446412808e+00
1.118125920774197812e+00
