-4.999999999999998715e-07
-1.500000000000000462e-06
-3.000000000001141453e-06
-5.000000000025007363e-06
-7.500000000284640530e-06
-1.050000000221330837e-05
-1.400000001308005536e-05
-1.800000006224705584e-05
-2.250000024690756783e-05
-2.750000083367119323e-05
-3.300000242364792090e-05
-3.900000607953212713e-05
-4.550001300991729584e-05
-5.250002280520600867e-05
-6.000002832939724701e-05
-6.800000448132167172e-05
-7.649988785393994559e-05
-8.549954591757351905e-05
-9.499873880363000965e-05
-1.049970844319177810e-04
-1.154940474694101055e-04
-1.264889813699021572e-04
-1.379812559474005002e-04
-1.499704959150915192e-04
-1.624569359169771151e-04
-1.754418660878059952e-04
-1.889281051627469640e-04
-2.029204054650849982e-04
-2.174256766292808024e-04
-2.324529210315696862e-04
-2.480128062916759865e-04
-2.641168544548447186e-04
-2.807762928852638356e-04
-2.980006744420320413e-04
-3.157964206085009601e-04
-3.341654614167154200e-04
-3.531041370020033014e-04
-3.726024906891542204e-04
-3.926440309252166418e-04
-4.132059798985833216e-04
-4.342599708554991745e-04
-4.557731120961661456e-04
-4.777093080069231244e-04
-5.000307171912656262e-04
-5.226992327387982359e-04
-5.456778859802086318e-04
-5.689320980832659764e-04
-5.924307291849567917e-04
-6.161468989523340460e-04
-6.400585731971261466e-04
-6.641489272469357392e-04
-6.884065079347919053e-04
-7.128252226975095689e-04
-7.374041871298444868e-04
-7.621474623288335484e-04
-7.870637113656127467e-04
-8.121658010120030380e-04
-8.374703710405469095e-04
-8.629973894621198937e-04
-8.887697082710840088e-04
-9.148126308208913817e-04
-9.411534989484725104e-04
-9.678213054352947887e-04
-9.948463353236262560e-04
-1.022259837962973721e-03
-1.050093730391009166e-03
-1.078380331702872078e-03
-1.107152127375480308e-03
-1.136441562041524836e-03
-1.166280858904424804e-03
-1.196701863813311780e-03
-1.227735911943646663e-03
-1.259413715027296512e-03
-1.291765267125555023e-03
-1.324819767021700361e-03
-1.358605555413850904e-03
-1.393150065205599718e-03
-1.428479783313093719e-03
-1.464620222531006453e-03
-1.501595902122995329e-03
-1.539430335926928470e-03
-1.578146026890278305e-03
-1.617764467081334815e-03
-1.658306142355452312e-03
-1.699790540995994598e-03
-1.742236165790908434e-03
-1.785660549147667989e-03
-1.830080270981641628e-03
-1.875510979225799993e-03
-1.921967412893425082e-03
-1.969463427666807206e-03
-2.018012023973901007e-03
-2.067625377444878322e-03
-2.118314871511262076e-03
-2.170091131727198020e-03
-2.222964061170030429e-03
-2.276942876037944558e-03
-2.332036140335854053e-03
-2.388251798358038188e-03
-2.445597203574140493e-03
-2.504079142531407450e-03
-2.563703852525490382e-03
-2.624477032076670806e-03
-2.686403843673112676e-03
-2.749488908792256311e-03
-2.813736295850070412e-03
-2.879149502410036001e-03
-2.945731433650219076e-03
-3.013484379679779238e-03
-3.082409994753238913e-03
-3.152509281699227266e-03
-3.223782584922467789e-03
-3.296229595128229162e-03
-3.369849368456105318e-03
-3.444640362013290553e-03
-3.520600486904054000e-03
-3.597727178816651807e-03
-3.676017485121376403e-03
-3.755468166323089937e-03
-3.836075808681017971e-03
-3.917836943920558965e-03
-4.000748171284190975e-03
-4.084806276738000425e-03
-4.170008344004784082e-03
-4.256351852232793248e-03
-4.343834755531885729e-03
-4.432455540278315217e-03
-4.522213256975511804e-03
-4.613107524500142075e-03
-4.705138505703525265e-03
-4.798306854521181691e-03
-4.892613635899544476e-03
-4.988060220929042311e-03
-5.084648160526022802e-03
-5.182379041794759472e-03
-5.281254331796720290e-03
-5.381275213845112225e-03
-5.482442421619144676e-03
-5.584756076363803050e-03
-5.688215532221001583e-03
-5.792819234349902598e-03
-5.898564593961303122e-03
-6.005447883750649612e-03
-6.113464156493054504e-03
-6.222607188798497460e-03
-6.332869451242314866e-03
-6.444242105317968088e-03
-6.556715026929458082e-03
-6.670276855467358566e-03
-6.784915066913671522e-03
-6.900616068909659270e-03
-7.017365315303376525e-03
-7.135147437370720040e-03
-7.253946388680643925e-03
-7.373745600442635842e-03
-7.494528144133098986e-03
-7.616276898231158672e-03
-7.738974716002000771e-03
-7.862604591432800771e-03
-7.987149820640004547e-03
-8.112594156323732486e-03
-8.238921953123454905e-03
-8.366118302031259890e-03
-8.494169152326839708e-03
-8.623061419805481617e-03
-8.752783080374611571e-03
-8.883323248382972437e-03
-9.014672239319421534e-03
-9.146821616773010560e-03
-9.279764223773096649e-03
-9.413494198836027185e-03
-9.548006977230025574e-03
-9.683299278123955536e-03
-9.819369078425468911e-03
-9.956215574228283877e-03
-1.009383913088254640e-02
-1.023224122278241187e-02
-1.037142436402101880e-02
-1.051139203111039512e-02
-1.065214857899153371e-02
-1.079369915157737253e-02
-1.093604958806624478e-02
-1.107920632625642061e-02
-1.122317630405563101e-02
-1.136796686033767802e-02
-1.151358563623747049e-02
-1.166004047789816200e-02
-1.180733934159442292e-02
-1.195549020204564848e-02
-1.210450096462103477e-02
-1.225437938200283142e-02
-1.240513297574660605e-02
-1.255676896303230608e-02
-1.270929418876659382e-02
-1.286271506306517834e-02
-1.301703750401851135e-02
-1.317226688554355707e-02
-1.332840799002741120e-02
-1.348546496540867050e-02
-1.364344128629630185e-02
-1.380233971871170154e-02
-1.396216228804483123e-02
-1.412291024985678524e-02
-1.428458406321384683e-02
-1.444718336631567283e-02
-1.461070695428011955e-02
-1.477515275904134687e-02
-1.494051783143524569e-02
-1.510679832564751530e-02
-1.527398948630567452e-02
-1.544208563857730337e-02
-1.561108018171383435e-02
-1.578096558652102716e-02
-1.595173339726432132e-02
-1.612337423850754639e-02
-1.629587782735768264e-02
-1.646923299151617157e-02
-1.664342769346154050e-02
-1.681844906097143197e-02
-1.699428342406318279e-02
-1.717091635828566637e-02
-1.734833273414653279e-02
-1.752651677229772817e-02
-1.770545210394622315e-02
-1.788512183581215595e-02
-1.806550861882372586e-02
-1.824659471961390458e-02
-1.842836209380529708e-02
-1.861079245999047033e-02
-1.879386737327865681e-02
-1.897756829727489242e-02
-1.916187667337017342e-02
-1.934677398627495173e-02
-1.953224182480593416e-02
-1.971826193703416982e-02
-1.990481627902965928e-02
-2.009188705657716928e-02
-2.027945675939593281e-02
-2.046750818756245399e-02
-2.065602447000074171e-02
-2.084498907508681650e-02
-2.103438581356646686e-02
-2.122419883415990055e-02
-2.141441261236416357e-02
-2.160501193310084347e-02
-2.179598186797229026e-02
-2.198730774798442200e-02
-2.217897513266780044e-02
-2.237096977658019001e-02
-2.256327759420804005e-02
-2.275588462428634190e-02
-2.294877699454370840e-02
-2.314194088785232958e-02
-2.333536251069607409e-02
-2.352902806481261405e-02
-2.372292372277573502e-02
-2.391703560818840904e-02
-2.411134978104955903e-02
-2.430585222874352344e-02
-2.450052886298517349e-02
-2.469536552292845438e-02
-2.489034798452572153e-02
-2.508546197610909273e-02
-2.528069320004510193e-02
-2.547602736020818798e-02
-2.567145019491844440e-02
-2.586694751489464900e-02
-2.606250524569303506e-02
-2.625810947403628762e-02
-2.645374649737545353e-02
-2.664940287598737204e-02
-2.684506548687609281e-02
-2.704072157873479640e-02
-2.723635882721184287e-02
-2.743196538974311538e-02
-2.762752995922166874e-02
-2.782304181582189243e-02
-2.801849087632088398e-02
-2.821386774032300093e-02
-2.840916373284616686e-02
-2.860437094279406206e-02
-2.879948225690345809e-02
-2.899449138884196628e-02
-2.918939290318296048e-02
-2.938418223408045815e-02
-2.957885569851892091e-02
-2.977341050409703510e-02
-2.996784475136547027e-02
-3.016215743079024222e-02
-3.035634841447700308e-02
-3.055041844283655494e-02
-3.074436910640918411e-02
-3.093820282310067935e-02
-3.113192281110654935e-02
-3.132553305782689174e-02
-3.151903828507485877e-02
-3.171244391090490000e-02
-3.190575600837152609e-02
-3.209898126154332731e-02
-3.229212691907974719e-02
-3.248520074568304883e-02
-3.267821097171681732e-02
-3.287116624128107872e-02
-3.306407555902648315e-02
-3.325694823598151356e-02
-3.344979383465766093e-02
-3.364262211369938721e-02
-3.383544297234602344e-02
-3.402826639496508987e-02
-3.422110239592430353e-02
-3.441396096508372859e-02
-3.460685201417862400e-02
-3.479978532438093158e-02
-3.499277049533337097e-02
-3.518581689595792761e-02
-3.537893361733385200e-02
-3.557212942795659472e-02
-3.576541273168561824e-02
-3.595879152867124257e-02
-3.615227337956233855e-02
-3.634586537326427169e-02
-3.653957409851316812e-02
-3.673340561949873379e-02
-3.692736545574230866e-02
-3.712145856639999936e-02
-3.731568933913395614e-02
-3.751006158362979459e-02
-3.770457852981297375e-02
-3.789924283076059192e-02
-3.809405657024486636e-02
-3.828902127480806467e-02
-3.848413793020502571e-02
-3.867940700200278581e-02
-3.887482846007555420e-02
-3.907040180669318907e-02
-3.926612610785064350e-02
-3.946200002745517410e-02
-3.965802186395345902e-02
-3.985418958895999009e-02
-4.005050088742042463e-02
-4.024695319884318001e-02
-4.044354375912097982e-02
-4.064026964246742618e-02
-4.083712780300900042e-02
-4.103411511558803515e-02
-4.123122841535223349e-02
-4.142846453574126897e-02
-4.162582034451747792e-02
-4.182329277752421665e-02
-4.202087886990257121e-02
-4.221857578454579069e-02
-4.241638083761519601e-02
-4.261429152099889539e-02
-4.281230552164395908e-02
-4.301042073774041102e-02
-4.320863529179549273e-02
-4.340694754066010130e-02
-4.360535608264657498e-02
-4.380385976189055813e-02
-4.400245767015206755e-02
-4.420114914629666436e-02
-4.439993377369521460e-02
-4.459881137583589922e-02
-4.479778201042391994e-02
-4.499684596227331718e-02
-4.519600373529416432e-02
-4.539525604387145696e-02
-4.559460380393407647e-02
-4.579404812398341074e-02
-4.599359029635380347e-02
-4.619323178893845749e-02
-4.639297423761017808e-02
-4.659281943950840943e-02
-4.679276934736807669e-02
-4.699282606501440501e-02
-4.719299184411798742e-02
-4.739326908227656232e-02
-4.759366032245965217e-02
-4.779416825380852774e-02
-4.799479571376890491e-02
-4.819554569149385459e-02
-4.839642133244186767e-02
-4.859742594405023347e-02
-4.879856300236103117e-02
-4.899983615945530807e-02
-4.920124925153183254e-02
-4.940280630745053081e-02
-4.960451155756602504e-02
-4.980636944266366578e-02
-5.000838462279393049e-02
-5.021056198582667107e-02
-5.041290665552525252e-02
-5.061542399895929689e-02
-5.081811963308046493e-02
-5.102099943027878226e-02
-5.122406952277172576e-02
-5.142733630566972275e-02
-5.163080643857684282e-02
-5.183448684561193370e-02
-5.203838471373394697e-02
-5.224250748927835447e-02
-5.244686287262264462e-02
-5.265145881091284896e-02
-5.285630348881311530e-02
-5.306140531722970677e-02
-5.326677292000255720e-02
-5.347241511855062995e-02
-5.367834091449870393e-02
-5.388455947030231646e-02
-5.409108008792493788e-02
-5.429791218562187577e-02
-5.450506527291056058e-02
-5.471254892381991614e-02
-5.492037274852377277e-02
-5.512854636347998966e-02
-5.533707936021503571e-02
-5.554598127290578946e-02
-5.575526154491960290e-02
-5.596492949449460852e-02
-5.617499427973923765e-02
-5.638546486317432688e-02
-5.659634997599609363e-02
-5.680765808230161390e-02
-5.701939734349728561e-02
-5.723157558310779797e-02
-5.744420025223221510e-02
-5.765727839587102971e-02
-5.787081662035735430e-02
-5.808482106211391299e-02
-5.829929735797691887e-02
-5.851425061727024562e-02
-5.872968539585556730e-02
-5.894560567233972370e-02
-5.916201482660512351e-02
-5.937891562083102287e-02
-5.959631018314335421e-02
-5.981419999398745330e-02
-6.003258587535055535e-02
-6.025146798286992039e-02
-6.047084580089648331e-02
-6.069071814052029445e-02
-6.091108314055127676e-02
-6.113193827143403869e-02
-6.135328034202559150e-02
-6.157510550916506231e-02
-6.179740928992832893e-02
-6.202018657643151162e-02
-6.224343165304995623e-02
-6.246713821587653731e-02
-6.269129939423537246e-02
-6.291590777406176616e-02
-6.314095542293178542e-02
-6.336643391653049018e-02
-6.359233436632934222e-02
-6.381864744824497504e-02
-6.404536343205205484e-02
-6.427247221132426080e-02
-6.449996333367301327e-02
-6.472782603108008515e-02
-6.495604925009899888e-02
-6.518462168174554705e-02
-6.541353179087987246e-02
-6.564276784492081851e-02
-6.587231794172693222e-02
-6.610217003651792933e-02
-6.633231196771069427e-02
-6.656273148156899300e-02
-6.679341625559269413e-02
-6.702435392056198260e-02
-6.725553208120900461e-02
-6.748693833547618481e-02
-6.771856029236143770e-02
-6.795038558833420284e-02
-6.818240190235892728e-02
-6.841459696955000391e-02
-6.864695859350557205e-02
-6.887947465735624886e-02
-6.911213313362733757e-02
-6.934492209295606280e-02
-6.957782971174973630e-02
-6.981084427887032651e-02
-7.004395420142858764e-02
-7.027714800976309073e-02
-7.051041436170936427e-02
-7.074374204622667361e-02
-7.097711998646620557e-02
-7.121053724236993399e-02
-7.144398301286783437e-02
-7.167744663773163716e-02
-7.191091759916851123e-02
-7.214438552319292486e-02
-7.237784018082477067e-02
-7.261127148917920215e-02
-7.284466951244414346e-02
-7.307802446280051156e-02
-7.331132670129696105e-02
-7.354456673868095540e-02
-7.377773523619955698e-02
-7.401082300635726530e-02
-7.424382101363542763e-02
-7.447672037513354548e-02
-7.470951236113337890e-02
-7.494218839554794842e-02
-7.517474005622779010e-02
-7.540715907508070692e-02
-7.563943733797541535e-02
-7.587156688439018748e-02
-7.610353990675601532e-02
-7.633534874945331616e-02
-7.656698590743220290e-02
-7.679844402438547324e-02
-7.702971589046418710e-02
-7.726079443948158376e-02
-7.749167274556661988e-02
-7.772234401924288383e-02
-7.795280160290678217e-02
-7.818303896566923539e-02
-7.841304969755712173e-02
-7.864282750306102188e-02
-7.887236619401394311e-02
-7.910165968182024387e-02
-7.933070196902843041e-02
-7.955948714027920310e-02
-7.978800935264486471e-02
-8.001626282539432700e-02
-8.024424182922530735e-02
-8.047194067501506343e-02
-8.069935370213875137e-02
-8.092647526643008404e-02
-8.115329972784307566e-02
-8.137982143789602996e-02
-8.160603472697559868e-02
-8.183193389160371700e-02
-8.205751318173222508e-02
-8.228276678818863266e-02
-8.250768883034559353e-02
-8.273227334412774914e-02
-8.295651427045684645e-02
-8.318040544422079796e-02
-8.340394058387926024e-02
-8.362711328179173176e-02
-8.384991699535894460e-02
-8.407234503907751177e-02
-8.429439057757517895e-02
-8.451604661969835952e-02
-8.473730601374059035e-02
-8.495816144385499868e-02
-8.517860542769896404e-02
-8.539863031535924187e-02
-8.561822828960258258e-02
-8.583739136744593379e-02
-8.605611140306866635e-02
-8.627438009208554526e-02
-8.649218897713464860e-02
-8.670952945478108131e-02
-8.692639278371676326e-02
-8.714277009418419651e-02
-8.735865239859290365e-02
-8.757403060326891808e-02
-8.778889552125998530e-02
-8.800323788612504639e-02
-8.821704836662412619e-02
-8.843031758222562322e-02
-8.864303611932371207e-02
-8.885519454807568052e-02
-8.906678343975998891e-02
-8.927779338454226721e-02
-8.948821500955633779e-02
-8.969803899717691820e-02
-8.990725610339335427e-02
-9.011585717617609514e-02
-9.032383317373733622e-02
-9.053117518258428642e-02
-9.073787443526487584e-02
-9.094392232772620377e-02
-9.114931043620408402e-02
-9.135403053355196923e-02
-9.155807460494198857e-02
-9.176143486287409445e-02
-9.196410376144344145e-02
-9.216607400978379938e-02
-9.236733858468043623e-02
-9.256789074228083392e-02
-9.276772402889439662e-02
-9.296683229084311273e-02
-9.316520968337009545e-02
-9.336285067855883135e-02
-9.355975007228174711e-02
-9.375590299018329854e-02
-9.395130489269869212e-02
-9.414595157912035439e-02
-9.433983919072187752e-02
-9.453296421299177410e-02
-9.472532347696052679e-02
-9.491691415968642187e-02
-9.510773378391139399e-02
-9.529778021692755785e-02
-9.548705166870175010e-02
-9.567554668927118200e-02
-9.586326416548086871e-02
-9.605020331707891934e-02
-9.623636369221121034e-02
-9.642174516236633186e-02
-9.660634791681781131e-02
-9.679017245657393909e-02
-9.697321958788460150e-02
-9.715549041535953556e-02
-9.733698633471060679e-02
-9.751770902515073669e-02
-9.769766044149107154e-02
-9.787684280596108122e-02
-9.805525859978055092e-02
-9.823291055449240305e-02
-9.840980164310730860e-02
-9.858593507104156106e-02
-9.876131426691368842e-02
-9.893594287317969416e-02
-9.910982473663197678e-02
-9.928296389878141226e-02
-9.945536458612254382e-02
-9.962703120031687898e-02
-9.979796830827372678e-02
-9.996818063215075212e-02
-1.001376730392917330e-01
-1.003064505321014516e-01
-1.004745182378605078e-01
-1.006418813984971544e-01
-1.008085453603293630e-01
-1.009745155637644665e-01
-1.011397975329943605e-01
-1.013043968656778537e-01
-1.014683192226314423e-01
-1.016315703175341839e-01
-1.017941559066644908e-01
-1.019560817786972634e-01
-1.021173537445535934e-01
-1.022779776273361335e-01
-1.024379592523839561e-01
-1.025973044374265813e-01
-1.027560189829031939e-01
-1.029141086624498352e-01
-1.030715792135818848e-01
-1.032284363285940476e-01
-1.033846856457065339e-01
-1.035403327404834511e-01
-1.036953831175581459e-01
-1.038498422026784967e-01
-1.040037153350917565e-01
-1.041570077603332090e-01
-1.043097246233911923e-01
-1.044618709623170577e-01
-1.046134517022665744e-01
-1.047644716500283346e-01
-1.049149354890283048e-01
-1.050648477748395010e-01
-1.052142129312178404e-01
-1.053630352466657372e-01
-1.055113188715407907e-01
-1.056590678157125623e-01
-1.058062859467640421e-01
-1.059529769887590372e-01
-1.060991445215561102e-01
-1.062447919806658453e-01
-1.063899226576462270e-01
-1.065345397010349360e-01
-1.066786461177724604e-01
-1.068222447751433629e-01
-1.069653384031735988e-01
-1.071079295974904089e-01
-1.072500208225997814e-01
-1.073916144155710878e-01
-1.075327125900804454e-01
-1.076733174407976390e-01
-1.078134309480662106e-01
-1.079530549828654762e-01
-1.080921913119810701e-01
-1.082308416033938570e-01
-1.083690074318137686e-01
-1.085066902843352804e-01
-1.086438915661628313e-01
-1.087806126063930873e-01
-1.089168546637963447e-01
-1.090526189325667361e-01
-1.091879065480005490e-01
-1.093227185920865457e-01
-1.094570560989437669e-01
-1.095909200601096894e-01
-1.097243114296186511e-01
-1.098572311288702058e-01
-1.099896800512389639e-01
-1.101216590664154948e-01
-1.102531690244600293e-01
-1.103842107595423422e-01
-1.105147850933436982e-01
-1.106448928381267710e-01
-1.107745347994582297e-01
-1.109037117785644094e-01
-1.110324245743150445e-01
-1.111606739848524511e-01
-1.112884608088264837e-01
-1.114157858462793554e-01
-1.115426498991494569e-01
-1.116690537714169346e-01
-1.117949982689014354e-01
-1.119204841986955051e-01
-1.120455123682728843e-01
-1.121700835842779492e-01
-1.122941986509985585e-01
-1.124178583685367522e-01
-1.125410635307191876e-01
-1.126638149227233293e-01
-1.127861133184775155e-01
-1.129079594778218815e-01
-1.130293541434686938e-01
-1.131502980377697420e-01
-1.132707918593223312e-01
-1.133908362794174285e-01
-1.135104319383626603e-01
-1.136295794417017113e-01
-1.137482793563232286e-01
-1.138665322065160468e-01
-1.139843384699689155e-01
-1.141016985737183381e-01
-1.142186128900925940e-01
-1.143350817326539703e-01
-1.144511053521480998e-01
-1.145666839324815112e-01
-1.146818175867623940e-01
-1.147965063533732122e-01
-1.149107501921350361e-01
-1.150245489805471061e-01
-1.151379025101326170e-01
-1.152508104828906532e-01
-1.153632725078465315e-01
-1.154752880977627238e-01
-1.155868566659710300e-01
-1.156979775233550611e-01
-1.158086498754849342e-01
-1.159188728199151003e-01
-1.160286453436540632e-01
-1.161379663208100266e-01
-1.162468345104251261e-01
-1.163552485544882692e-01
-1.164632069761479122e-01
-1.165707081781263699e-01
-1.166777504413317457e-01
-1.167843319236804567e-01
-1.168904506591311038e-01
-1.169961045569354041e-01
-1.171012914011045625e-01
-1.172060088501056391e-01
-1.173102544367727873e-01
-1.174140255684415213e-01
-1.175173195273290366e-01
-1.176201334711291790e-01
-1.177224644338300263e-01
-1.178243093267891117e-01
-1.179256649400135526e-01
-1.180265279436851222e-01
-1.181268948899072690e-01
-1.182267622146912639e-01
-1.183261262401529706e-01
-1.184249831769385586e-01
-1.185233291268783379e-01
-1.186211600858461390e-01
-1.187184719468332705e-01
-1.188152605032275211e-01
-1.189115214522996622e-01
-1.190072503988679337e-01
-1.191024428591609813e-01
-1.191970942648587078e-01
-1.192911999672945089e-01
-1.193847552418239172e-01
-1.194777552923439456e-01
-1.195701952559457826e-01
-1.196620702077019066e-01
-1.197533751655687345e-01
-1.198441050953882037e-01
-1.199342549159956167e-01
-1.200238195043894507e-01
-1.201127937009750513e-01
-1.202011723148670858e-01
-1.202889501292222774e-01
-1.203761219065893756e-01
-1.204626823942880204e-01
-1.205486263297673583e-01
-1.206339484459545142e-01
-1.207186434765727817e-01
-1.208027061614108943e-01
-1.208861312515253916e-01
-1.209689135143874605e-01
-1.210510477389301759e-01
-1.211325287405036200e-01
-1.212133513657201456e-01
-1.212935104971791522e-01
-1.213730010580556656e-01
-1.214518180165482381e-01
-1.215299563901857116e-01
-1.216074112499549303e-01
-1.216841777242710504e-01
-1.217602510027743223e-01
-1.218356263399394679e-01
-1.219102990584963048e-01
-1.219842645526699049e-01
-1.220575182912025797e-01
-1.221300558201987990e-01
-1.222018727657604997e-01
-1.222729648364139915e-01
-1.223433278253447110e-01
-1.224129576124085572e-01
-1.224818501659697273e-01
-1.225500015445208785e-01
-1.226174078980997034e-01
-1.226840654695302568e-01
-1.227499705954589321e-01
-1.228151197072024081e-01
-1.228795093314294512e-01
-1.229431360906513560e-01
-1.230059967035545127e-01
-1.230680879851528686e-01
-1.231294068468091196e-01
-1.231899502960891735e-01
-1.232497154364756292e-01
-1.233086994669614217e-01
-1.233668996814973468e-01
-1.234243134683322279e-01
-1.234809383092487500e-01
-1.235367717786980540e-01
-1.235918115428241287e-01
-1.236460553584238509e-01
-1.236995010718217741e-01
-1.237521466176817186e-01
-1.238039900177434066e-01
-1.238550293795315921e-01
-1.239052628950011586e-01
-1.239546888391486051e-01
-1.240033055686126234e-01
-1.240511115202207748e-01
-1.240981052095429249e-01
-1.241442852294348531e-01
-1.241896502485676373e-01
-1.242341990099701532e-01
-1.242779303295790810e-01
-1.243208430947931320e-01
-1.243629362630649798e-01
-1.244042088605031571e-01
-1.244446599805094783e-01
-1.244842887824358091e-01
-1.245230944902974146e-01
-1.245610763915100255e-01
-1.245982338356739355e-01
-1.246345662334049503e-01
-1.246700730552142838e-01
-1.247047538304357495e-01
-1.247386081461969720e-01
-1.247716356464627224e-01
-1.248038360311181094e-01
-1.248352090551109184e-01
-1.248657545276422726e-01
-1.248954723114329562e-01
-1.249243623220354649e-01
-1.249524245271944473e-01
-1.249796589462800062e-01
-1.250060656497598566e-01
-1.250316447587446200e-01
-1.250563964445715881e-01
-1.250803209284463702e-01
-1.251034184811418426e-01
-1.251256894227445182e-01
-1.251471341224424105e-01
-1.251677529983667714e-01
-1.251875465174671631e-01
-1.252065151954395161e-01
-1.252246595966940157e-01
-1.252419803343527982e-01
-1.252584780702752087e-01
-1.252741535151342123e-01
-1.252890074285029631e-01
-1.253030406189673540e-01
-1.253162539442733980e-01
-1.253286483114794125e-01
-1.253402246771302131e-01
-1.253509840474420767e-01
-1.253609274784890093e-01
-1.253700560764142991e-01
-1.253783709976106497e-01
-1.253858734489225468e-01
-1.253925646878389644e-01
-1.253984460226769682e-01
-1.254035188127402278e-01
-1.254077844684776122e-01
-1.254112444516073954e-01
-1.254139002752314158e-01
-1.254157535039131521e-01
-1.254168057537340675e-01
-1.254170586923106234e-01
-1.254165140387819843e-01
-1.254151735637562826e-01
-1.254130390892126690e-01
-1.254101124883649498e-01
-1.254063956854804818e-01
-1.254018906556422230e-01
-1.253965994244791160e-01
-1.253905240678243049e-01
-1.253836667113299719e-01
-1.253760295300306860e-01
-1.253676147478424430e-01
-1.253584246370165189e-01
-1.253484615175231853e-01
-1.253377277563834102e-01
-1.253262257669480739e-01
-1.253139580081055748e-01
-1.253009269834466366e-01
-1.252871352403604477e-01
-1.252725853690735414e-01
-1.252572800016331644e-01
-1.252412218108445718e-01
-1.252244135091440114e-01
-1.252068578474180849e-01
-1.251885576137819200e-01
-1.251695156322948088e-01
-1.251497347616367384e-01
-1.251292178937376820e-01
-1.251079679523553201e-01
-1.250859878916367462e-01
-1.250632806946134212e-01
-1.250398493716745607e-01
-1.250156969590046629e-01
-1.249908265169929755e-01
-1.249652411286050063e-01
-1.249389438977542566e-01
-1.249119379476278935e-01
-1.248842264190082874e-01
-1.248558124685689302e-01
-1.248266992671747122e-01
-1.247968899981588137e-01
-1.247663878555992645e-01
-1.247351960426008877e-01
-1.247033177695656553e-01
-1.246707562524761170e-01
-1.246375147111796061e-01
-1.246035963676890845e-01
-1.245690044444917322e-01
-1.245337421628777835e-01
-1.244978127412862123e-01
-1.244612193936705108e-01
-1.244239653278931268e-01
-1.243860537441419251e-01
-1.243474878333749728e-01
-1.243082707758015465e-01
-1.242684057393957514e-01
-1.242278958784402698e-01
-1.241867443321199443e-01
-1.241449542231318898e-01
-1.241025286563656460e-01
-1.240594707176038980e-01
-1.240157834722720870e-01
-1.239714699642447127e-01
-1.239265332146783916e-01
-1.238809762209127086e-01
-1.238348019554001977e-01
-1.237880133647001057e-01
-1.237406133685221982e-01
-1.236926048587966703e-01
-1.236439906988321680e-01
-1.235947737224935006e-01
-1.235449567334435117e-01
-1.234945425044341877e-01
-1.234435337766478791e-01
-1.233919332590951018e-01
-1.233397436280468384e-01
-1.232869675265315101e-01
-1.232336075638765377e-01
-1.231796663152900095e-01
-1.231251463215125713e-01
-1.230700500884844978e-01
-1.230143800870851928e-01
-1.229581387529102843e-01
-1.229013284860808602e-01
-1.228439516511099505e-01
-1.227860105768093929e-01
-1.227275075562312134e-01
-1.226684448466494187e-01
-1.226088246695852119e-01
-1.225486492108584652e-01
-1.224879206206859056e-01
-1.224266410137978128e-01
-1.223648124696052192e-01
-1.223024370323858578e-01
-1.222395167114959658e-01
-1.221760534816235810e-01
-1.221120492830500975e-01
-1.220475060219471108e-01
-1.219824255706962457e-01
-1.219168097682310076e-01
-1.218506604203832555e-01
-1.217839793002692406e-01
-1.217167681486724662e-01
-1.216490286744587035e-01
-1.215807625549904375e-01
-1.215119714365632958e-01
-1.214426569348441981e-01
-1.213728206353246047e-01
-1.213024640937768878e-01
-1.212315888367253153e-01
-1.211601963619120537e-01
-1.210882881387699006e-01
-1.210158656088991674e-01
-1.209429301865481005e-01
-1.208694832590852114e-01
-1.207955261874828906e-01
-1.207210603067824517e-01
-1.206460869265769675e-01
-1.205706073314791599e-01
-1.204946227815770349e-01
-1.204181345128994829e-01
-1.203411437378726773e-01
-1.202636516457583626e-01
-1.201856594030973890e-01
-1.201071681541452524e-01
-1.200281790212872207e-01
-1.199486931054682404e-01
-1.198687114865921027e-01
-1.197882352239174886e-01
-1.197072653564521805e-01
-1.196258029033330506e-01
-1.195438488641942104e-01
-1.194614042195347864e-01
-1.193784699310673492e-01
-1.192950469420594600e-01
-1.192111361776798384e-01
-1.191267385453145949e-01
-1.190418549348897376e-01
-1.189564862191817979e-01
-1.188706332541191318e-01
-1.187842968790789738e-01
-1.186974779171735411e-01
-1.186101771755363882e-01
-1.185223954455919132e-01
-1.184341335033369247e-01
-1.183453921096002670e-01
-1.182561720102990738e-01
-1.181664739367102313e-01
-1.180762986057175556e-01
-1.179856467200657150e-01
-1.178945189686134709e-01
-1.178029160265808839e-01
-1.177108385558012921e-01
-1.176182872049727213e-01
-1.175252626099006908e-01
-1.174317653937581168e-01
-1.173377961673322256e-01
-1.172433555292833052e-01
-1.171484440664058019e-01
-1.170530623538903331e-01
-1.169572109555912925e-01
-1.168608904242967456e-01
-1.167641013020029872e-01
-1.166668441202066975e-01
-1.165691194001831910e-01
-1.164709276532962801e-01
-1.163722693812904302e-01
-1.162731450765993046e-01
-1.161735552226735024e-01
-1.160735002943022731e-01
-1.159729807579478883e-01
-1.158719970720887837e-01
-1.157705496875683499e-01
-1.156686390479622212e-01
-1.155662655899413055e-01
-1.154634297436544221e-01
-1.153601319331176850e-01
-1.152563725766079100e-01
-1.151521520870709692e-01
-1.150474708725325867e-01
-1.149423293365305493e-01
-1.148367278785398099e-01
-1.147306668944200608e-01
-1.146241467768555761e-01
-1.145171679158308448e-01
-1.144097306990774082e-01
-1.143018355125563490e-01
-1.141934827409418762e-01
-1.140846727681016359e-01
-1.139754059775913986e-01
-1.138656827531679405e-01
-1.137555034792780140e-01
-1.136448685415758914e-01
-1.135337783274458501e-01
-1.134222332265067135e-01
-1.133102336311472697e-01
-1.131977799370526144e-01
-1.130848725437280239e-01
-1.129715118550363995e-01
-1.128576982797210443e-01
-1.127434322319465498e-01
-1.126287141318346591e-01
-1.125135444059947309e-01
-1.123979234880520262e-01
-1.122818518191852077e-01
-1.121653298486480210e-01
-1.120483580343031860e-01
-1.119309368431411489e-01
-1.118130667517926030e-01
-1.116947482470474484e-01
-1.115759818263717396e-01
-1.114567679983986676e-01
-1.113371072834311026e-01
-1.112170002139261371e-01
-1.110964473349819737e-01
-1.109754492048058844e-01
-1.108540063951899274e-01
-1.107321194919604068e-01
-1.106097890954231694e-01
-1.104870158208031417e-01
-1.103638002986749439e-01
-1.102401431753717576e-01
-1.101160451133917501e-01
-1.099915067917891509e-01
-1.098665289065597211e-01
-1.097411121710040183e-01
-1.096152573160816407e-01
-1.094889650907579504e-01
-1.093622362623313526e-01
-1.092350716167452551e-01
-1.091074719588926156e-01
-1.089794381129061962e-01
-1.088509709224269456e-01
-1.087220712508651654e-01
-1.085927399816439820e-01
-1.084629780184313969e-01
-1.083327862853535883e-01
-1.082021657271995535e-01
-1.080711173096059186e-01
-1.079396420192283990e-01
-1.078077408638968421e-01
-1.076754148727620125e-01
-1.075426650964238368e-01
-1.074094926070422729e-01
-1.072758984984373276e-01
-1.071418838861832035e-01
-1.070074499076663493e-01
-1.068725977221527679e-01
-1.067373285108290104e-01
-1.066016434768393140e-01
-1.064655438452998953e-01
-1.063290308633068892e-01
-1.061921057999264117e-01
-1.060547699461823895e-01
-1.059170246150195616e-01
-1.057788711412672306e-01
-1.056403108815807679e-01
-1.055013452143819946e-01
-1.053619755397834784e-01
-1.052222032795054329e-01
-1.050820298767801697e-01
-1.049414567962489581e-01
-1.048004855238541533e-01
-1.046591175667061085e-01
-1.045173544529674203e-01
-1.043751977317090435e-01
-1.042326489727661842e-01
-1.040897097665880733e-01
-1.039463817240824373e-01
-1.038026664764465368e-01
-1.036585656749988288e-01
-1.035140809910033155e-01
-1.033692141154863436e-01
-1.032239667590529320e-01
-1.030783406516999068e-01
-1.029323375426121068e-01
-1.027859591999736033e-01
-1.026392074107612823e-01
-1.024920839805455730e-01
-1.023445907332707072e-01
-1.021967295110570717e-01
-1.020485021739861303e-01
-1.018999105998813909e-01
-1.017509566840952145e-01
-1.016016423392921975e-01
-1.014519694952265155e-01
-1.013019400985273183e-01
-1.011515561124767953e-01
-1.010008195167860778e-01
-1.008497323073748869e-01
-1.006982964961500582e-01
-1.005465141107825672e-01
-1.003943871944871641e-01
-1.002419178057925991e-01
-1.000891080183255594e-01
-9.993595992058931787e-02
-9.978247561574121738e-02
-9.962865722137230484e-02
-9.947450686928223373e-02
-9.932002670526134114e-02
-9.916521888887068481e-02
-9.901008559322754810e-02
-9.885462900477623438e-02
-9.869885132307730513e-02
-9.854275476058856065e-02
-9.838634154244924046e-02
-9.822961390625649380e-02
-9.807257410185585278e-02
-9.791522439111886855e-02
-9.775756704773165551e-02
-9.759960435697734304e-02
-9.744133861551533549e-02
-9.728277213117110522e-02
-9.712390722271933841e-02
-9.696474621966667817e-02
-9.680529146203442625e-02
-9.664554530013838574e-02
-9.648551009437511539e-02
-9.632518821500633821e-02
-9.616458204193115145e-02
-9.600369396447319681e-02
-9.584252638115754730e-02
-9.568108169948796871e-02
-9.551936233572748403e-02
-9.535737071466744708e-02
-9.519510926940681628e-02
-9.503258044112219971e-02
-9.486978667884103655e-02
-9.470673043921186418e-02
-9.454341418626506510e-02
-9.437984039118635371e-02
-9.421601153207778689e-02
-9.405193009371712320e-02
-9.388759856731758446e-02
-9.372301945029050396e-02
-9.355819524599665038e-02
-9.339312846349964725e-02
-9.322782161731445194e-02
-9.306227722716088613e-02
-9.289649781770473180e-02
-9.273048591830417020e-02
-9.256424406275247374e-02
-9.239777478900941532e-02
-9.223108063894731867e-02
-9.206416415808207909e-02
-9.189702789529899385e-02
-9.172967440258927851e-02
-9.156210623477550881e-02
-9.139432594923761755e-02
-9.122633610563160578e-02
-9.105813926561528993e-02
-9.088973799256769293e-02
-9.072113485130491040e-02
-9.055233240779238246e-02
-9.038333322886145382e-02
-9.021413988192222844e-02
-9.004475493467382907e-02
-8.987518095481282498e-02
-8.970542050974210369e-02
-8.953547616627942352e-02
-8.936535049036399558e-02
-8.919504604676073423e-02
-8.902456539876751895e-02
-8.885391110791791835e-02
-8.868308573368932635e-02
-8.851209183320672691e-02
-8.834093196094648659e-02
-8.816960866844113232e-02
-8.799812450398937502e-02
-8.782648201236134544e-02
-8.765468373450471806e-02
-8.748273220725569232e-02
-8.731062996305281876e-02
-8.713837952964539890e-02
-8.696598342980788043e-02
-8.679344418105909564e-02
-8.662076429537983457e-02
-8.644794627892893324e-02
-8.627499263177502986e-02
-8.610190584761996668e-02
-8.592868841352860332e-02
-8.575534280966473633e-02
-8.558187150902359097e-02
-8.540827697717516542e-02
-8.523456167200750555e-02
-8.506072804347729333e-02
-8.488677853335957479e-02
-8.471271557501219851e-02
-8.453854159313288485e-02
-8.436425900352335916e-02
-8.418987021287002714e-02
-8.401537761851483876e-02
-8.384078360824002984e-02
-8.366609056005720746e-02
-8.349130084199901658e-02
-8.331641681192424043e-02
-8.314144081731493496e-02
-8.296637519509389436e-02
-8.279122227144401769e-02
-8.261598436163002102e-02
-8.244066376982475686e-02
-8.226526278895324173e-02
-8.208978370053204854e-02
-8.191422877451588758e-02
-8.173860026916028587e-02
-8.156290043088593178e-02
-8.138713149414386616e-02
-8.121129568128943044e-02
-8.103539520246988426e-02
-8.085943225551704694e-02
-8.068340902584150709e-02
-8.050732768633500624e-02
-8.033119039728194022e-02
-8.015499930627753566e-02
-7.997875654815246593e-02
-7.980246424490318458e-02
-7.962612450562497890e-02
-7.944973942646553489e-02
-7.927331109056505454e-02
-7.909684156802278265e-02
-7.892033291585229260e-02
-7.874378717795892102e-02
-7.856720638511068000e-02
-7.839059255492156209e-02
-7.821394769184171480e-02
-7.803727378715177854e-02
-7.786057281896471838e-02
-7.768384675222470004e-02
-7.750709753872783714e-02
-7.733032711713416774e-02
-7.715353741299349477e-02
-7.697673033877062976e-02
-7.679990779388262689e-02
-7.662307166473275588e-02
-7.644622382475949052e-02
-7.626936613447775348e-02
-7.609250044153501036e-02
-7.591562858076955633e-02
-7.573875237427030171e-02
-7.556187363144629965e-02
-7.538499414909444196e-02
-7.520811571147387187e-02
-7.503124009038142361e-02
-7.485436904523540269e-02
-7.467750432316494491e-02
-7.450064765909336639e-02
-7.432380077583246314e-02
-7.414696538417686611e-02
-7.397014318300602909e-02
-7.379333585937962459e-02
-7.361654508864773350e-02
-7.343977253455404031e-02
-7.326301984934839584e-02
-7.308628867389974082e-02
-7.290958063780601794e-02
-7.273289735951500579e-02
-7.255624044644455595e-02
-7.237961149510029057e-02
-7.220301209120215391e-02
-7.202644380980917360e-02
-7.184990821544538775e-02
-7.167340686223064306e-02
-7.149694129401065745e-02
-7.132051304449159301e-02
-7.114412363737335210e-02
-7.096777458648387271e-02
-7.079146739591647697e-02
-7.061520356017092492e-02
-7.043898456429283084e-02
-7.026281188401510558e-02
-7.008668698589859414e-02
-6.991061132748133122e-02
-6.973458635741879019e-02
-6.955861351563588646e-02
-6.938269423347291631e-02
-6.920682993383271697e-02
-6.903102203133434922e-02
-6.885527193246374078e-02
-6.867958103572392725e-02
-6.850395073179435523e-02
-6.832838240368237226e-02
-6.815287742688538875e-02
-6.797743716954184057e-02
-6.780206299259405878e-02
-6.762675624994538004e-02
-6.745151828862593069e-02
-6.727635044895538541e-02
-6.710125406470164589e-02
-6.692623046324709668e-02
-6.675128096576248005e-02
-6.657640688736636558e-02
-6.640160953729853932e-02
-6.622689021908868823e-02
-6.605225023072607005e-02
-6.587769086483899472e-02
-6.570321340886192685e-02
-6.552881914521624385e-02
-6.535450935148529039e-02
-6.518028530059273573e-02
-6.500614826098294330e-02
-6.483209949680295014e-02
-6.465814026808265613e-02
-6.448427183091839932e-02
-6.431049543766108323e-02
-6.413681233709934981e-02
-6.396322377465282760e-02
-6.378973099255554058e-02
-6.361633523004925350e-02
-6.344303772357211268e-02
-6.326983970695522486e-02
-6.309674241161547514e-02
-6.292374706675300799e-02
-6.275085489954311535e-02
-6.257806713533717313e-02
-6.240538499786028870e-02
-6.223280970941254264e-02
-6.206034249106305578e-02
-6.188798456286088989e-02
-6.171573714403134209e-02
-6.154360145318029524e-02
-6.137157870849806879e-02
-6.119967012796365818e-02
-6.102787692955009141e-02
-6.085620033142592061e-02
-6.068464155216536648e-02
-6.051320181095051765e-02
-6.034188232778296690e-02
-6.017068432368281178e-02
-5.999960902090044346e-02
-5.982865764311676160e-02
-5.965783141565302733e-02
-5.948713156567472099e-02
-5.931655932239399132e-02
-5.914611591727909901e-02
-5.897580258424984373e-02
-5.880562055988728526e-02
-5.863557108363015580e-02
-5.846565539797942551e-02
-5.829587474869198788e-02
-5.812623038498224148e-02
-5.795672355971719092e-02
-5.778735552961038885e-02
-5.761812755541623893e-02
-5.744904090211792880e-02
-5.728009683911620964e-02
-5.711129664041775938e-02
-5.694264158481787685e-02
-5.677413295608287058e-02
-5.660577204312729899e-02
-5.643756014019329220e-02
-5.626949854701864678e-02
-5.610158856901039520e-02
-5.593383151741256748e-02
-5.576622870946839478e-02
-5.559878146858057701e-02
-5.543149112446602023e-02
-5.526435901331531314e-02
-5.509738647793582106e-02
-5.493057486789809651e-02
-5.476392553967921600e-02
-5.459743985679919170e-02
-5.443111918995308107e-02
-5.426496491714135478e-02
-5.409897842379173677e-02
-5.393316110288044751e-02
-5.376751435504698029e-02
-5.360203958870076585e-02
-5.343673822013487312e-02
-5.327161167362005206e-02
-5.310666138150097609e-02
-5.294188878428895267e-02
-5.277729533074582841e-02
-5.261288247796715861e-02
-5.244865169145501715e-02
-5.228460444518533146e-02
-5.212074222167725757e-02
-5.195706651205110604e-02
-5.179357881608441516e-02
-5.163028064225596431e-02
-5.146717350779260458e-02
-5.130425893870554227e-02
-5.114153846982468637e-02
-5.097901364482414904e-02
-5.081668601624516474e-02
-5.065455714551077293e-02
-5.049262860293841221e-02
-5.033090196774469421e-02
-5.016937882804674981e-02
-5.000806078085545670e-02
-4.984694943206489925e-02
-4.968604639643763726e-02
-4.952535329758311899e-02
-4.936487176793412368e-02
-4.920460344871172703e-02
-4.904454998989035697e-02
-4.888471305015825580e-02
-4.872509429686940757e-02
-4.856569540599359885e-02
-4.840651806205958224e-02
-4.824756395809456228e-02
-4.808883479555887269e-02
-4.793033228427717729e-02
-4.777205814236026860e-02
-4.761401409612908697e-02
-4.745620188003140533e-02
-4.729862323655482231e-02
-4.714127991613278196e-02
-4.698417367704901815e-02
-4.682730628533852274e-02
-4.667067951468448911e-02
-4.651429514630799761e-02
-4.635815496885791615e-02
-4.620226077829697048e-02
-4.604661437778030664e-02
-4.589121757753705788e-02
-4.573607219474032370e-02
-4.558118005338158280e-02
-4.542654298413830588e-02
-4.527216282423827259e-02
-4.511804141731961398e-02
-4.496418061329231219e-02
-4.481058226819216450e-02
-4.465724824403689841e-02
-4.450418040867312047e-02
-4.435138063562819866e-02
-4.419885080395045268e-02
-4.404659279805948902e-02
-4.389460850758008376e-02
-4.374289982718500280e-02
-4.359146865642755941e-02
-4.344031689958016695e-02
-4.328944646546356578e-02
-4.313885926727742404e-02
-4.298855722242875960e-02
-4.283854225235797508e-02
-4.268881628236419895e-02
-4.253938124142647714e-02
-4.239023906202533942e-02
-4.224139167996532329e-02
-4.209284103418889367e-02
-4.194458906659569858e-02
-4.179663772185573944e-02
-4.164898894722338096e-02
-4.150164469234986220e-02
-4.135460690909678605e-02
-4.120787755133963060e-02
-4.106145857478196715e-02
-4.091535193675980425e-02
-4.076955959604892238e-02
-4.062408351266860729e-02
-4.047892564768682672e-02
-4.033408796302197924e-02
-4.018957242124519130e-02
-4.004538098538134444e-02
-3.990151561870784735e-02
-3.975797828455463617e-02
-3.961477094610233590e-02
-3.947189556617842349e-02
-3.932935410705330759e-02
-3.918714853023758105e-02
-3.904528079627611614e-02
-3.890375286454266640e-02
-3.876256669302922953e-02
-3.862172423814291128e-02
-3.848122745449585047e-02
-3.834107829469901585e-02
-3.820127870914933471e-02
-3.806183064582160241e-02
-3.792273605005843512e-02
-3.778399686435916782e-02
-3.764561502816714950e-02
-3.750759247765954318e-02
-3.736993114553437134e-02
-3.723263296079740853e-02
-3.709569984855101699e-02
-3.695913372977980421e-02
-3.682293652113644011e-02
-3.668711013473088811e-02
-3.655165647791507044e-02
-3.641657745306909472e-02
-3.628187495738930540e-02
-3.614755088267189442e-02
-3.601360711510060569e-02
-3.588004553503570254e-02
-3.574686801679848036e-02
-3.561407642845811072e-02
-3.548167263162096269e-02
-3.534965848121700283e-02
-3.521803582529021287e-02
-3.508680650478643998e-02
-3.495597235334427927e-02
-3.482553519708477680e-02
-3.469549685440358189e-02
-3.456585913576160074e-02
-3.443662384347934147e-02
-3.430779277153351431e-02
-3.417936770535028729e-02
-3.405135042160174763e-02
-3.392374268800626286e-02
-3.379654626312750265e-02
-3.366976289617509138e-02
-3.354339432680784883e-02
-3.341744228493749580e-02
-3.329190849053873663e-02
-3.316679465345412359e-02
-3.304210247320771981e-02
