0.000000000000000000e+00
-1.051579783987479802e-07
-8.985020475087308133e-07
-3.502483933234730174e-06
-9.404835928349274915e-06
-2.061790110312572666e-05
-4.041693799330270685e-05
-7.408844924912493370e-05
-1.289712009698575860e-04
-2.136777602465720835e-04
-3.367708531296494611e-04
-5.055715032930423484e-04
-7.253939373831067494e-04
-9.993767558069109342e-04
-1.329042813145481184e-03
-1.715100234924475274e-03
-2.158281634844163091e-03
-2.659913411765536893e-03
-3.222091196044305200e-03
-3.847473276332953173e-03
-4.538791109007363385e-03
-5.298206132393139603e-03
-6.126636386768472692e-03
-7.023159096910614255e-03
-7.984627080827078754e-03
-9.005358131121778131e-03
-1.007725109428761652e-02
-1.119013217908763555e-02
-1.233223496078230015e-02
-1.349098978202063412e-02
-1.465359042732087072e-02
-1.580758825183214283e-02
-1.694119507592559831e-02
-1.804349809902187213e-02
-1.910463677624476761e-02
-2.011549542074320823e-02
-2.106752059545267258e-02
-2.195254640836313137e-02
-2.276251481817345018e-02
-2.348973603092173457e-02
-2.412667533474750423e-02
-2.466615933185872106e-02
-2.510163524212238179e-02
-2.542745903726830251e-02
-2.563918496865750379e-02
-2.573381266934033143e-02
-2.570999712504721743e-02
-2.556813515687910224e-02
-2.531032099409164654e-02
-2.494033751382863234e-02
-2.446345647990789268e-02
-2.388624311759536545e-02
-2.321632447951717942e-02
-2.246216013641212997e-02
-2.163270158290017328e-02
-2.073751538784168735e-02
-1.978637879182845727e-02
-1.878925314866732380e-02
-1.775617513201170616e-02
-1.669717280376089089e-02
-1.562218046222322611e-02
-1.454084681233577814e-02
-1.346269732684712492e-02
-1.239679229859432311e-02
-1.135172220395702300e-02
-1.033534054131046882e-02
-9.354785014309570032e-03
-8.416328231502501894e-03
-7.525300611414036979e-03
-6.686038932603164016e-03
-5.901864330201536842e-03
-5.175088129894238158e-03
-4.507042381416122810e-03
-3.898105207709567227e-03
-3.347856622840155068e-03
-2.855053634051453026e-03
-2.417798947368422508e-03
-2.033514129298245009e-03
-1.699175823644621941e-03
-1.411356113780370871e-03
-1.166331305557353560e-03
-9.601875761985958222e-04
-7.889210136538991284e-04
-6.485795851107574103e-04
-5.352684367489784394e-04
-4.453448401538382881e-04
-3.754624346510966539e-04
-3.226538815674270789e-04
-2.843988872340308155e-04
-2.586787729156220001e-04
-2.440225070847321846e-04
-2.395211757922298932e-04
-2.448536271217023955e-04
-2.602755804956430070e-04
-2.866099317910258547e-04
-3.252110090868261813e-04
-3.779194457672665217e-04
-4.470114665043740639e-04
-5.351300529034041858e-04
-6.452091759157697936e-04
-7.803897112639008975e-04
-9.439451118492993157e-04
-1.139165930996516567e-03
-1.369263897688826823e-03
-1.637275252274786232e-03
-1.945980999226636044e-03
-2.297800571482046163e-03
-2.694709535654555427e-03
-3.138162209669761483e-03
-3.629023287206367514e-03
-4.167540179846405089e-03
-4.753234657494334429e-03
-5.384893548242771465e-03
-6.060561598012661859e-03
-6.777526410421973180e-03
-7.532325589259975321e-03
-8.320769594754780576e-03
-9.137978750938935760e-03
-9.978433428738522210e-03
-1.083598981258461144e-02
-1.170407700591234376e-02
-1.257569085531118173e-02
-1.344348550396251563e-02
-1.429988316530540066e-02
-1.513717827373077182e-02
-1.594764395110428654e-02
-1.672365277206500078e-02
-1.745775413660144784e-02
-1.814273735183382849e-02
-1.877194234931726241e-02
-1.933917131963569166e-02
-1.983881256238256841e-02
-2.026593553837500658e-02
-2.061636290499780505e-02
-2.088672862378688697e-02
-2.107452471117885959e-02
-2.117812068025154426e-02
-2.119681919032911574e-02
-2.113082466578174862e-02
-2.098127134693211771e-02
-2.075011511373556564e-02
-2.044021082980607834e-02
-2.005520374827004376e-02
-1.959948264888938807e-02
-1.907810753294749903e-02
-1.849673001244660914e-02
-1.786150531000016764e-02
-1.717899774876199132e-02
-1.645597401782422989e-02
-1.569955912236238246e-02
-1.491696315861853681e-02
-1.411536304576861516e-02
-1.330186558788251996e-02
-1.248339280002055615e-02
-1.166659452441489928e-02
-1.085776717188039441e-02
-1.006278177005068449e-02
-9.287022229161565404e-03
-8.535334416381644765e-03
-7.811986429246194942e-03
-7.120640248266561084e-03
-6.464334801527247751e-03
-5.845480358934324223e-03
-5.265864037559885198e-03
-4.726666031731968642e-03
-4.228486001235981853e-03
-3.771378876298357372e-03
-3.354899175241110414e-03
-2.978152780188462415e-03
-2.639854979999839164e-03
-2.338384459348120947e-03
-2.071882957024587767e-03
-1.838308698728758316e-03
-1.635434927483605605e-03
-1.461021136064358846e-03
-1.312836341714530321e-03
-1.188724386275804255e-03
-1.086662368896456525e-03
-1.004813186143754941e-03
-9.415710208751639984e-04
-8.955986024440477184e-04
-8.658640973452627534e-04
-8.516413084418201400e-04
-8.525450132203152677e-04
-8.685233831261818813e-04
-8.998497561151572307e-04
-9.471228302090265285e-04
-1.011225248229814669e-03
-1.093297379055004417e-03
-1.194701885195013262e-03
-1.316976412321610749e-03
-1.461783288618327724e-03
-1.630854738304857729e-03
-1.825934993308082465e-03
-2.048720554703493176e-03
-2.300799875519799528e-03
-2.583629761821693450e-03
-2.898407257690990054e-03
-3.246043988917132750e-03
-3.627123191316118656e-03
-4.041859817708911944e-03
-4.490049638373257331e-03
-4.971041988568654715e-03
-5.483717740369634455e-03
-6.026475356755534724e-03
-6.597225537693691619e-03
-7.193394627517920963e-03
-7.811936874842015030e-03
-8.449355546548733761e-03
-9.101732741160535253e-03
-9.764767547009571905e-03
-1.043382199365000713e-02
-1.110397407378616551e-02
-1.177007696406370992e-02
-1.242683167893792601e-02
-1.306883536798778521e-02
-1.369059088398682719e-02
-1.428678823514778831e-02
-1.485220677113166521e-02
-1.538180890908153430e-02
-1.587082138467835191e-02
-1.631480180883654318e-02
-1.670969916393463817e-02
-1.705190935065689639e-02
-1.733832518632974495e-02
-1.756637973624260510e-02
-1.773408346957327034e-02
-1.784003673447209781e-02
-1.788348955843183791e-02
-1.786430421049988587e-02
-1.778297680927535401e-02
-1.764063513666421293e-02
-1.743894333609171191e-02
-1.718018188975757587e-02
-1.686715148321192223e-02
-1.650314131816904908e-02
-1.609187759175373378e-02
-1.563746810181848926e-02
-1.514434199487124308e-02
-1.461718599005598467e-02
-1.406087827523469329e-02
-1.348042127040902267e-02
-1.288087443985233387e-02
-1.226720471380458345e-02
-1.164443980362736726e-02
-1.101743105786128808e-02
-1.039084222016699831e-02
-9.769116342034303221e-03
-9.156376854038677376e-03
-8.556439991663602682e-03
-7.972760240039858393e-03
-7.408406906084141937e-03
-6.866047181325546714e-03
-6.347937226129106436e-03
-5.855920809015310174e-03
-5.391421042672051196e-03
-4.955499145000622115e-03
-4.548818999924624483e-03
-4.171695558916466498e-03
-3.824121003004462768e-03
-3.505834813140024271e-03
-3.216244945273517061e-03
-2.954587588149552337e-03
-2.719927966450583212e-03
-2.511204920232358150e-03
-2.327274559399991442e-03
-2.166953022170571910e-03
-2.029057081098492848e-03
-1.912441917676180672e-03
-1.816035601836945863e-03
-1.738868609250747042e-03
-1.680105256774613171e-03
-1.639063784569989553e-03
-1.615216161092377549e-03
-1.608222514974528379e-03
-1.617926651992314955e-03
-1.644353504319686146e-03
-1.687701144372244630e-03
-1.748347768836299452e-03
-1.826807302657378930e-03
-1.923721981888154315e-03
-2.039829214773178790e-03
-2.175938108097105576e-03
-2.332892648318398571e-03
-2.511536953053926987e-03
-2.712678560159429309e-03
-2.937051021277294147e-03
-3.185276652612048509e-03
-3.457830257831047156e-03
-3.755004627406679715e-03
-4.076878582425114139e-03
-4.423288274654317564e-03
-4.793843744061269951e-03
-5.187814000341886035e-03
-5.604168184437170047e-03
-6.041566068198683630e-03
-6.498347850723670133e-03
-6.972535814997742228e-03
-7.461843113756676943e-03
-7.963688470119226551e-03
-8.475216220247386995e-03
-8.993321267458590298e-03
-9.514618956440906369e-03
-1.003563593160719525e-02
-1.055273087077436035e-02
-1.106214529891557177e-02
-1.156005561199878982e-02
-1.204261876175792730e-02
-1.250601842506002606e-02
-1.294651263042520713e-02
-1.336048235189538254e-02
-1.374448007554770514e-02
-1.409527712172667716e-02
-1.440990840868152517e-02
-1.468571341249066443e-02
-1.492037212158310241e-02
-1.511193766697195573e-02
-1.525885582229804908e-02
-1.535997760136402664e-02
-1.541460714866576404e-02
-1.542246726941406791e-02
-1.538371485330921468e-02
-1.529894089356955908e-02
-1.516916258149807704e-02
-1.499574996944429313e-02
-1.478049418587774715e-02
-1.452553668378928943e-02
-1.423333872955853327e-02
-1.390665461248073546e-02
-1.354849036141258893e-02
-1.316206297390438464e-02
-1.275075697034350024e-02
-1.231807948636493878e-02
-1.186761480006898010e-02
-1.140297914634727516e-02
-1.092777662592063145e-02
-1.044555694861076800e-02
-9.959775677786534068e-03
-9.473757567637790256e-03
-8.990663501542371303e-03
-8.513461448387993347e-03
-8.044901759949346642e-03
-7.587497042206094860e-03
-7.143506749532216663e-03
-6.714926572460470054e-03
-6.303482615119020832e-03
-5.910630285354280186e-03
-5.537557747763732253e-03
-5.185193717216324792e-03
-4.854219298758121436e-03
-4.545083510680859688e-03
-4.258022063091634543e-03
-3.993078906946607824e-03
-3.750130020548888502e-03
-3.528908863991789008e-03
-3.329032908433336799e-03
-3.150030637213007030e-03
-2.991368419748165371e-03
-2.852476676318469167e-03
-2.732774781200424975e-03
-2.631692606642458635e-03
-2.548698017506418907e-03
-2.483304857908031488e-03
-2.435102575440078587e-03
-2.403742761446811798e-03
-2.388972736631638991e-03
-2.390632558074938865e-03
-2.408654966470709976e-03
-2.443062000157379503e-03
-2.493958304031357494e-03
-2.561540618128682958e-03
-2.646056225409844365e-03
-2.747803359352896449e-03
-2.867108786902317335e-03
-3.004312118174194690e-03
-3.159742338179717842e-03
-3.333696011144111383e-03
-3.526414611996969879e-03
-3.738061763606398153e-03
-3.968700897722684737e-03
-4.218273835350873358e-03
-4.486580779129043829e-03
-4.773262192277756555e-03
-5.077783007355493594e-03
-5.399419566121084826e-03
-5.737249641626951911e-03
-6.090145836806051469e-03
-6.456772590680227332e-03
-6.835586954030814684e-03
-7.224843221796065779e-03
-7.622601431484155379e-03
-8.026739658042458814e-03
-8.434969958485768679e-03
-8.844857746393579995e-03
-9.253844308883750827e-03
-9.659272118143782948e-03
-1.005841253696933973e-02
-1.044849547366045843e-02
-1.082674050647463790e-02
-1.119038897187883165e-02
-1.153673649419119374e-02
-1.186316542687033265e-02
-1.216717667761840413e-02
-1.244642040045216246e-02
-1.269872505769381946e-02
-1.292212438304732834e-02
-1.311488159811191254e-02
-1.327551241738766756e-02
-1.340279991256120018e-02
-1.349580238859848617e-02
-1.355389526663200103e-02
-1.357674497280971643e-02
-1.356432152069713369e-02
-1.351690051122354796e-02
-1.343505988538967744e-02
-1.331967194521068744e-02
-1.317184983787242185e-02
-1.299299982756692458e-02
-1.278476431928918071e-02
-1.254900783360494120e-02
-1.228778487136504213e-02
-1.200332088090001921e-02
-1.169797972865492357e-02
-1.137423423893190767e-02
-1.103463575522691149e-02
-1.068178367774192360e-02
-1.031829549546910314e-02
-9.946777755470936205e-03
-9.569798374653354367e-03
-9.189860661125089786e-03
-8.809379378248939976e-03
-8.430659150315747766e-03
-8.055875468917757590e-03
-7.687058513056675355e-03
-7.326079945971702978e-03
-6.974642799283812394e-03
-6.634274500767216656e-03
-6.306323045976306059e-03
-5.991956256701434953e-03
-5.692164012165891115e-03
-5.407763283818258285e-03
-5.139405753373151725e-03
-4.887587748006878320e-03
-4.652662187545562530e-03
-4.434852206917517387e-03
-4.234266093554652291e-03
-4.050913163992688089e-03
-3.884720196571881095e-03
-3.735548037628807182e-03
-3.603208006516429862e-03
-3.487476134519551952e-03
-3.388114603096574213e-03
-3.304875758258807826e-03
-3.237520559895465735e-03
-3.185834971093207818e-03
-3.149616216164436659e-03
-3.128701479346527540e-03
-3.122966112245343685e-03
-3.132324769521952802e-03
-3.156730488367600219e-03
-3.196171662603470610e-03
-3.250667014727279779e-03
-3.320275118907145117e-03
-3.405059012838867766e-03
-3.505090179057920169e-03
-3.620435535395299248e-03
-3.751145768908062655e-03
-3.897237400661118876e-03
-4.058686112669597328e-03
-4.235408956382664437e-03
-4.427251514274979476e-03
-4.633974926667355602e-03
-4.855243658545889233e-03
-5.090614358961003533e-03
-5.339526112361118494e-03
-5.601292366976656431e-03
-5.875094790914319257e-03
-6.159979264440758676e-03
-6.454854173652252620e-03
-6.758491125711097065e-03
-7.069528157669958957e-03
-7.386475459794270351e-03
-7.707723581832322431e-03
-8.031554039009019749e-03
-8.356152185588792969e-03
-8.679622179093583398e-03
-9.000003818522820179e-03
-9.315291005599274365e-03
-9.623451549261816465e-03
-9.922448010302625451e-03
-1.021025926510740409e-02
-1.048490245481650297e-02
-1.074445497884121518e-02
-1.098707618956107530e-02
-1.121102844826738984e-02
-1.141469687990236993e-02
-1.159661052641534386e-02
-1.175545432641630049e-02
-1.189008904055422269e-02
-1.199954518820132120e-02
-1.208308831395285034e-02
-1.214017762165139382e-02
-1.217048162665930987e-02
-1.217388355482726045e-02
-1.215048311908546556e-02
-1.210059537702128790e-02
-1.202474670330611235e-02
-1.192366785904180881e-02
-1.179825637211000776e-02
-1.164961404255884618e-02
-1.147900500152117254e-02
-1.128784382877480105e-02
-1.107768014078574711e-02
-1.085017328210359511e-02
-1.060707916687297914e-02
-1.035022626219826367e-02
-1.008149515912690544e-02
-9.802797911941539891e-03
-9.516057835352203717e-03
-9.223190050049970279e-03
-8.926083009916868996e-03
-8.626581226871078700e-03
-8.326469388612965997e-03
-8.027458043622400299e-03
-7.731171005879171505e-03
-7.439134606667961551e-03
-7.152768892093428095e-03
-6.873380833141649535e-03
-6.602159580696927849e-03
-6.340173761168532013e-03
-6.088370770006879505e-03
-5.847577981686191174e-03
-5.618505757364756180e-03
-5.401752097068227704e-03
-5.197808753250196534e-03
-5.007068597915684781e-03
-4.829834016663832504e-03
-4.666326090161463519e-03
-4.516694316564457724e-03
-4.381026626931369336e-03
-4.259358115680966089e-03
-4.151686201891069752e-03
-4.057972384822965128e-03
-3.978155851715030680e-03
-3.912172649951387200e-03
-3.859926774653511979e-03
-3.821329111871464828e-03
-3.796294705798341617e-03
-3.784745554570195271e-03
-3.786612176651759157e-03
-3.801833774566752439e-03
-3.830357008309981121e-03
-3.872133482951857150e-03
-3.927116092427910404e-03
-3.995254363993052012e-03
-4.076510250470297483e-03
-4.170811786094083019e-03
-4.278067997892470893e-03
-4.398158711465965237e-03
-4.530926995300938245e-03
-4.676167742071479956e-03
-4.833625090375616960e-03
-5.002981712960322819e-03
-5.183852252630125231e-03
-5.375776849627802653e-03
-5.578215391132685351e-03
-5.790542709505267990e-03
-6.012044920666249209e-03
-6.241917082296672553e-03
-6.479262319026159178e-03
-6.723092522052747343e-03
-6.972330691268583715e-03
-7.225814949138527864e-03
-7.482304216270167958e-03
-7.740485499274677231e-03
-7.998982703976932271e-03
-8.256366853427409697e-03
-8.511167562031475217e-03
-8.761885594998970739e-03
-9.007006325907267880e-03
-9.245013893589143494e-03
-9.474405851747530125e-03
-9.693708099696872818e-03
-9.901489879730733870e-03
-1.009637862544860917e-02
-1.027707412319263727e-02
-1.044236441886782496e-02
-1.059113482547402625e-02
-1.072238344061140700e-02
-1.083520935984168959e-02
-1.092888521518463850e-02
-1.100281175823178414e-02
-1.105653312129815762e-02
-1.108974299448248040e-02
-1.110228826030673806e-02
-1.109417085106913399e-02
-1.106554785806299242e-02
-1.101672980207463702e-02
-1.094817696855296396e-02
-1.086049376256545060e-02
-1.075442112397681331e-02
-1.063079761656983424e-02
-1.049060776013360091e-02
-1.033493533735286088e-02
-1.016495611174773016e-02
-9.981924519790413494e-03
-9.787161454134355940e-03
-9.582033673710679475e-03
-9.367946359420831898e-03
-9.146325341542442186e-03
-8.918603806902793488e-03
-8.686209210446110482e-03
-8.450550917326646316e-03
-8.213008687363078722e-03
-7.974922081628922979e-03
-7.737580879806892249e-03
-7.502216594870043768e-03
-7.269995163421566660e-03
-7.042010877928240979e-03
-6.819281610548426874e-03
-6.602745357329205429e-03
-6.393258107034387183e-03
-6.191593011833752304e-03
-5.998440808842758244e-03
-5.814411413668236182e-03
-5.640036581446503973e-03
-5.475773508902683634e-03
-5.322009233773780656e-03
-5.179065675999588829e-03
-5.047203818289853518e-03
-4.926634706079255875e-03
-4.817518150151691228e-03
-4.719973035172975347e-03
-4.634082402065056033e-03
-4.559913560929369433e-03
-4.497480884144044316e-03
-4.446787277319349564e-03
-4.407820675750248954e-03
-4.380556992945864279e-03
-4.364962410052984632e-03
-4.360994768667039723e-03
-4.368604028291524395e-03
-4.387731847515298142e-03
-4.418310391769491793e-03
-4.460260474137158968e-03
-4.513489125897704457e-03
-4.577886678651600823e-03
-4.653338419799145018e-03
-4.739691687850651307e-03
-4.836768092139415859e-03
-4.944357088948296564e-03
-5.062211211541107168e-03
-5.190041612992818236e-03
-5.327513804472767782e-03
-5.474244337153692623e-03
-5.629793713032032847e-03
-5.793668762896489986e-03
-5.965316405159169257e-03
-6.144122355088228911e-03
-6.329410066534250055e-03
-6.520440548166288146e-03
-6.716413184206709852e-03
-6.916467619793342445e-03
-7.119686745332132020e-03
-7.325100780770016536e-03
-7.531692428801401926e-03
-7.738403039542721129e-03
-7.944139707442407841e-03
-8.147783203375346534e-03
-8.348196630871917642e-03
-8.544234685132226503e-03
-8.734753386411225548e-03
-8.918620154780836085e-03
-9.094723694267361352e-03
-9.261986689913017171e-03
-9.419371453063190430e-03
-9.565893593658843230e-03
-9.700630941063289811e-03
-9.822732684766572256e-03
-9.931406613038866460e-03
-1.002598637319552372e-02
-1.010589033388165428e-02
-1.017063473519057293e-02
-1.021983942736018336e-02
-1.025323184800736552e-02
-1.027064993735073845e-02
-1.027204402876287156e-02
-1.025747761811712441e-02
-1.022712688004417773e-02
-1.018127881738515456e-02
-1.012032798398481044e-02
-1.004477179900991300e-02
-9.955204554414171306e-03
-9.852310283700389110e-03
-9.736828460170683999e-03
-9.609601115595979570e-03
-9.471529399338733321e-03
-9.323569500459000930e-03
-9.166722979443887517e-03
-9.002026657201742457e-03
-8.830542458142952647e-03
-8.653347452327198736e-03
-8.471526182255155468e-03
-8.286155203536043831e-03
-8.098302362310499242e-03
-7.909014908723312545e-03
-7.719312859700353316e-03
-7.530182522324393654e-03
-7.342570693566140803e-03
-7.157379602163330655e-03
-6.975462631336049393e-03
-6.797620862465379374e-03
-6.624600464549021232e-03
-6.457090935835907430e-03
-6.295724186467170636e-03
-6.141074432645985716e-03
-5.993657319060760776e-03
-5.853936964358703691e-03
-5.722320235700650327e-03
-5.599163580632292130e-03
-5.484775204113691988e-03
-5.379418179830120807e-03
-5.283313814988414847e-03
-5.196645126624995815e-03
-5.119574993011166350e-03
-5.052208279619624202e-03
-4.994629596273543123e-03
-4.946899650319786131e-03
-4.909057674767566132e-03
-4.881123565995713204e-03
-4.863099476534213199e-03
-4.854970802385852324e-03
-4.856706596979063970e-03
-4.868259487926768214e-03
-4.889565178405814658e-03
-4.920541605153655115e-03
-4.961087807646701563e-03
-5.011082543000677444e-03
-5.070382666357235030e-03
-5.138821292239518189e-03
-5.216205758085317411e-03
-5.302335050362734850e-03
-5.396955927443286387e-03
-5.499785077463196538e-03
-5.610503706034293721e-03
-5.728755007774795870e-03
-5.854142361924085866e-03
-5.986227941157226153e-03
-6.124531692786227589e-03
-6.268530706850686945e-03
-6.417659015077582449e-03
-6.571307882745036112e-03
-6.728826665819803189e-03
-6.889524303847999881e-03
-7.052672061059939504e-03
-7.217502866372226336e-03
-7.383223335089564993e-03
-7.549008877129463092e-03
-7.714013252558014032e-03
-7.877373462627203921e-03
-8.038215783382067145e-03
-8.195662291295691820e-03
-8.348837735210645414e-03
-8.496876654692545397e-03
-8.638930636247913256e-03
-8.774175602276388861e-03
-8.901819035379144110e-03
-9.021107046533851856e-03
-9.131331199400129564e-03
-9.231816884563164363e-03
-9.321978700884220315e-03
-9.401287437441497447e-03
-9.469280559682123621e-03
-9.525567061865931190e-03
-9.569831142312064040e-03
-9.601835258657390182e-03
-9.621422599543058563e-03
-9.628518891533034002e-03
-9.623133417235106568e-03
-9.605359120794335417e-03
-9.575371708068207421e-03
-9.533427703836487924e-03
-9.479861493747031992e-03
-9.415081436174095597e-03
-9.339565167042117311e-03
-9.253854237821254602e-03
-9.158548228522999865e-03
-9.054298469510569866e-03
-8.941775104974387586e-03
-8.821719898629292941e-03
-8.694901107949874405e-03
-8.562112761570475281e-03
-8.424167789285260180e-03
-8.281890884614607345e-03
-8.136111483866783137e-03
-7.987657077694044344e-03
-7.837346995202824906e-03
-7.685986733778852470e-03
-7.534362859863058537e-03
-7.383238473166911335e-03
-7.233349212185559082e-03
-7.085399781247227538e-03
