-6.246086529221456241e-03
2.240154402784799714e-02
1.613258884997958997e-01
3.455549473342205413e-01
4.810263126226780317e-01
5.734489541916694133e-01
6.354274511251929436e-01
6.771280388026295061e-01
7.050986459233837822e-01
7.234352426078720644e-01
7.350621818898684934e-01
7.422290862754816754e-01
7.465942791407622625e-01
7.492742420560080108e-01
7.509577927864059532e-01
7.520447746854916904e-01
7.527621894782201561e-01
7.532415682600258622e-01
7.535631290511946023e-01
7.537786008522892045e-01
7.539226228232271954e-01
7.540187248041210211e-01
7.540828591395702940e-01
7.541257453494247809e-01
7.541545206459331352e-01
7.541739088812218217e-01
7.541870303201478887e-01
7.541959493764265332e-01
7.542020373187197091e-01
7.542062095412591649e-01
7.542090801868808203e-01
