2.103860271412417601e-25
5.609824995905996016e-25
2.755016687589514380e-24
5.661816570104170774e-24
8.109269326852811310e-24
9.186064808429561966e-24
1.595010446426317990e-23
1.512069132487284623e-23
1.195176558301827450e-23
-4.289888981487316428e-24
-1.269559870137669532e-23
2.065121079550528901e-24
-8.529518949450442356e-24
-1.611406659820805486e-23
9.724132272826839831e-24
2.447192839067009388e-23
1.735614292313289430e-23
5.008097301645225913e-23
7.141830909324875260e-23
4.066602471786344545e-23
6.961370919200193177e-23
4.910097109357066457e-23
5.663546676694998723e-23
1.044279364294493024e-22
8.969229309589754472e-23
1.760840137582682346e-22
1.552223299857638874e-22
9.688103273204399483e-23
-2.088446783600292200e-23
-4.983444567115690672e-23
8.358660836663061560e-23
2.913431022700454688e-22
2.380555516310558569e-22
2.372718700450511167e-22
3.921887063993114452e-22
6.206166895343226911e-22
7.218067896816661378e-22
8.658420707494712487e-22
1.053663325362770012e-21
7.510925145602044090e-22
7.148351074363862820e-22
7.129532541291824614e-22
7.379705821048965730e-22
5.243441676118882750e-22
4.270705672927528192e-22
6.915228510579414277e-22
7.220439546645465544e-22
1.019055829665762046e-21
1.118274398370588354e-21
1.105792097293792688e-21
1.255962441505699249e-21
