1.074023722832248139e-24
1.622995759335598084e-24
5.606930080888178251e-24
1.128562121229965482e-23
3.683733926863387589e-24
-4.726661194468836808e-24
-2.189190447964527532e-23
-9.438013364826082330e-23
-1.875647410550377082e-22
-2.580461121315791544e-22
-3.208715360860656664e-22
-3.795509681529892342e-22
-4.571662520303070372e-22
-5.627242699038837867e-22
-6.174312480288992206e-22
-6.470101617244869862e-22
-6.840382112710974766e-22
-7.028387612531054729e-22
-8.167621782568147024e-22
-9.658522572394412536e-22
-1.065532962242178600e-21
-1.056759563827712186e-21
-1.170393426578092325e-21
-1.306460406559108010e-21
-1.404253570378331772e-21
-1.539987004474123723e-21
-1.656181390564180593e-21
-1.777216736972098510e-21
-2.136589438537316945e-21
-2.465853587318767973e-21
-2.592765502601349216e-21
-2.322675334785687208e-21
-2.065261323434251477e-21
-2.139380556773356811e-21
-1.993383571208461190e-21
-2.143747146662421774e-21
-2.412192347984207508e-21
-2.414388056952157023e-21
-2.338922287204092682e-21
-2.448754179645928594e-21
-2.413342623741210452e-21
-2.348829639183546788e-21
-2.315175662514285876e-21
-2.751872366518363691e-21
-2.888305175447752981e-21
-2.565247193136310118e-21
-2.971021142832163903e-21
-3.444617409987954037e-21
-2.918980688775312940e-21
-2.758501698511198398e-21
-2.613989629812584596e-21
