6.382411081145932148e-03
2.552958133333004323e-02
5.744132178326899485e-02
1.021173174788133214e-01
1.595571274912478132e-01
2.297601849201725277e-01
3.127257968986727477e-01
4.084531446007844679e-01
5.169412832486739440e-01
6.381891421228249595e-01
7.721955245722572636e-01
9.189591080261086953e-01
1.078478444006903958e+00
1.250751958145027487e+00
1.435777950193911190e+00
1.633554594047325947e+00
1.844079937756427867e+00
2.067351903550437076e+00
2.303368287855605434e+00
2.552126761318304293e+00
2.813624868827080405e+00
3.087860029537483175e+00
3.374829536897020699e+00
3.674530558672445935e+00
3.986960136977065527e+00
4.312115188300536417e+00
4.649992503538877386e+00
5.000588748026290276e+00
5.363900461568311684e+00
5.739924058475339486e+00
6.128655827598532113e+00
6.530091932366513419e+00
6.944228410822840480e+00
7.371061175665142962e+00
7.810586014286018397e+00
8.262798588813790701e+00
8.727694436155923441e+00
9.205268968042664923e+00
9.695517471073072713e+00
1.019843510676034271e+01
1.071401691158031433e+01
1.124225779702087991e+01
1.178315254963114889e+01
1.233669583107355017e+01
1.290288217817637140e+01
1.348170600298785615e+01
1.407316159283097967e+01
1.467724311036024787e+01
1.529394459361882497e+01
1.592325995609796507e+01
1.656518298679647572e+01
