-3.856359792134191750e-05
-1.542540110374043252e-04
-3.470700972751546154e-04
-6.170099531113288618e-04
-9.640709135875317201e-04
-1.388249552339273964e-03
-1.889541681623055098e-03
-2.467942352372843890e-03
-3.123445854229136079e-03
-3.856045715612076326e-03
-4.665734703777277281e-03
-5.552504824883338491e-03
-6.516347324083661408e-03
-7.557252685604812920e-03
-8.675210632836483776e-03
-9.870210128437528763e-03
-1.114223937446343939e-02
-1.249128581242696032e-02
-1.391733612349717666e-02
-1.542037622857143908e-02
-1.700039128846650774e-02
-1.865736570398506336e-02
-2.039128311618474548e-02
-2.220212640641468921e-02
-2.408987769657574760e-02
-2.605451834926691621e-02
-2.809602896795931545e-02
-3.021438939725809916e-02
-3.240957872287723862e-02
-3.468157527225581432e-02
-3.703035661428771830e-02
-3.945589955996243320e-02
-4.195818016230780378e-02
-4.453717371671272324e-02
-4.719285476135502699e-02
-4.992519707710597193e-02
-5.273417368810160571e-02
-5.561975686173724343e-02
-5.858191810931168142e-02
-6.162062818581801743e-02
-6.473585709067597449e-02
-6.792757406785246421e-02
-7.119574760601674046e-02
-7.454034543911203237e-02
-7.796133454662594608e-02
-8.145868115366995676e-02
-8.503235073160894664e-02
-8.868230799822036936e-02
-9.240851691834617299e-02
-9.621094070356916994e-02
-1.000895418134020581e-01
