0.000000000000000000e+00
6.705036624618299079e-01
1.431184091494331234e+00
2.239575603973512852e+00
3.095439359749556196e+00
3.987965052983225789e+00
4.916958080574862500e+00
5.876892418991277900e+00
6.867562306034498576e+00
7.885421425508090110e+00
8.930246905385395451e+00
9.999481621820846655e+00
1.109288845739958340e+01
1.220848893204903440e+01
1.334603720264240856e+01
1.450393109862669228e+01
1.568192314005241705e+01
1.687867722109150037e+01
1.809395275606924969e+01
1.932661642507216015e+01
2.057644456329759564e+01
2.184247001590263793e+01
2.312449760388962261e+01
2.442170617022219048e+01
2.573394209462002635e+01
2.706052087348458102e+01
2.840134489238618443e+01
2.975586437235706327e+01
3.112405326905026826e+01
3.250549973177901109e+01
3.390026557257817785e+01
3.530808349201818430e+01
3.672911962419310328e+01
3.816325982418898377e+01
3.961079049798406260e+01
4.107175990990302239e+01
4.254658932472879940e+01
4.403549801360041727e+01
4.553905433491171095e+01
4.705765517830671030e+01
4.859202477472088333e+01
5.014274091567929048e+01
5.171068787130258215e+01
5.329662299730829744e+01
5.490158906387623716e+01
5.652651592093699406e+01
5.817259674138831826e+01
5.984092033063868854e+01
6.153281521474679039e+01
6.324950899055473030e+01
6.499244378029048619e+01
6.676295971535563467e+01
6.856258494136363879e+01
7.039274085240094792e+01
7.225500943958127209e+01
7.415085814814493403e+01
7.608188678800627258e+01
7.804956979128920125e+01
8.005548407345708029e+01
8.210106603750998033e+01
8.418782076451785201e+01
8.631709053694083877e+01
8.849024483603207614e+01
9.070845686018239462e+01
9.297287354351237809e+01
9.528439720677241098e+01
9.764383602144616248e+01
1.000516905710348965e+02
1.025082890003565979e+02
1.050135839360928998e+02
1.075672835001330867e+02
1.101686720560624906e+02
1.128167556330159016e+02
1.155101250243347266e+02
1.182471340594189257e+02
1.210258162773942843e+02
1.238440983854087278e+02
1.266997579275911647e+02
1.295906460778107032e+02
1.325146476295126945e+02
1.354698705035289663e+02
1.384545683708921047e+02
1.414672709311155927e+02
1.445066605065435965e+02
1.475716538395940631e+02
1.506612562446779862e+02
1.537746254169332758e+02
1.569109316336844131e+02
1.600694270597891773e+02
1.632493277820423998e+02
1.664498990449715166e+02
1.696703641175550388e+02
1.729100066029677123e+02
1.761681014300979200e+02
1.794440240077169619e+02
1.827371867770808649e+02
1.860471356511599765e+02
1.893734724877546967e+02
1.927159245264849972e+02
1.960742461014350511e+02
1.994482635498051195e+02
2.028377647901568821e+02
2.062425318553282523e+02
2.096622308105463333e+02
2.130964461953220734e+02
2.165445901696281510e+02
2.200059659830975534e+02
2.234797277897741026e+02
2.269649966709995397e+02
2.304608665132724070e+02
2.339665256641223436e+02
2.374812238844764352e+02
2.410043087706943652e+02
2.445351036958644499e+02
2.480728846632949853e+02
2.516167637925591123e+02
2.551657203986092668e+02
2.587185598782187981e+02
2.622739947715754738e+02
2.658306215254161202e+02
2.693869909339904325e+02
2.729415736944035871e+02
2.764928221560097086e+02
2.800391357266935302e+02
2.835789191919441805e+02
2.871105467760983743e+02
2.906324150774854047e+02
2.941429048762818752e+02
2.976404285270010632e+02
3.011233895500870403e+02
3.045902253994669877e+02
3.080393662768528316e+02
3.114692751135840467e+02
3.148784072387313699e+02
3.182652490736122672e+02
3.216282796276893805e+02
3.249660085966739302e+02
3.282769398888091814e+02
3.315596091504871765e+02
3.348125490147580194e+02
3.380343257360962070e+02
3.412235056874010866e+02
3.443786907525874312e+02
3.474984856763616676e+02
3.505815320068771825e+02
3.536264760911894314e+02
3.566320015499788951e+02
3.595967978845541211e+02
3.625195915930445949e+02
3.653991154407137856e+02
3.682341383635030638e+02
3.710234354592527097e+02
3.737658168027713828e+02
3.764600981865314111e+02
3.791051289363788328e+02
3.816997634059561051e+02
3.842428878651353443e+02
3.867333927501081803e+02
3.891701986982387780e+02
3.915522295648938780e+02
3.938784376839389552e+02
3.961477776686429593e+02
3.983592309757328280e+02
4.005117805043105932e+02
4.026044345308886250e+02
4.046362021105891813e+02
4.066061164372734993e+02
4.085132110420854588e+02
4.103565426237938709e+02
4.121351680373786053e+02
4.138481666387579594e+02
4.154946180610869533e+02
4.170736241224452669e+02
4.185842873935504258e+02
4.200257327176040008e+02
4.213970865703491313e+02
4.226974982292541654e+02
4.239261199100546946e+02
4.250821275984185377e+02
4.261647019228443014e+02
4.271730486377119860e+02
4.281063801757546798e+02
4.289639357612981030e+02
4.297449635864167590e+02
4.304487405402398963e+02
4.310745549662891563e+02
4.316217260057470639e+02
4.320895869031489838e+02
4.324775039625923228e+02
4.327848603634381561e+02
4.330110747149853410e+02
4.331555853285761373e+02
4.332178683410598410e+02
4.331974223817952634e+02
4.330937862352125194e+02
4.329065238525132600e+02
4.326352415422608715e+02
4.322795733012697497e+02
4.318391975455900251e+02
4.313138227548498662e+02
4.300281419658218169e+02
4.312484934566636525e+02
4.300341124160981963e+02
4.312337595342827967e+02
4.300430230931624465e+02
4.312672488390325043e+02
4.301289995258723593e+02
4.314017481484885934e+02
4.303202157085879662e+02
4.316409104768641782e+02
4.306084695367737254e+02
4.319689493183028048e+02
4.309771256245240920e+02
4.323768282711954498e+02
4.314355454420289675e+02
4.328962978670165853e+02
4.320325090081799999e+02
4.335781020896232576e+02
4.327990618441280049e+02
4.344083483198979252e+02
4.336573982177466746e+02
4.352442196755326904e+02
4.344218336451821756e+02
4.358954615119163805e+02
4.349382225864849261e+02
4.362730104077524516e+02
4.351922013682938655e+02
4.364280289075326209e+02
4.352792968689067834e+02
4.364751143932557511e+02
4.353105412478092830e+02
4.365060236760476187e+02
4.353511134443838841e+02
4.365593331977896128e+02
4.354178681386329117e+02
4.366370967741457321e+02
4.355047817673424220e+02
4.367303646692073471e+02
4.356031361684671879e+02
4.368319970727036434e+02
4.357074987824900063e+02
4.369377344824804936e+02
4.358141170913476117e+02
4.370438643147414268e+02
4.359192133675743435e+02
4.371467524574390495e+02
4.360197124480521893e+02
4.372443240672214415e+02
4.361148638553348746e+02
4.373372326672435406e+02
4.362065491108276660e+02
4.374281903693888580e+02
4.362977848846205688e+02
4.375199630469805356e+02
4.363906236188153116e+02
4.376135910378439462e+02
4.364850100727381346e+02
4.377080486328340498e+02
4.365792410997149204e+02
4.378013229303614935e+02
4.366713473471520501e+02
4.378917388233583097e+02
4.367600506025889331e+02
4.379783610082448035e+02
4.368445954017491317e+02
4.380604086497621097e+02
4.369240189049288574e+02
4.381367013365373282e+02
4.369970527496177510e+02
4.382061631881143740e+02
4.370631855234458953e+02
4.382692064604883058e+02
4.371239954908005529e+02
4.383286171321529991e+02
4.371832859851056696e+02
4.383888086642133430e+02
4.372455213627316652e+02
4.384536734437999144e+02
4.373134435177631190e+02
4.385243724504352372e+02
4.373864392609849006e+02
4.385986072373971183e+02
4.374608874277610653e+02
4.386719956529223623e+02
4.375322890324285368e+02
4.387405138703286980e+02
4.375975247031516346e+02
4.388021482363818109e+02
4.376556571743366248e+02
4.388568279515450854e+02
4.377071839122267534e+02
4.389053369666273738e+02
4.377530030364652021e+02
4.389486741870175592e+02
4.377943536832072482e+02
4.389885472196543219e+02
4.378336329783602991e+02
4.390281561651779043e+02
4.378747774562769450e+02
4.390718948404140747e+02
4.379221600175524145e+02
4.391234918470874504e+02
4.379781914351002001e+02
4.391834436196969591e+02
4.380410787570558568e+02
4.392476378604523575e+02
4.381047674106096110e+02
4.393088269358073603e+02
4.381618070128419618e+02
4.393603928207257354e+02
4.382072881643010192e+02
4.393996929211438669e+02
4.382409967396677644e+02
4.394287154258546479e+02
4.382665956011755952e+02
4.394521069510892630e+02
4.382890216306660136e+02
4.394745434526232657e+02
4.383123763289254953e+02
4.394994964180378929e+02
4.383396486767293823e+02
4.395297122385210287e+02
4.383735443406284844e+02
4.395679016862671347e+02
4.384165907763095333e+02
4.396159657151324041e+02
4.384694197263148112e+02
4.396725630784572445e+02
4.385281611939291793e+02
4.397311162441641272e+02
4.385838995442513806e+02
4.397813238712705015e+02
4.386263465543204347e+02
4.398144768308340531e+02
4.386497694454660063e+02
4.398287548243450829e+02
4.386565614904126278e+02
4.398303996924407784e+02
4.386558789275706545e+02
4.398301678757472359e+02
4.386586287473138555e+02
4.398377913288053378e+02
4.386723946432931029e+02
4.398582293415178128e+02
4.386995552393075855e+02
4.398917367308380904e+02
4.387389084549192262e+02
4.399362911036359378e+02
4.387880063229463872e+02
4.399890432485048564e+02
4.388432457107525693e+02
4.400450390891013512e+02
4.388977386312851081e+02
4.400952095778804960e+02
4.389406005750360009e+02
4.401279422558923784e+02
4.389611659100735324e+02
4.401354207007591981e+02
4.389561315082598867e+02
4.401198706879978886e+02
4.389333917342574409e+02
4.400941100887862376e+02
4.389092198045426585e+02
4.400759271351344069e+02
4.389007886262921829e+02
4.400798512715530251e+02
4.389183503597344043e+02
4.401108727905446472e+02
4.389614484221399380e+02
4.401636842950288724e+02
4.390211017804283529e+02
4.402270646746914053e+02
4.390851935491922973e+02
4.402889926674031358e+02
4.391423218319600323e+02
4.403387951377800960e+02
4.391824369081051600e+02
4.403670105549007303e+02
4.391969721196857108e+02
4.403667553220918762e+02
4.391819142632098192e+02
4.403381677355588977e+02
4.391425135724041979e+02
4.402919070847731291e+02
4.390943474557514605e+02
4.402473025395618720e+02
4.390588916510304784e+02
4.402261349616273378e+02
4.390562439303037081e+02
4.402447182891147008e+02
4.390968414668213313e+02
4.403058300610022116e+02
4.391747654677548667e+02
4.403949526921873598e+02
4.392682710706098419e+02
4.404855611658660450e+02
4.393491105846051141e+02
4.405507952336196809e+02
4.393944949827056803e+02
4.405738864511289421e+02
4.393947642661684085e+02
4.405525319006845848e+02
4.393545146171148872e+02
4.404972610015449277e+02
4.392889453049918416e+02
4.404265548256222473e+02
4.392184327897592198e+02
4.403614193028592467e+02
4.391636185674320814e+02
4.403215576559214242e+02
4.391431219812973836e+02
4.403245051207039182e+02
4.391729609242991046e+02
4.403832690071862430e+02
4.392603277463388736e+02
4.404955841013646705e+02
4.393902144421343792e+02
4.406322539592574685e+02
4.395207268822754259e+02
4.407432864761404403e+02
4.396006238647826194e+02
4.407837505326202177e+02
4.395979162312598874e+02
4.407390565129439324e+02
4.395170541557394586e+02
4.406314450168092662e+02
4.393943046067689693e+02
4.405056585942072047e+02
4.392765618542133552e+02
4.404048234082649174e+02
4.391987851090676145e+02
4.403536351745366915e+02
4.391758373591447935e+02
4.403596590979732923e+02
4.392115989726455041e+02
4.404263239658001226e+02
4.393103393171631978e+02
4.405569432042941003e+02
4.394694173146565390e+02
4.407360747184093270e+02
4.396545803346756429e+02
4.409086044137667386e+02
4.397939324016376190e+02
4.409960928700787690e+02
4.398164909036500489e+02
4.409488383381193444e+02
4.397036167575371906e+02
4.407826779846516843e+02
4.395024738848898096e+02
4.405679080743375948e+02
4.392955300446539013e+02
4.403876526018182744e+02
4.391563014548224828e+02
4.402982326623111931e+02
4.391200638867045996e+02
4.403142302036012552e+02
4.391847750049984711e+02
4.404232081886355559e+02
4.393336975734764565e+02
4.406077775040273536e+02
4.395484675443215110e+02
4.408441644790003693e+02
4.397928574979164864e+02
4.410770149566444047e+02
4.399898327262834528e+02
4.412123755760792960e+02
4.400416117725181380e+02
4.411677177834890244e+02
4.399005100668528598e+02
4.409436073034817127e+02
4.396175855552069152e+02
4.406318106218333241e+02
4.393072241828862730e+02
4.403494189535542205e+02
4.390736231098032363e+02
4.401796199907913660e+02
4.389777613190953502e+02
4.401638600888846327e+02
4.390447788351763165e+02
4.403127470977277085e+02
4.392706329469385764e+02
4.406059577080906706e+02
4.396160651170617939e+02
4.409821715379296734e+02
4.399951624518113249e+02
4.413307966996769665e+02
4.402772490800835499e+02
4.415120278516716894e+02
4.403307995563700388e+02
4.414243491559212202e+02
4.401059525760115889e+02
4.410851257544649116e+02
4.396907597954324274e+02
4.406406517981678235e+02
4.392622891985256501e+02
4.402631031496123342e+02
4.389554853822843370e+02
4.400331831200831516e+02
4.388018174263822857e+02
4.399572221418522986e+02
4.388133658918499691e+02
4.400745716333198061e+02
4.390568936400528628e+02
4.404562314748240510e+02
4.395698837097755813e+02
4.410687291008424040e+02
4.402252696634452604e+02
4.416924231969532570e+02
4.407366480780671054e+02
4.420190336438305394e+02
4.408277826117995346e+02
4.418558294095341239e+02
4.404278389666613407e+02
4.412710715489768631e+02
4.397356174758693328e+02
4.405596316776318417e+02
4.390866787251365508e+02
4.400320160768725373e+02
4.387057940622508454e+02
4.397891951390686245e+02
4.385691133259763319e+02
4.397231474779302403e+02
4.385564215278594133e+02
4.397796033642249540e+02
4.387311547588126928e+02
4.401381118459742083e+02
4.393256123709811050e+02
4.409755143862162754e+02
4.403469669985142332e+02
4.420561958611260138e+02
4.413205587289073151e+02
4.427543291884703649e+02
4.416149388664725279e+02
4.425871451883562031e+02
4.410099667615490944e+02
4.416413032487842543e+02
4.398703034796746465e+02
4.404737798567419418e+02
4.388265101933648111e+02
4.396614722163042757e+02
4.382904765249231787e+02
4.393806888546386062e+02
4.381944121040676805e+02
4.393814485133995049e+02
4.382251996152117499e+02
4.394283834961284470e+02
4.383408483597550571e+02
4.397200329209472898e+02
4.389334599509441546e+02
4.407017459760261886e+02
4.403002291783335522e+02
4.423236166961295908e+02
4.419295605438852022e+02
4.436509224574031123e+02
4.426705938136969394e+02
4.436318713096168267e+02
4.418788665157642868e+02
4.422165986956248958e+02
4.401060781602145084e+02
4.403970982206033113e+02
4.385178893186380265e+02
4.392226760807329811e+02
4.378118327275464594e+02
4.389175561966723649e+02
4.377591910002212785e+02
4.389507354606327567e+02
4.377583784507619953e+02
4.388904500343968493e+02
4.377237262828491566e+02
4.390569836503988199e+02
4.383037814626603108e+02
4.402224453334983423e+02
4.401036345120228361e+02
4.425220809059702560e+02
4.425756902277080940e+02
4.447064097927578246e+02
4.439983502664674688e+02
4.450180181774327934e+02
4.430814443918726511e+02
4.430277961659474499e+02
4.404110283016421477e+02
4.402090261789038550e+02
4.379726583201778567e+02
4.385269692499154530e+02
4.371624318067658237e+02
4.384265411798128298e+02
4.374197139424480838e+02
4.386547665360810697e+02
4.373522127339261374e+02
4.382401915464839703e+02
4.367689866700529251e+02
4.378410330780248501e+02
4.369759601777610669e+02
4.390101452153491550e+02
4.392573998130995392e+02
4.422467701619751779e+02
4.429708544698053174e+02
4.457363112172190540e+02
4.454987879829832309e+02
4.467305857050959617e+02
4.447023504222894417e+02
4.442639166970017754e+02
4.410424868449341602e+02
4.401505984124896713e+02
4.373119031812098569e+02
4.375086040858664660e+02
4.361067069470138904e+02
4.376071353075804495e+02
4.369591921535334222e+02
4.384878552612664748e+02
4.372654601605067342e+02
4.379569451835998848e+02
4.360438773905185030e+02
4.365426214447804796e+02
4.351451326172607992e+02
4.368752580273123272e+02
4.371873775534031097e+02
4.406444844887780050e+02
4.421465603454136044e+02
4.458181928223307295e+02
4.464140269366763505e+02
4.482437502472847655e+02
4.464768445988617032e+02
4.459256341463599256e+02
4.422477286330482116e+02
4.406607612804064047e+02
4.370595810831896983e+02
4.366232741210191080e+02
4.348749018583628185e+02
4.363717660865069661e+02
4.360015050361780595e+02
4.379450246277556289e+02
4.371068019889763718e+02
4.380043134888196050e+02
4.360171056514698193e+02
4.361274339161402054e+02
4.340882253569016598e+02
4.350907415195449062e+02
4.348292355927091535e+02
4.380907190956772297e+02
4.398805509699844833e+02
4.442619665165980791e+02
4.458026145584422579e+02
4.485860089300986147e+02
4.475825873177790299e+02
4.474604571438385960e+02
4.438026638011177738e+02
4.418399640216950388e+02
4.375768610407691313e+02
4.363768296514637655e+02
4.339674964637922017e+02
4.350633336941337461e+02
4.346162618445511043e+02
4.367762178723310740e+02
4.363498102401492815e+02
4.377187964088340095e+02
4.361089434483033642e+02
4.363527560088271571e+02
4.340963912792852852e+02
4.345205646532924675e+02
4.334481474071355365e+02
4.359220850281859612e+02
4.372369688619927501e+02
4.416411692140326295e+02
4.437020925343850308e+02
4.473478116293015887e+02
4.473284150897202380e+02
4.480950836211645196e+02
4.450475497857239588e+02
4.432913478633715272e+02
4.387994939095485165e+02
4.370214171743387510e+02
4.338716800937425546e+02
4.342900505452331572e+02
4.334097857160173248e+02
4.354620884870450368e+02
4.352326687333673476e+02
4.370123379765423692e+02
4.358963509364318725e+02
4.365631909964581041e+02
4.344986597297324806e+02
4.347543926926500717e+02
4.331176321056185543e+02
4.347473321942363782e+02
4.352032918873612743e+02
4.390457816393171129e+02
4.410475911770805055e+02
4.451497544225347269e+02
4.459597958474078041e+02
4.477199505556426971e+02
4.456115396023243420e+02
4.445355626135012699e+02
4.403104266207004116e+02
4.383375504742617181e+02
4.346268474799843489e+02
4.343317588094684538e+02
4.328288527283377789e+02
4.345197512164637033e+02
4.342404766133335556e+02
4.362352848744384346e+02
4.355029281790125992e+02
4.366012930504403471e+02
4.348775613378000457e+02
4.352389671354594611e+02
4.333613935114037758e+02
4.343885105421365438e+02
4.340147274784140450e+02
4.370695185266311000e+02
4.386165031938745074e+02
4.427639542228765208e+02
4.441017811448580233e+02
4.467201507316708557e+02
4.455939692714339913e+02
4.454062646453495518e+02
4.417718407391740811e+02
4.399535438006188315e+02
4.359512320025781378e+02
4.350590260808336893e+02
4.328905737993940193e+02
4.340708071251156071e+02
4.335541101398541741e+02
4.355850576538539940e+02
4.350914537353656328e+02
4.365337060787975361e+02
4.351495002932066996e+02
4.357254616929127451e+02
4.338200502045718281e+02
4.345023533764278909e+02
4.334920634834274438e+02
4.357802459200680687e+02
4.366919070623945913e+02
4.405784687539927518e+02
4.421346334609152109e+02
4.453888186123224386e+02
4.451477062632386037e+02
4.458869602756822701e+02
4.430105220369199515e+02
4.416012613676828664e+02
4.375685932984020496e+02
4.362572376336484012e+02
4.334653389896904514e+02
4.340543440189624675e+02
4.331570092888131853e+02
4.350769469701555749e+02
4.347007352178714541e+02
4.364019913933595944e+02
4.353213290695919113e+02
4.361444722780173606e+02
4.343270538945118915e+02
4.348512150976587236e+02
4.334047933790881189e+02
4.350479177335990357e+02
4.352895676489774246e+02
4.387221702259404310e+02
4.402244979384199723e+02
4.438645094252503895e+02
4.443468190265445514e+02
4.459663438627656546e+02
4.439227946454024618e+02
4.431042883924607736e+02
4.392776844493234307e+02
4.377548662676276763e+02
4.344418815193859587e+02
4.344118067762466922e+02
4.330150494462872075e+02
4.346823417711630668e+02
4.343081567750268732e+02
4.361950268516180813e+02
4.353870200949564833e+02
4.364730927179995774e+02
4.348151085743488125e+02
4.353098361977470176e+02
4.335900384577024624e+02
4.347275101643554649e+02
4.343410035705254586e+02
4.372200892858834891e+02
4.384536930719949623e+02
4.422312244308622553e+02
4.432377898397494391e+02
4.456350138807892449e+02
4.444360123959775137e+02
4.443330305227299846e+02
4.409212083289592670e+02
4.394129428856023765e+02
4.357376061980219788e+02
4.351220097602937358e+02
4.331391563750017895e+02
4.344077271017407611e+02
4.338998527590222238e+02
4.358851541225473056e+02
4.353164765343247495e+02
4.366803135857027769e+02
4.352420983195266899e+02
4.358112624976121197e+02
4.339531454063246656e+02
4.347172779801614411e+02
4.337769784528755963e+02
4.360666702984452741e+02
4.368754507341288331e+02
4.405635537842076701e+02
4.418758596936368122e+02
4.449044504372302526e+02
4.445074324831908257e+02
4.451900911337644402e+02
4.423642076485623988e+02
4.410981128866822587e+02
4.372671440587097322e+02
4.361727768611517035e+02
4.335754586298782556e+02
4.343135502457446364e+02
4.335108904567962895e+02
4.354695324554620584e+02
4.350785762700552368e+02
4.367206632705235734e+02
4.355555633372857187e+02
4.362965912514479214e+02
4.344284573166081600e+02
4.349523832878894609e+02
4.335535502101751035e+02
4.352621890327772576e+02
4.355402846533345382e+02
4.389405307810474142e+02
4.403330083815620810e+02
4.438115833411558242e+02
4.441247856477876894e+02
4.456090225192080538e+02
4.434925390420532381e+02
4.426758398195557334e+02
4.389219231135584209e+02
4.375249146222059835e+02
4.343657384464119673e+02
4.344918045333071746e+02
4.332316635712850257e+02
4.349986303697846779e+02
4.346746409352300020e+02
4.365566482900291589e+02
4.356937965893711748e+02
4.366922214783191407e+02
4.349413512371838806e+02
4.353697090109654368e+02
4.336355812110447232e+02
4.348164836264787141e+02
4.345086265552323539e+02
4.374565258930820733e+02
4.387040793292603098e+02
4.424205243548229873e+02
4.433043760195349137e+02
4.455521882642418632e+02
4.442155825759851382e+02
4.440173783445678168e+02
4.405715014230921156e+02
4.390955815937883813e+02
4.355106224667204060e+02
4.350236740612005519e+02
4.331817017810336097e+02
4.345770181044348988e+02
4.341606082481689555e+02
4.361890615336905057e+02
4.356116380012648506e+02
4.369210695765465289e+02
4.353993867152028656e+02
4.358819057763598721e+02
4.339648676653347934e+02
4.347234677038956647e+02
4.338376522683655594e+02
4.362195633865723039e+02
4.371126674386095488e+02
4.408305658893807504e+02
4.420959218104589468e+02
4.450114231117198074e+02
4.444676412784884860e+02
4.450074426013710536e+02
4.420753108203016950e+02
4.407625982031004810e+02
4.369540569037917521e+02
4.359435962420137685e+02
4.334686865495178267e+02
4.343366360689915950e+02
4.336430008087732517e+02
4.356719036791473059e+02
4.353060792645269430e+02
4.369302264856150941e+02
4.357127541269865674e+02
4.363824850862818607e+02
4.344470142546237525e+02
4.349341447048236660e+02
4.335499352562479203e+02
4.353264575305329913e+02
4.357005867588394494e+02
4.391801246998119836e+02
4.405933151107298045e+02
4.440173289386949023e+02
4.442141656255365092e+02
4.455521016918274881e+02
4.432958644589665482e+02
4.423787391301787011e+02
4.385873143804770393e+02
4.372232846358559755e+02
4.341549633649875091e+02
4.344003941337896890e+02
4.332541137694819895e+02
4.351043392718783025e+02
4.348232359581161859e+02
4.367097531187937989e+02
4.358205468360401937e+02
4.367719479911808662e+02
4.349675290035425519e+02
4.353545623913046825e+02
4.336114802848588283e+02
4.348284813958068753e+02
4.345963269548496442e+02
4.376314562127489012e+02
4.389372714361684302e+02
4.426510172184616749e+02
4.434641273164357926e+02
4.455907629873813107e+02
4.441137289807344928e+02
4.437899555655641848e+02
4.402639662986641724e+02
4.387733544388441942e+02
4.352405943558831041e+02
4.348526813671168156e+02
4.331225925195494710e+02
4.346100489076188751e+02
4.342483293674611105e+02
4.362932062211695552e+02
4.357027701318774575e+02
4.369806387687762026e+02
4.354199047665093758e+02
4.358684017776332666e+02
4.339367435363216714e+02
4.347126558845419027e+02
4.338795431606542934e+02
4.363365904390868764e+02
4.372983013750512669e+02
4.410452879568482558e+02
4.422805948659022874e+02
4.451096102928520395e+02
4.444439261472078897e+02
4.448559764677281692e+02
4.418211073626236498e+02
4.404567717933551307e+02
4.366611899486665607e+02
4.357215997059935830e+02
4.333490770068020765e+02
4.343159135999431442e+02
4.336905702583007383e+02
4.357479770514343613e+02
4.353772994601769142e+02
4.369759728284350331e+02
4.357250242503787376e+02
4.363646179392962381e+02
4.344134590262531219e+02
4.349092857047730831e+02
4.335632287795821185e+02
4.354019562531756833e+02
4.358435387113790966e+02
4.393681813028237571e+02
4.407804854708510334e+02
4.441499131567319409e+02
4.442492528209915577e+02
4.454696213612793940e+02
4.431032659319788536e+02
4.421102958736580604e+02
4.382975300775636356e+02
4.369721333139872854e+02
4.339880711634775139e+02
4.343331746469044674e+02
4.332695926221935565e+02
4.351657203686660864e+02
4.348921205888500481e+02
4.367585836802635413e+02
4.358362216714753004e+02
4.367545748399891181e+02
4.349287697703960589e+02
4.353157820484744889e+02
4.335999450133188020e+02
4.348696387377197539e+02
4.347028674112697786e+02
4.377934195196054361e+02
4.391204535900012047e+02
4.428069233883350080e+02
4.435466134879334845e+02
4.455700595908439254e+02
4.439836317137520609e+02
4.435694229239788910e+02
4.399945130954797605e+02
4.385100924997301490e+02
4.350362714925120713e+02
4.347395568973030890e+02
4.331017997920361609e+02
4.346550851339976589e+02
4.343202680738043568e+02
4.363570193472605752e+02
4.357365149514182576e+02
4.369771365000249830e+02
4.353854463124844187e+02
4.358208225427990783e+02
4.339022740152498727e+02
4.347195835380271660e+02
4.339484219812997026e+02
4.364694147696667414e+02
4.374727054563226147e+02
4.412190772673488368e+02
4.424058515194318488e+02
4.451483192601705241e+02
4.443780439819211097e+02
4.446909133575595661e+02
4.415851810449356094e+02
4.401964011579380553e+02
4.364298620457682887e+02
4.355633968980795316e+02
4.332835099012199294e+02
4.343325172266430059e+02
4.337569999855032279e+02
4.358258080077595196e+02
4.354357316886205922e+02
4.369980614195513340e+02
4.357084661274294035e+02
4.363205840769145993e+02
4.343645383212005981e+02
4.348848718128545556e+02
4.335911428085489092e+02
4.354970671832023754e+02
4.359980228018785056e+02
4.395498309903478003e+02
4.409424201592763666e+02
4.442467797649086947e+02
4.442510673651736397e+02
4.453683622831772482e+02
4.429139440451441487e+02
4.418685287475999530e+02
4.380526748882904258e+02
4.367743320384038839e+02
4.338722413240728315e+02
4.343072460306946709e+02
4.333141862477691006e+02
4.352453605641280205e+02
4.349705157335114905e+02
4.368093783657020595e+02
4.358471191683368602e+02
4.367275986050645429e+02
4.348793731699704495e+02
4.352702702831570605e+02
4.335895142801754787e+02
4.349201126983798531e+02
4.348226299258901122e+02
4.379654390201883416e+02
4.393049560043050406e+02
4.429549279262217283e+02
4.436167864156486758e+02
4.455400950752031690e+02
4.438542345498910890e+02
4.433635928795869745e+02
4.397535712514064130e+02
4.382846027739817600e+02
4.348717479128096102e+02
4.346614836164308144e+02
4.331078071458549061e+02
4.347190518944222504e+02
4.344056266479193482e+02
4.364305603793829960e+02
4.357765134070834847e+02
4.369758183591579837e+02
4.353491165733547632e+02
4.357688859999588544e+02
4.338639802092626496e+02
4.347264974757296159e+02
4.340227894990532604e+02
4.366121231177390314e+02
4.376580990948949648e+02
4.414018036737371631e+02
4.425371099436731015e+02
4.451918916637421262e+02
4.443191509236004890e+02
4.445380826943485317e+02
4.413683366533675212e+02
4.399611652360674157e+02
4.362264589197497457e+02
4.354314173895531894e+02
4.332388345516548043e+02
4.343635821562161823e+02
4.338328606641176748e+02
4.359103361235936518e+02
4.354995562105499403e+02
4.370242376922759036e+02
4.356938934732986581e+02
4.362759147110238018e+02
4.343129335138341958e+02
4.348576157512187592e+02
4.336186452359524424e+02
4.355962220677548657e+02
4.361613307314276540e+02
4.397436945520539666e+02
4.411179872523612175e+02
4.443574376089736688e+02
4.442667353584903935e+02
4.452817424169591618e+02
4.427409258135832033e+02
4.416450942326537756e+02
4.378274400100889920e+02
4.365954717729036929e+02
4.337721403846062458e+02
4.342919965184188413e+02
4.333642474605409802e+02
4.353267025535163839e+02
4.350488162398456211e+02
4.368596503048021304e+02
4.358574220047746053e+02
4.366996433876544188e+02
4.348282615750730997e+02
4.352225186578007197e+02
4.335773739599335386e+02
4.349710658975812976e+02
4.349465449053233783e+02
4.381458167239358090e+02
4.395014154666658897e+02
4.431172574927808228e+02
4.437024436255750857e+02
4.455259462080422281e+02
4.437405772192217341e+02
4.431733358431480951e+02
4.395279565703335152e+02
4.380736922971750573e+02
4.347198555554298309e+02
4.345924931734626853e+02
4.331181548618629904e+02
4.347826070079937040e+02
4.344870544728290724e+02
4.364984626481232226e+02
4.358107400500587119e+02
4.369695412376523223e+02
4.353089897710753462e+02
4.357143414336101728e+02
4.338242884291282735e+02
4.347334899777139867e+02
4.340992194258670338e+02
4.367593778047244086e+02
4.378507122275594838e+02
4.415942157204165142e+02
4.426799995120874769e+02
4.452483395044818053e+02
4.442736305960694381e+02
4.443985350602732751e+02
4.411643767189431173e+02
4.397382359066236859e+02
4.360343115611292433e+02
4.353085764134950182e+02
4.331997190849435810e+02
4.343955123068463990e+02
4.339048432640105943e+02
4.359873936241281740e+02
4.355541481026818929e+02
4.370412754302514600e+02
4.356717292254157883e+02
4.362260952630451811e+02
4.342589244735083867e+02
4.348304978960157996e+02
4.336482829301084507e+02
4.356988659583986987e+02
4.363289845940312830e+02
4.399426117938518814e+02
4.412995014149578310e+02
4.444751978955072786e+02
4.442906855452437185e+02
4.452043351411050480e+02
4.425777364176386186e+02
4.414318867559008481e+02
4.376125317065598210e+02
4.364262870997956725e+02
4.336796783552309194e+02
4.342807013014263475e+02
4.334134545850794780e+02
4.354024295586987137e+02
4.351179649177858551e+02
4.368991428308883656e+02
4.358573407027718645e+02
4.366634466159371186e+02
4.347722338851423842e+02
4.351735663182764711e+02
4.335672234897327826e+02
4.350259091730675323e+02
4.350746629995746275e+02
4.383295292977806525e+02
4.397001010981657032e+02
4.432813774375004527e+02
4.437904512133636103e+02
4.455154445746337046e+02
4.436321832272499250e+02
4.429900250155106392e+02
4.393108312306174525e+02
4.378722514675342268e+02
4.345771649441840623e+02
4.345306095493019143e+02
4.331317167874563552e+02
4.348445272232285106e+02
4.345622942269973805e+02
4.365569831184969303e+02
4.358343051731082483e+02
4.369533514786493242e+02
4.352615008365695530e+02
4.356562181181178630e+02
4.337850864550419487e+02
4.347441585336246135e+02
4.341806274826342360e+02
4.369107385101293062e+02
4.380451012167441718e+02
4.417860182418025943e+02
4.428210548321268902e+02
4.453032937313828938e+02
4.442282217273781839e+02
4.442614818838287647e+02
4.409656309607607909e+02
4.395230475477600862e+02
4.358514702696092513e+02
4.351948409769864838e+02
4.331673617337713722e+02
4.344301357743201493e+02
4.339748430581810794e+02
4.360584007223779963e+02
4.356000617081770088e+02
4.370488288199805424e+02
4.356411635521037056e+02
4.361706456143898549e+02
4.342031547977780974e+02
4.348055575939497999e+02
4.336828121262252012e+02
4.358068573566387158e+02
4.365000450749036531e+02
4.401416296351854953e+02
4.414780935830670501e+02
4.445885689867415635e+02
4.443106755897962330e+02
4.451249674022815270e+02
4.424156274339942456e+02
4.412232359979847729e+02
4.374052628073483788e+02
4.362664388173666907e+02
4.335960905147112499e+02
4.342756020498205771e+02
4.334647610146205352e+02
4.354759837086119205e+02
4.351815379138823801e+02
4.369310962168583501e+02
4.358494082871006867e+02
4.366207678948181865e+02
4.347125658217617001e+02
4.351246817042509178e+02
4.335606412830053955e+02
4.350863214153234253e+02
4.352079254044838308e+02
4.385156517346956662e+02
4.398974222157800682e+02
4.434410186655397297e+02
4.438726568145835358e+02
4.454998339662117814e+02
4.435210461067602523e+02
4.428074635959422949e+02
4.390983123483663917e+02
4.376785997353116500e+02
4.344436913779218230e+02
4.344770233426722257e+02
4.331506025328076248e+02
4.349078151384402986e+02
4.346351792581861559e+02
4.366104677746426432e+02
4.358515214833831806e+02
4.369309663592861170e+02
4.352094240628412649e+02
4.355963387848809134e+02
4.337475422357661046e+02
4.347594034463348862e+02
4.342678179755079100e+02
4.370666706685824465e+02
4.382408292486024379e+02
4.419753282481763108e+02
4.429567682797447787e+02
4.453519409421369915e+02
4.441775201195877685e+02
4.441217927998945925e+02
4.407679733190829552e+02
4.393128521118213143e+02
4.356765418209804466e+02
4.350899256392829670e+02
4.331423845014797962e+02
4.344689739094920355e+02
4.340453709964853033e+02
4.361268145433443237e+02
4.356413816443131282e+02
4.370510650326432369e+02
4.356058557609331956e+02
4.361122797530428556e+02
4.341472606648265469e+02
4.347835647911308570e+02
4.337225702730848980e+02
4.359204954158394116e+02
4.366748795949876012e+02
4.403409383779346626e+02
4.416533523294357906e+02
4.446962111499753405e+02
4.443244115207345999e+02
4.450406881110502582e+02
4.422514801530664954e+02
4.410163371179631326e+02
4.372034563628303090e+02
4.361144843744660307e+02
4.335206639235049124e+02
4.342767366551502732e+02
4.335190530427260569e+02
4.355491820348617011e+02
4.352422113966434836e+02
4.369587542578117336e+02
4.358369754719929574e+02
4.365745567541516721e+02
4.346514031358950092e+02
4.350770514049008852e+02
4.335580202487259385e+02
4.351523185174963260e+02
4.353464262213919369e+02
4.387045957066322330e+02
4.400940031010858320e+02
4.435966516746298112e+02
4.439489832019319806e+02
4.454782818448682065e+02
4.434056347134551288e+02
4.426236796324742500e+02
4.388883206607447960e+02
4.374908446228510002e+02
4.343179335552820817e+02
4.344307570731140800e+02
4.331744666816189238e+02
4.349728488904652863e+02
4.347068418652904711e+02
4.366607158118448524e+02
4.358646312583703093e+02
4.369047367017869306e+02
4.351548420081436461e+02
4.355362004089944321e+02
4.337124284011032387e+02
4.347793882341870244e+02
4.343606833076078146e+02
4.372271940202341511e+02
4.384382853744282329e+02
4.421628507304837399e+02
4.430878553688035595e+02
4.453946350243614916e+02
4.441212698103047387e+02
4.439785609231162198e+02
4.405699895111298474e+02
4.391059772996175070e+02
4.355078672721763269e+02
4.349924139292377845e+02
4.331237763316722180e+02
4.345115206659273781e+02
4.341164707854185281e+02
4.361932166891610905e+02
4.356791544707153889e+02
4.370493543285964506e+02
4.355672923530366347e+02
4.360523504811579301e+02
4.340922312722264564e+02
4.347650209644353367e+02
4.337676233421823895e+02
4.360396349581638447e+02
4.368534249707509503e+02
4.405407518434702183e+02
4.418257455169105583e+02
4.447986223172651989e+02
4.443321354278515969e+02
4.449512805615995603e+02
4.420845691332493175e+02
4.408100496252279186e+02
4.370057459808209046e+02
4.359690510635238638e+02
4.334522110944517976e+02
4.342832304868705364e+02
4.335758278862375050e+02
4.356218978170725222e+02
4.353002080649253003e+02
4.369826444132964411e+02
4.358208060927166798e+02
4.365257035913550112e+02
4.345896100626509337e+02
4.350313465192025433e+02
4.335597167025298972e+02
4.352239270892117702e+02
4.354899783245857634e+02
4.388961531310002897e+02
4.402897671178897099e+02
4.437483411705383674e+02
4.440195059626497596e+02
4.454506974305627978e+02
4.432855688881199967e+02
4.424379782734911259e+02
4.386799130306619645e+02
4.373079210718022978e+02
4.341988507306209044e+02
4.343909197746453401e+02
4.332026476290621986e+02
4.350392221693284682e+02
4.347771182543766599e+02
