0.000000000000000000e+00
-6.295086390000648180e-03
-1.310580129017324680e-02
-2.016776071812387272e-02
-2.748312859602464187e-02
-3.498822663731004923e-02
-4.268942304788936326e-02
-5.055321033799486941e-02
-5.858198808880388242e-02
-6.675517809071607189e-02
-7.507249641733437784e-02
-8.351957092105521951e-02
-9.209449670720459835e-02
-1.007860389911456878e-01
-1.095912250048911574e-01
-1.185004608830979578e-01
-1.275099665331538290e-01
-1.366110263224413757e-01
-1.457991959741207211e-01
-1.550662522344339322e-01
-1.644072116151846785e-01
-1.738141826828609737e-01
-1.832818051415188165e-01
-1.928025244303057661e-01
-2.023708396528718367e-01
-2.119796866745673469e-01
-2.216237625829080571e-01
-2.312967977748030535e-01
-2.409941518037044261e-01
-2.507108120040584254e-01
-2.604434070836418869e-01
-2.701888059994530522e-01
-2.799456604448096186e-01
-2.897135015508638389e-01
-2.994938957178305827e-01
-3.092899537257380871e-01
-3.191071646151044661e-01
-3.289532460364625877e-01
-3.388387079233439181e-01
-3.487769868452801347e-01
-3.587847841940856597e-01
-3.688824407112178960e-01
-3.790940891423133507e-01
-3.894482337124145488e-01
-3.999777471086645164e-01
-4.107206147239139682e-01
-4.217197790915179212e-01
-4.330239782951821326e-01
-4.446873843065759502e-01
-4.567703962833320475e-01
-4.693389202310527253e-01
-4.824648609649102582e-01
-4.962247425307850790e-01
-5.106994780078366603e-01
-5.259718453198729549e-01
-5.421249329248212234e-01
-5.592378231438033254e-01
-5.773820126883038029e-01
-5.966146643410183970e-01
-6.169724912189167298e-01
-6.384623801434372581e-01
-6.610530066407136474e-01
-6.846637983530854399e-01
-7.091561109101576221e-01
-7.343233748179045506e-01
-7.598856475577804304e-01
-7.854855292738420758e-01
-8.106909310222363274e-01
-8.350011174578639839e-01
-8.578606088128708507e-01
-8.786759100198651140e-01
-8.968380583140742601e-01
-9.117443818978472336e-01
-9.228214254046633869e-01
-9.295421343175576112e-01
-9.314398881766692284e-01
-9.281138386495513259e-01
-9.192299089592097516e-01
-9.045136243128126807e-01
-8.837404408402562694e-01
-8.567205538812459054e-01
-8.232842127351887029e-01
-7.832646728936651925e-01
-7.364847972448842484e-01
-6.827443183789227987e-01
-6.218133213694727601e-01
-5.534281848862292463e-01
-4.772943503149917888e-01
-3.930908760154352422e-01
-3.004799033716381018e-01
-1.991151917544584649e-01
-8.865247667131370690e-02
3.124395714155525638e-02
1.608951966444465143e-01
3.006069417774597241e-01
4.506702431478970539e-01
6.113683540428382912e-01
7.829862730632157763e-01
9.658281326163660196e-01
1.160239176373693226e+00
1.366635990609665896e+00
1.585537746145632809e+00
1.817595058310303102e+00
2.063600493124795321e+00
2.324470034671890062e+00
2.601179154205283339e+00
2.894654532098002164e+00
3.205631471145466094e+00
3.534514222163807062e+00
3.881281947063712323e+00
4.245487351317819957e+00
4.626362333689257866e+00
5.023011454098309514e+00
5.434628099468795881e+00
5.860662747473270429e+00
6.300889755381376744e+00
6.755375510284125085e+00
7.224386175078166161e+00
7.708290431163050016e+00
8.207484202190812539e+00
8.722343554960957590e+00
9.253192559259900918e+00
9.800283082368537180e+00
1.036378238452482492e+01
1.094377188278610902e+01
1.154025200059038525e+01
1.215315437129515885e+01
1.278235634082045635e+01
1.342769890377246611e+01
1.408900210346132553e+01
1.476607856709370026e+01
1.545874010605052717e+01
1.616679958428255759e+01
1.689006489448752291e+01
1.762832903139496921e+01
1.838135464007473274e+01
1.914885795956604397e+01
1.993049106812293303e+01
2.072582723890252510e+01
2.153434777669656341e+01
2.235543414306994237e+01
2.318836272791543252e+01
2.403230506935415178e+01
2.488633017626182209e+01
2.574941116911782046e+01
2.662043259482550184e+01
2.749820037456265709e+01
2.838145065470189365e+01
2.926885946887523460e+01
3.015904974079745671e+01
3.105059790446620127e+01
3.194203725364201318e+01
3.283186087034999900e+01
3.371852192031661843e+01
3.460043465008152452e+01
3.547597426089487271e+01
3.634347906059048228e+01
3.720125293325116900e+01
3.804757101173566980e+01
3.888068592465344864e+01
3.969883664102877674e+01
4.050025658039294285e+01
4.128318246576412776e+01
4.204586046576588387e+01
4.278655132785769410e+01
4.350353177071667687e+01
4.419509476709370688e+01
4.485954705872825343e+01
4.549520738483604987e+01
4.610040432967322488e+01
4.667347725761628396e+01
4.721277878483783752e+01
4.771668131177773375e+01
4.818358498354824349e+01
4.861192850174796831e+01
4.900019941623534692e+01
4.934694496490623550e+01
4.965078032162607258e+01
4.991039593373951533e+01
5.012456175649171541e+01
5.029213098218505706e+01
5.041204185616263089e+01
5.048332052221466881e+01
5.050508344565454877e+01
5.047654183539140149e+01
5.039700587918221686e+01
5.026589034766661257e+01
5.008271873064794022e+01
4.984712708059473130e+01
4.955886483595818959e+01
4.921779426813617420e+01
4.882388665789767401e+01
4.837721773486993015e+01
4.787796132481093991e+01
4.732638421714324295e+01
4.672284130290228177e+01
4.606777359554951090e+01
4.536170747940678893e+01
4.460525685344924796e+01
4.379912565773383903e+01
4.295071243335434019e+01
4.202944776546962657e+01
4.108328077659820110e+01
4.006490581197920164e+01
3.902103518302550356e+01
3.790388051364766397e+01
3.675905403147726247e+01
3.553835744877983416e+01
3.428698819074014636e+01
3.295636062497374041e+01
3.159033174286201984e+01
3.013777444026283092e+01
2.863855066642270231e+01
2.703641649466851504e+01
2.536593302108980197e+01
2.356807034008772916e+01
2.168127703138827655e+01
1.966132369428589755e+01
1.757352392102677641e+01
1.540872992217680348e+01
1.326643145529862977e+01
1.115971810122869101e+01
9.189830085760263501e+00
7.348880890373379771e+00
5.698931415019160340e+00
4.184184653162333234e+00
2.821157065907982542e+00
1.520561854893742293e+00
2.833063882923170240e-01
-9.767290037622160526e-01
-2.240460729868232193e+00
-3.567661717789974318e+00
-4.912610796596709406e+00
-6.315047100812421377e+00
-7.720176388957725067e+00
-9.170451899724582745e+00
-1.062279775530970483e+01
-1.213481696900208817e+01
-1.367523091787506928e+01
-1.530397518849787275e+01
-1.697902042440455261e+01
-1.873657550152751128e+01
-2.050196842906814254e+01
-2.227698124810427771e+01
-2.395921297451968712e+01
-2.553712446027304850e+01
-2.691427348924099761e+01
-2.810502532110416496e+01
-2.905492187485259592e+01
-2.982882740205644723e+01
-3.042171664876963177e+01
-3.093747339635189064e+01
-3.139271364628092442e+01
-3.189256598939755349e+01
-3.243595682777612410e+01
-3.309684177444000852e+01
-3.383741302670949835e+01
-3.469768895469769632e+01
-3.561540912313654417e+01
-3.661908520519421018e+01
-3.764739222772266203e+01
-3.873815244994528939e+01
-3.984139183333928713e+01
-4.100166921194033876e+01
-4.216613594708638857e+01
-4.336512853701526637e+01
-4.452239903700569812e+01
-4.564143048747649800e+01
-4.662352403883835450e+01
-4.746209124187339512e+01
-4.806661676319924936e+01
-4.845901002180244177e+01
-4.859491611121006827e+01
-4.855303130042733528e+01
-4.834636217108607070e+01
-4.810069900337492754e+01
-4.785666057563344111e+01
-4.774273850308168221e+01
-4.777691959539447453e+01
-4.804443322230514468e+01
-4.850804985566088590e+01
-4.919646583439021015e+01
-5.002469556452808774e+01
-5.098976313036394004e+01
-5.199405118498998490e+01
-5.303923392197083331e+01
-5.404392759527416956e+01
-5.502981572730351445e+01
-5.593165080356794761e+01
-5.677812454529674824e+01
-5.750048353711116533e+01
-5.811633015041104500e+01
-5.854464123849857060e+01
-5.879764129396494354e+01
-5.880313501203028181e+01
-5.860064688904338936e+01
-5.816331381380058474e+01
-5.758844773553221330e+01
-5.690955290644160414e+01
-5.627479279023083336e+01
-5.574740749397085438e+01
-5.547589942225658888e+01
-5.549159489362892828e+01
-5.588237104741909889e+01
-5.659959920814549150e+01
-5.764522961337127072e+01
-5.889320140263282610e+01
-6.028902807248937279e+01
-6.167908015614546002e+01
-6.301192178195697124e+01
-6.416313756781471511e+01
-6.512744861582439171e+01
-6.583203321477310510e+01
-6.631784327026292658e+01
-6.654546056513538588e+01
-6.657398842343570777e+01
-6.636976015872124890e+01
-6.599218353553709449e+01
-6.541111778823096756e+01
-6.470025107081750093e+01
-6.385822000661670472e+01
-6.300032244806578774e+01
-6.217236395520887982e+01
-6.153093134312700840e+01
-6.114431253743697425e+01
-6.116173450479038820e+01
-6.160826916080918636e+01
-6.255524564744490590e+01
-6.392401658897364314e+01
-6.567163586372913642e+01
-6.761336540676427376e+01
-6.962673058136437021e+01
-7.148808742361893565e+01
-7.308338738735915285e+01
-7.424263153907691049e+01
-7.494025360673055047e+01
-7.511328744373321342e+01
-7.484325916809939372e+01
-7.415771034013283725e+01
-7.320080336113488784e+01
-7.203095035204444230e+01
-7.079508973245128800e+01
-6.953576665689678293e+01
-6.837747610056902658e+01
-6.734463722545081055e+01
-6.655434870500948819e+01
-6.603427831155164540e+01
-6.590877445355243935e+01
-6.620542743627544269e+01
-6.702861426947384871e+01
-6.835630646915592479e+01
-7.021033529596957123e+01
-7.245856022382929496e+01
-7.499921071229687186e+01
-7.758358432658599213e+01
-8.002327513071821841e+01
-8.203301974490085513e+01
-8.345052637184949162e+01
-8.408096409406050498e+01
-8.390643293126282742e+01
-8.290967293127840776e+01
-8.125632115056106386e+01
-7.909040948889105493e+01
-7.669312115461622170e+01
-7.426408121483842706e+01
-7.207766565130555136e+01
-7.027332287474791883e+01
-6.902954070696853250e+01
-6.837569362734836886e+01
-6.838601669152774321e+01
-6.900522514849137679e+01
-7.024725186248542741e+01
-7.201642036877342434e+01
-7.429499500653014366e+01
-7.695081675857744585e+01
-7.991414044120131166e+01
-8.298183094583060893e+01
-8.600053978329799520e+01
-8.868670992062828873e+01
-9.083188632721942213e+01
-9.214580139733328679e+01
-9.247944969352568023e+01
-9.167499247858859235e+01
-8.978127867714079002e+01
-8.688155078392077257e+01
-8.327534501383104271e+01
-7.926722997307859941e+01
-7.531208665979562511e+01
-7.177708970111422104e+01
-6.907575001876438137e+01
-6.743657095601622586e+01
-6.706026549299122053e+01
-6.792310299997052425e+01
-6.997299079188530868e+01
-7.296782934014356670e+01
-7.669599020164923786e+01
-8.082449843232819831e+01
-8.511454614320359724e+01
-8.925330619903570550e+01
-9.304774148554162139e+01
-9.623640636255555592e+01
-9.867107207473429753e+01
-1.001276925035602403e+02
-1.004985143780311887e+02
-9.962116216791628176e+01
-9.749013143901765943e+01
-9.409908157786730953e+01
-8.965293738523848788e+01
-8.439459377019551312e+01
-7.878574385369086031e+01
-7.329141368414065028e+01
-6.851597372854007517e+01
-6.495006498643982695e+01
-6.308541783862762031e+01
-6.316325246671715377e+01
-6.531494191464383903e+01
-6.935710895024891443e+01
-7.499173970343520068e+01
-8.166243732058251226e+01
-8.880586186583440167e+01
-9.573997933013134798e+01
-1.019228914568124651e+02
-1.068239434491595148e+02
-1.101462585850372307e+02
-1.116516505532659949e+02
-1.113379125149294282e+02
-1.092291271239860180e+02
-1.055352059916936582e+02
-1.004425301369299177e+02
-9.428803770201699308e+01
-8.737079630241544237e+01
-8.014385781314604174e+01
-7.303182795683426320e+01
-6.661185836994042120e+01
-6.140354011438614634e+01
-5.801098330651223023e+01
-5.687249997794054934e+01
-5.837317048984408530e+01
-6.258668866102823358e+01
-6.940879624749294408e+01
-7.834954326089518872e+01
-8.874054701717597027e+01
-9.961214218924334318e+01
-1.099804894725614872e+02
-1.187831400330392739e+02
-1.251903226909945488e+02
-1.285244034457961106e+02
-1.285172125371763627e+02
-1.251481546179854263e+02
-1.188089082257332620e+02
-1.100555198564332500e+02
-9.970927246948741640e+01
-8.857695501564279539e+01
-7.755410261226830926e+01
-6.737619743604079758e+01
-5.876958062692756357e+01
-5.225208317638879407e+01
-4.832094459823451871e+01
-4.726846454031323219e+01
-4.936080928920944189e+01
-5.462645282364496779e+01
-6.300243904643213000e+01
-7.410089014530194618e+01
-8.735845746578758053e+01
-1.018396136457783427e+02
-1.164557896187751567e+02
-1.298605544248766250e+02
-1.407641114397161459e+02
-1.479048200013107248e+02
-1.504004292254676898e+02
-1.477034376623375920e+02
-1.398809950615200250e+02
-1.274533823649742317e+02
-1.115310231231847524e+02
-9.350930322319254628e+01
-7.508698041361913056e+01
-5.788868446953244984e+01
-4.346950299169759546e+01
-3.298235490860577102e+01
-2.727388201942716250e+01
-2.666750381641486456e+01
-3.117319178053509177e+01
-4.035930072952902492e+01
-5.361176426848209076e+01
-7.001409969493698782e+01
-8.858363237671244406e+01
-1.081156353478992287e+02
-1.273912787711295209e+02
-1.450174639299865476e+02
-1.596618507513277905e+02
-1.699473502833528755e+02
-1.747553116489050353e+02
-1.731808926057378812e+02
-1.648676141463126328e+02
-1.499463700847403516e+02
-1.292963767473895018e+02
-1.043556665498360303e+02
-7.721408287830951167e+01
-5.024358399950881449e+01
-2.603303120611860777e+01
-6.915600232535666692e+00
5.120430794173898903e+00
8.842289308708870976e+00
3.725200856847038722e+00
-9.822409266884960743e+00
-3.070701639657710302e+01
-5.710773182178968455e+01
-8.686382289308312465e+01
-1.175128506917197910e+02
-1.466954902684076387e+02
-1.721546234041877597e+02
-1.920606080826623270e+02
-2.049121167048930943e+02
-2.097678677597930346e+02
-2.060782594501035874e+02
-1.938825084123701572e+02
-1.736371674398674259e+02
-1.464248149019807101e+02
-1.137832728792908483e+02
-7.787956121112682695e+01
-4.125590589657286955e+01
-6.877139872396469400e+00
2.227086519073793625e+01
4.327051295226038974e+01
5.376828374696282253e+01
5.209162335406222155e+01
3.769175429429486712e+01
1.112317192689209833e+01
-2.572920119557250018e+01
-6.994633281295824645e+01
-1.176508904997492664e+02
-1.645863913135538610e+02
-2.064014692831617026e+02
-2.393148335241918403e+02
-2.603353448549471523e+02
-2.677198994217695827e+02
-2.608904467971620988e+02
-2.405675540226783369e+02
-2.084150758503259908e+02
-1.669955745016216611e+02
-1.193333711887859181e+02
-6.886224270235447875e+01
-1.902837985991084224e+01
2.669485639364648932e+01
6.512879168469567048e+01
9.331500607139133763e+01
1.088187115004829479e+02
1.096932287739338108e+02
9.487259226993654693e+01
6.423700638406916141e+01
1.905249113691104412e+01
-3.804229001339814431e+01
-1.028447557627311539e+02
-1.700071730225483293e+02
-2.333339098771576232e+02
-2.866551399334333610e+02
-3.244168071670752056e+02
-3.425811881698645607e+02
-3.389474661638912494e+02
-3.135627378571912232e+02
-2.684831192203128012e+02
-2.076853135340271592e+02
-1.364298226671000407e+02
-6.086169268831008594e+01
1.283500061342687104e+01
7.887400579257564459e+01
1.325229684885561596e+02
1.701563326788133281e+02
1.894588540744219358e+02
1.891176796976628793e+02
1.688785465896102096e+02
1.293323629248357065e+02
7.222230869364079808e+01
4.695937148501343472e-01
-8.146410099286532613e+01
-1.677705254917288471e+02
-2.514017160251436280e+02
-3.248639441005769868e+02
-3.808798364705995141e+02
-4.134953555334834618e+02
-4.186692808315706316e+02
-3.949453970764031396e+02
-3.434539129743842523e+02
-2.680628854391183040e+02
-1.749437050715181954e+02
-7.221331629367665528e+01
3.113746213619560876e+01
1.261478072584281449e+02
2.050986203920029425e+02
2.620336646166959440e+02
2.932249971507052351e+02
2.968893387885610764e+02
2.730890463020863308e+02
2.232961356346596631e+02
1.505054201049353537e+02
5.912349797576450783e+01
-4.477366550264827083e+01
-1.537356464237161617e+02
-2.591483599005226779e+02
-3.521386723939463081e+02
-4.243503900941863662e+02
-4.691237692417467997e+02
-4.820420209444278044e+02
-4.614287459018934214e+02
-4.081564481342836643e+02
-3.257722494145139081e+02
-2.202807851815261984e+02
-1.001024703868516781e+02
2.482049667954601091e+01
1.439904747082492804e+02
2.477900003781227269e+02
3.282621777986173583e+02
3.797885631283689918e+02
3.989314634402767297e+02
3.843929011785791090e+02
3.366594023487407412e+02
2.582992289453148373e+02
1.540902819652652056e+02
3.140117564229757363e+01
-1.002242072602452367e+02
-2.296129891338016478e+02
-3.453168940594724745e+02
-4.368751643180919473e+02
-4.964018137193100415e+02
-5.192696783476910696e+02
-5.043637652922830057e+02
-4.533838189399580756e+02
-3.705016627839031003e+02
-2.619553242100437274e+02
-1.360969637657380531e+02
-2.693661764604428299e+00
1.278790843914320590e+02
2.459672289716384057e+02
3.433314535637259723e+02
4.137382865588517120e+02
4.527170187018013507e+02
4.574550864867611608e+02
4.264732910234159249e+02
3.601628587669601984e+02
2.614071918069622598e+02
1.365431235202951257e+02
-4.707895886570270250e+00
-1.498365314494473637e+02
-2.852277105837463296e+02
-3.978893669671336966e+02
-4.776039902059902715e+02
-5.181410016278116473e+02
-5.177487893184478480e+02
-4.782716854963198898e+02
-4.043397408874114944e+02
-3.025195670791467251e+02
-1.811532803877696551e+02
-4.968355990977369174e+01
8.201487493395393358e+01
2.048235488039902634e+02
3.109557228910720141e+02
3.944210491502057039e+02
4.506246012687016673e+02
4.760892050612826552e+02
4.679781044609666196e+02
4.245708093059067778e+02
3.460565526219746175e+02
2.360094644714606602e+02
1.020231322805136642e+02
-4.437311341647261997e+01
-1.892629224414546343e+02
-3.181898332430107530e+02
-4.186207068346184315e+02
-4.817286495383061151e+02
-5.035577586277518094e+02
-4.845459459236759585e+02
-4.286410184220105748e+02
-3.420670521269239543e+02
-2.328329650791978906e+02
-1.099713169120908560e+02
1.704861622029039836e+01
1.394218546085832031e+02
2.495705530602643307e+02
3.416394132821212679e+02
4.110929286962290803e+02
4.543460915956036388e+02
4.680843329338104013e+02
4.494533676215697255e+02
3.966098381813060882e+02
3.102444972393663534e+02
1.947377180961182148e+02
5.889273291136720445e+01
-8.494295521618613520e+01
-2.224134674593601630e+02
-3.395991447406391899e+02
-4.251220457201597469e+02
-4.720234762085474358e+02
-4.780881341826758444e+02
-4.453872934841018605e+02
-3.789588857162252680e+02
-2.860194144994062526e+02
-1.750430979777253810e+02
-5.519201378517345802e+01
6.474461273643532877e+01
1.769667892336508999e+02
2.753134947774672128e+02
3.550372731433129161e+02
4.125126271821788464e+02
4.444370819765131273e+02
4.476953154909285786e+02
4.194718073518138794e+02
3.584406881788976875e+02
2.659921277449401487e+02
1.475805501237960584e+02
1.274212442802013356e+01
-1.257161034030598898e+02
-2.537930876787763737e+02
-3.583929992352844920e+02
-4.296530236226655006e+02
-4.621060948946096687e+02
-4.550185922052273213e+02
-4.114020473068858905e+02
-3.371260355526943613e+02
-2.398281990369122809e+02
-1.283098798776336480e+02
-1.148593395790499017e+01
1.023135439888229712e+02
2.062031129657732436e+02
2.947983030137501714e+02
3.641540318829800071e+02
4.110007238461200814e+02
4.323796411768554435e+02
4.253145444314279189e+02
3.875070335273286446e+02
3.182745032277471182e+02
2.200861663793669436e+02
9.928025965661299779e+01
-3.386278137114197762e+01
-1.665213765633576486e+02
-2.851053095662233545e+02
-3.776666623344319760e+02
-4.356340311996326591e+02
-4.550144968795091813e+02
-4.360881150608039434e+02
-3.827371973572614365e+02
-3.012808438122372650e+02
-1.998219217334762448e+02
-8.722597930357477480e+01
2.761851058101603940e+01
1.368604219219294009e+02
2.340667703017588224e+02
3.145023652811804027e+02
3.745745605084569547e+02
4.114202181617010297e+02
4.222549997953530010e+02
4.045751668864963904e+02
3.566273445683926866e+02
2.787655761209833827e+02
1.744802466555510136e+02
5.120178059902758605e+01
-8.029821305564900058e+01
-2.071080646979016251e+02
-3.163516202130255124e+02
-3.971156419590779478e+02
-4.422954583168822751e+02
-4.490911254633297744e+02
-4.188588772726558318e+02
-3.560614503174569450e+02
-2.675823581467648751e+02
-1.617519109181520776e+02
-4.766617326205982863e+01
6.596571978912004397e+01
1.714832830822210212e+02
2.629387759921779093e+02
3.358907832033057161e+02
3.871510595996426218e+02
4.140125102701808828e+02
4.140759687050461366e+02
3.852278109260555539e+02
3.266049493106906993e+02
2.395760506663561955e+02
1.289578230162254613e+02
3.127216904601709757e+00
-1.264969859800061727e+02
-2.471854489228758780e+02
-3.467064868641007251e+02
-4.154746179584250285e+02
-4.477138835761554674e+02
-4.419903922443280635e+02
-4.005102455206341574e+02
-3.284724122156950443e+02
-2.331116967690161914e+02
-1.231337731923629235e+02
-7.629426873231523132e+00
1.047193208595971328e+02
2.066270788345348137e+02
2.923983060058092747e+02
3.579960401266685039e+02
4.003708919182695354e+02
4.171098000701957744e+02
4.060187007405838813e+02
3.656362362842055518e+02
2.959329424116460814e+02
1.996195781894463721e+02
8.274608689883962143e+01
-4.516135652981671456e+01
-1.722834528888552654e+02
-2.860068913003913167e+02
-3.750856738574817086e+02
-4.312098334170686940e+02
-4.501874218910957097e+02
-4.317693819482327626e+02
-3.791848422029421499e+02
-2.981743000834305803e+02
-1.964911756920218977e+02
-8.297185820032615311e+01
3.320331008042086296e+01
1.436622815172714809e+02
2.413734927399676167e+02
3.210967170720671220e+02
3.789817503755569419e+02
4.122514233520596463e+02
4.185592552290556796e+02
3.961103744237448154e+02
3.439800879592986007e+02
2.632761372247920235e+02
1.579707548575131568e+02
3.557233947636149196e+01
-9.348039693183847021e+01
-2.169038851541578765e+02
-3.225604292059999807e+02
-4.001822492945422596e+02
-4.430468792425052698e+02
-4.483973688942052149e+02
-4.173372140393744303e+02
-3.539094534204823503e+02
-2.645721825789772765e+02
-1.573778256319213256e+02
-4.139825126634701746e+01
7.440499946987944213e+01
1.819065061033934967e+02
2.746042972239067694e+02
3.475600313826963657e+02
3.972804809088254387e+02
4.210352961373108656e+02
4.167111956446588010e+02
3.827559458046416694e+02
3.190549215090097164e+02
2.277708262940924442e+02
1.143808017533587531e+02
-1.237446932071105721e+01
-1.410883981890116274e+02
-2.593923182082788230e+02
-3.556503648769520396e+02
-4.209351858151809438e+02
-4.500036271855634595e+02
-4.417001218792013333e+02
-3.982337238566824453e+02
-3.246062946261451998e+02
-2.277790612913240693e+02
-1.162358065240455289e+02
1.004835921330652582e+00
1.151418111711724919e+02
2.186005804164106507e+02
3.052960098433980534e+02
3.707985138236019225e+02
4.117657398528975250e+02
4.256785356755332259e+02
4.104821346071304333e+02
3.651218961312492297e+02
2.902130879360150857e+02
1.892464076188903164e+02
6.901304973513146024e+01
-6.044626515050248372e+01
-1.871497662735551444e+02
-2.987013698685304348e+02
-3.843820060776820924e+02
-4.365598092061519537e+02
-4.516726127809991453e+02
-4.298998262411006408e+02
-3.746498250618278689e+02
-2.916356208709891575e+02
-1.884589326742155890e+02
-7.376980515061319466e+01
4.339098615706922146e+01
1.546865477899702910e+02
2.529938905636246886e+02
3.328701733220381129e+02
3.902004124710069846e+02
4.219554986983696949e+02
4.256382746920456270e+02
3.994906896107796683e+02
3.428753116351862218e+02
2.574440758366211526e+02
1.478858844122737537e+02
2.242799969791758485e+01
-1.079611817388721420e+02
-2.307948017919678705e+02
-3.341068016092342532e+02
-4.081229394217594404e+02
-4.467848246921363398e+02
-4.479775995179020356e+02
-4.132829944596915084e+02
-3.470124066370475475e+02
-2.557028336481777728e+02
-1.473374235788923556e+02
-3.082224710166786963e+01
8.507782019536733742e+01
1.923956609323938665e+02
2.846951312293650744e+02
3.569867419511854223e+02
4.056243823878048715e+02
4.276803732534206688e+02
4.208890286120852124e+02
3.836908082090589573e+02
3.161881898985849375e+02
2.210010400215172695e+02
1.042233472452504657e+02
-2.478702756964651144e+01
-1.541772499410314481e+02
-2.714251906719853196e+02
-3.650778626773762880e+02
-4.266737563153649262e+02
-4.515764207263614480e+02
-4.392132017883451454e+02
-3.922449918929035562e+02
-3.159628900727882410e+02
-2.174574072535444316e+02
-1.051889134195602082e+02
1.197627235838706383e+01
1.254641927559678152e+02
2.279284470922244168e+02
3.134427521493520885e+02
3.776223886835971939e+02
4.170547986093939130e+02
4.290839942100577673e+02
4.115378630749955278e+02
3.633618387423978220e+02
2.853612502309107413e+02
1.814121718965915875e+02
5.880492535170020574e+01
-7.194545274385188804e+01
-1.985438898479948762e+02
-3.085336154728041720e+02
-3.914112910844449971e+02
-4.399760197209164971e+02
-4.511856860424845763e+02
-4.257050881118982488e+02
-3.673276410943288965e+02
-2.820338993872018136e+02
-1.775642736025720865e+02
-6.256413482656768110e+01
5.406537381728810487e+01
1.642159544190921565e+02
2.610110399462840860e+02
3.392001348372956500e+02
3.947589056563215877e+02
4.246436328805663152e+02
4.262817652462670708e+02
3.978568396780760850e+02
3.387727539263383392e+02
2.508732277269855899e+02
1.391751004531485023e+02
1.228819344109189160e+01
-1.184935556620453667e+02
-2.405117733018496438e+02
-3.418401340125685124e+02
-4.129537722534120121e+02
-4.481841600101524818e+02
-4.458422101767419576e+02
-4.078909468321637632e+02
-3.389489767461408292e+02
-2.457785914969696819e+02
-1.364861182965839248e+02
-1.997506237289405817e+01
9.511519971035733079e+01
2.010260484675422958e+02
2.915496037144178558e+02
3.618810853152647837e+02
4.084764922166332894e+02
4.284294661004146860e+02
4.194572452654383028e+02
3.800105273520366609e+02
3.102898823871210539e+02
2.131234982773208912e+02
9.488894571260169641e+01
-3.477540391881268533e+01
-1.638233971415966153e+02
-2.796883773592841749e+02
-3.710463647365400561e+02
-4.297118387539035211e+02
-4.513972969708964911e+02
-4.358712451649245168e+02
-3.860852526438382597e+02
-3.075663393752307684e+02
-2.075825351179228733e+02
-9.468995729992269617e+01
2.225449942727243524e+01
1.347881233228185351e+02
2.357424549776595200e+02
3.193829474341287096e+02
3.814809412649585170e+02
4.187191014555726838e+02
4.284861472687177866e+02
4.086449324519026618e+02
3.582185437753670953e+02
2.781688930836988902e+02
1.726015556832982156e+02
4.905690570368051340e+01
-8.175192629881433959e+01
-2.074439967493468089e+02
-3.156218375734581514e+02
-3.959831185958117885e+02
-4.416216103616187638e+02
-4.498087421017688712e+02
-4.214838900215383433e+02
-3.606619708666383985e+02
-2.735019964072109246e+02
-1.678769635509690374e+02
-5.249677959230638180e+01
6.375857118527443390e+01
1.728805993898191673e+02
2.681395257117563915e+02
3.444362294325259768e+02
3.978679219025176508e+02
4.254724299351059358e+02
4.247379135641683092e+02
3.939273166192070903e+02
3.325821000221502572e+02
2.427546125807458566e+02
1.297101692548352503e+02
2.282126629586457511e+00
-1.281023524880182549e+02
-2.487833928966644521e+02
-3.479755749988665343e+02
-4.164099546869915685e+02
-4.487243167656920946e+02
-4.435147871016953331e+02
-4.029712147619711686e+02
-3.318856523867412989e+02
-2.371559011906815613e+02
-1.269818812374398362e+02
-1.030052412189718325e+01
1.042849170124458738e+02
2.091091906958772029e+02
2.980854716314399866e+02
3.665246138005578018e+02
4.109725215781638781e+02
4.285906928007066767e+02
4.171695114739279688e+02
3.752765088292290443e+02
3.032999759831067195e+02
2.043181389809021766e+02
8.496910421801771918e+01
-4.490971458478583145e+01
-1.731921271148836468e+02
-2.873773827205102407e+02
-3.763459797039226373e+02
-4.322080121098367727e+02
-4.509871233864857913e+02
-4.327144097815191799e+02
-3.805358894674782846e+02
-3.001207447014818968e+02
-1.988412220811032398e+02
-8.531380682912373459e+01
3.160097917620925045e+01
1.434937538130292864e+02
2.432882675743729237e+02
3.253524733797967770e+02
3.855453202192563822e+02
4.206142694568570732e+02
4.280058276532627701e+02
4.056679266954256491e+02
3.527727811040784900e+02
2.705103181801823666e+02
1.632649330375721206e+02
3.883931069963989557e+01
-9.188160147402652456e+01
-2.164847013959925164e+02
-3.226950129311569526e+02
-4.004640722431207678e+02
-4.432070837340050957e+02
-4.485042401281457956e+02
-4.175381484378921186e+02
-3.544965203220221497e+02
-2.656604055622125315e+02
-1.589832726619363825e+02
-4.320628584024865404e+01
7.281510814871978710e+01
1.811438887739350321e+02
2.751449656127741150e+02
3.498091431318543982e+02
4.013006289880336226e+02
4.267043476428602276e+02
4.235617366675348308e+02
3.902348112760654999e+02
3.264432832622127876e+02
2.344984175508992621e+02
1.199595030336863033e+02
-8.088253642600477633e+00
-1.380791901708727778e+02
-2.573684427723319459e+02
-3.543428747622299966e+02
-4.200246969835460504e+02
-4.493858446674081506e+02
-4.413214189363585547e+02
-3.982464764330363209e+02
-3.251106282128750991e+02
-2.289195013430723407e+02
-1.179333225272861796e+02
-1.093649406382382949e+00
1.130469355159029305e+02
2.169118313489091179e+02
3.045123977377229494e+02
3.712403218986926845e+02
4.136937801799971339e+02
4.290708762785421300e+02
4.152174736136244064e+02
3.708179362844547882e+02
2.964659329907215692e+02
1.955202196157559911e+02
7.491414683074049208e+01
-5.528613824142883004e+01
-1.828566700898854265e+02
-2.953602839720909969e+02
-3.818941585039103757e+02
-4.348853843249992224e+02
-4.506921945680874160e+02
-4.296282780694899088e+02
-3.750472355368943909e+02
-2.927636365084737804e+02
-1.902450364638753513e+02
-7.614874532496315851e+01
4.068517067150924049e+01
1.519212721446871797e+02
2.505861730707016477e+02
3.311479281045315588e+02
3.895384347651821031e+02
4.225471726562271328e+02
4.276536799127780455e+02
4.028708040928229934e+02
3.475097232167279913e+02
2.629907857397599287e+02
1.539909536774452476e+02
2.859602697471592592e+01
-1.021149822936455394e+02
-2.256788239700808845e+02
-3.299338663120985302e+02
-4.050868104719555731e+02
-4.448843074729549585e+02
-4.472308755073927387e+02
-4.135705371338852956e+02
-3.482812429429399117e+02
-2.577778423990628198e+02
-1.500954594152573804e+02
-3.399570813828813698e+01
8.170998453123849004e+01
1.891779510298510445e+02
2.818855433553807188e+02
3.549222874857669012e+02
4.045173442224883047e+02
4.277912111001720632e+02
4.223215052239626743e+02
3.865517362915891226e+02
3.203664092211735124e+02
2.263290290763611665e+02
1.102934827009135574e+02
-1.839611534985755270e+01
-1.480241321647282575e+02
-2.659482655631329635e+02
-3.607179016279711732e+02
-4.236415030197521219e+02
-4.500258755159588873e+02
-4.390718771145370170e+02
-3.934323758085787404e+02
-3.182302788204592616e+02
-2.205923199821730236e+02
-1.088440818729097259e+02
8.074001795801393655e+00
1.216748738405131576e+02
2.244899335903473343e+02
3.106470469195608075e+02
3.756313633766960152e+02
4.160977656190025300e+02
4.292773075842297885e+02
4.130617580433337821e+02
3.662398703610653570e+02
2.895979367469773820e+02
1.867637639486795820e+02
6.495719200491510037e+01
-6.553109338585261412e+01
-1.923780646018803964e+02
-3.032044540267602883e+02
-3.873160135428835815e+02
-4.374483048009698791e+02
-4.502878934421365216e+02
-4.264303210180875112e+02
-3.694431824989728170e+02
-2.852977987424089292e+02
-1.815679716158435895e+02
-6.695708213737390224e+01
4.971816293029883127e+01
1.602065038602959817e+02
2.576519386472820656e+02
3.366375297471336125e+02
3.931800116900049034e+02
4.241177881224913335e+02
4.269649980768534192e+02
3.997963633928577565e+02
3.420551988547705946e+02
2.553818996863134885e+02
1.447324524834972408e+02
1.846121442267138946e+01
-1.121705832519646719e+02
-2.346558041250544306e+02
-3.369459899028790915e+02
-4.094967415750253394e+02
-4.463756286871713428e+02
-4.458008433814451337e+02
-4.094719831965557546e+02
-3.419585538182311666e+02
-2.498156772306952007e+02
-1.411672294973087105e+02
-2.479907865445915149e+01
9.052259943639990070e+01
1.970534243870762907e+02
2.883921833194610258e+02
3.597370608347115422e+02
4.073912858051006083e+02
4.285181680887313291e+02
4.207363648964600316e+02
3.825728625558799649e+02
3.140748913122949943e+02
2.180503811211042944e+02
1.006338837769187080e+02
-2.858886899980029739e+01
-1.577681870189876463e+02
-2.742750309567155682e+02
-3.668245798127302919e+02
-4.270065729948067883e+02
-4.504513869685307554e+02
-4.366530911466305724e+02
-3.884939921865552606e+02
-3.112681725611253682e+02
-2.122256843920452525e+02
-9.976072219031817667e+01
1.718542052617806348e+01
1.301914035778492575e+02
2.318989709174245490e+02
3.165565058261161084e+02
3.797477914705723379e+02
4.181904635409380262e+02
4.291552226321334729e+02
4.105864945746016019e+02
3.613827504238051915e+02
2.825241092000808862e+02
1.779016034091525285e+02
5.500817171472203881e+01
-7.565870356800712671e+01
-2.016940987943280561e+02
-3.107891303938935152e+02
-3.924628852802617303e+02
-4.397550967379191889e+02
-4.496695762254890951e+02
-4.230712900310766145e+02
-3.637329794758040862e+02
-2.777786833493449308e+02
-1.728874730657598775e+02
-5.780893940515289842e+01
5.866318182570330464e+01
1.683613898196250034e+02
2.645467940245003433e+02
3.419177347106046909e+02
3.965773124871803930e+02
4.254164431867775420e+02
4.259898372449358135e+02
3.964417432911082528e+02
3.363547248956876388e+02
2.475921214636684340e+02
1.353842792891815634e+02
8.341659229990739277e+00
-1.221091105868441673e+02
-2.434336329461949902e+02
-3.437090391056939325e+02
-4.136446245654798872e+02
-4.476248034184917515e+02
-4.441712619168184233e+02
-4.052281715301963345e+02
-3.355485495501168316e+02
-2.418229442770509081e+02
-1.322608851988514402e+02
-1.567042894690990806e+01
9.922830340864965137e+01
2.047895159977915114e+02
2.947315431445000513e+02
3.643591523349317640e+02
4.100488976601337185e+02
4.290089277396247098e+02
4.189043292634244153e+02
3.783534522929580248e+02
3.075738726876417104e+02
2.096211608836288178e+02
9.090620476865655064e+01
-3.875517045491562840e+01
-1.673945599739962518e+02
-2.824113841785119234e+02
-3.726978357261490373e+02
-4.301288111226390924e+02
-4.506541215849641731e+02
-4.340521547761769625e+02
-3.834256871520137793e+02
-3.042332808426672841e+02
-2.038432729833453436e+02
-9.071409735580397182e+01
2.621554416421167844e+01
1.385916196527210218e+02
2.391654581474376755e+02
3.223032758714867896e+02
3.836842670934332773e+02
4.200870171356403944e+02
4.288231975900937982e+02
4.078949651334964415e+02
3.563182178304780336e+02
2.752740727943755132e+02
1.689192577702181666e+02
4.501511415616818113e+01
-8.574493278243858185e+01
-2.108879330962477638e+02
-3.181888565293096462e+02
-3.973895372144768317e+02
-4.418362909639478175e+02
-4.488458176985384398e+02
-4.195450080883775286e+02
-3.579048650935304181e+02
-2.701967856483706214e+02
-1.642001364789412605e+02
-4.870565338775958253e+01
6.752008992525685471e+01
1.763953622032266821e+02
2.712976468656638076e+02
3.470376241895230578e+02
3.998012488627372250e+02
4.265299971122919942e+02
4.248204687620417985e+02
3.928914779420279615e+02
3.304721114248295635e+02
2.396546893514855014e+02
1.259448894265663625e+02
-1.796307445294530680e+00
-1.319874230513808016e+02
-2.520794671487074083e+02
-3.502868705269394241e+02
-4.175799014475610988e+02
-4.486604938487483878e+02
-4.423491963811858909e+02
-4.008285721255294902e+02
-3.290300353798706965e+02
-2.337751978536007869e+02
-1.233543335262035612e+02
-6.592311637851992145e+00
1.078412360320985499e+02
2.124011775450338178e+02
3.009246220457099525e+02
3.688200113708801382e+02
4.125339660769773786e+02
4.293179959428250640e+02
4.168854443204387508e+02
3.739512443217888631e+02
3.009099583590906946e+02
2.010692084379344351e+02
8.111523177644272664e+01
-4.891284010424163853e+01
-1.769384543912299819e+02
-2.904012425077303305e+02
-3.783803614209075477e+02
-4.330408436493345334e+02
-4.506508357498460100e+02
-4.312681929157347440e+02
-3.782111193995257850e+02
-2.970988110747290420e+02
-1.954140574105283577e+02
-8.167460382209088721e+01
3.518885871039447011e+01
1.468938847841351958e+02
2.463032044792331590e+02
3.278999200036367938e+02
3.874558757137585303e+02
4.218079245726524391e+02
4.283081138578882019e+02
4.050190053086022317e+02
3.510794184046825990e+02
2.678772550306534868e+02
1.598373831331414294e+02
3.498639922127955515e+01
-9.579442752771075220e+01
-2.199749077207383721e+02
-3.254248370843200746e+02
-4.021169203887864683e+02
-4.437066866030066876e+02
-4.478210136919736328e+02
-4.158437908971172874e+02
-3.519401527424196843e+02
-2.625257217649206041e+02
-1.554764206972013199e+02
-3.961911819942559987e+01
7.631200691886959930e+01
