-5.000000000000510111e-07
-1.500000000001569590e-06
-3.000000000021914089e-06
-5.000000000201773821e-06
-7.500000001388805575e-06
-1.050000000764007058e-05
-1.400000003487988990e-05
-1.800000013540249290e-05
-2.250000045396506317e-05
-2.750000132593019439e-05
-3.300000337849918379e-05
-3.900000744108600892e-05
-4.550001373107848406e-05
-5.250001921054985363e-05
-6.000001129421290123e-05
-6.799995556649707478e-05
-7.649977548506338573e-05
-8.549932406047475967e-05
-9.499835190818350255e-05
-1.049964828675511964e-04
-1.154932163273580996e-04
-1.264879818020561556e-04
-1.379802724887972090e-04
-1.499698769945829796e-04
-1.624572104036021134e-04
-1.754437187613760269e-04
-1.889322999632958469e-04
-2.029276568955927344e-04
-2.174364842250214587e-04
-2.324673952718262653e-04
-2.480305223692841083e-04
-2.641367698619142288e-04
-2.807967551548171906e-04
-2.980195286519988118e-04
-3.158112065320173886e-04
-3.341736723927339939e-04
-3.531035009069860391e-04
-3.725912301853127298e-04
-3.926210655131061236e-04
-4.131710442400023326e-04
-4.342136391284874639e-04
-4.557167333122954882e-04
-4.776448693932324775e-04
-4.999606602028615950e-04
-5.226262486031241911e-04
-5.456047155462838893e-04
-5.688613555052754326e-04
-5.923647621862673969e-04
-6.160876915270981427e-04
-6.400076906697204715e-04
-6.641074992198862850e-04
-6.883752419851249396e-04
-7.128044405808418166e-04
-7.373938753840947801e-04
-7.621473301305280775e-04
-7.870732498959910573e-04
-8.121843401259646938e-04
-8.374971304790018245e-04
-8.630315230802816694e-04
-8.888103407160988581e-04
-9.148588867803737973e-04
-9.412045255386884777e-04
-9.678762885474445112e-04
-9.949045108511816830e-04
-1.022320498834265951e-03
-1.050156230270398025e-03
-1.078444086125787075e-03
-1.107216612972449117e-03
-1.136506314392803909e-03
-1.166345469462474809e-03
-1.196765976236970628e-03
-1.227799218107449757e-03
-1.259475950903167106e-03
-1.291826208679362244e-03
-1.324879226223859684e-03
-1.358663376429859694e-03
-1.393206120806778558e-03
-1.428533971530259947e-03
-1.464672463560863936e-03
-1.501646135490986630e-03
-1.539478517906874878e-03
-1.578192128181419868e-03
-1.617808470745073007e-03
-1.658348042016228848e-03
-1.699830339311066054e-03
-1.742273873192493484e-03
-1.785696182854564851e-03
-1.830113854267518018e-03
-1.875542540916103800e-03
-1.921996987045744435e-03
-1.969491053368220296e-03
-2.018037745170772179e-03
-2.067649242706541893e-03
-2.118336933621670169e-03
-2.170111447003585364e-03
-2.222982688425344591e-03
-2.276959875134391010e-03
-2.332051570322672251e-03
-2.388265715240300239e-03
-2.445609657818394005e-03
-2.504090176471808569e-03
-2.563713497883885178e-03
-2.624485307843003445e-03
-2.686410754604612490e-03
-2.749494444774954176e-03
-2.813740432325049796e-03
-2.879152201997771214e-03
-2.945732649016760858e-03
-3.013484057583162932e-03
-3.082408081099303945e-03
-3.152505727330570662e-03
-3.223777351776080206e-03
-3.296222662332283330e-03
-3.369840737905466146e-03
-3.444630062968569769e-03
-3.520588579199535398e-03
-3.597713754342179212e-03
-3.676002667347917641e-03
-3.755452107769976806e-03
-3.836058686360199407e-03
-3.917818952932176739e-03
-4.000729516862707759e-03
-4.084787165157614461e-03
-4.169988972829590662e-03
-4.256332400445062350e-03
-4.343815374082583489e-03
-4.432436343580886499e-03
-4.522194315810105711e-03
-4.613088860713184317e-03
-4.705120088988377566e-03
-4.798288601451703057e-03
-4.892595411272036843e-03
-4.988041841352439457e-03
-5.084629400096388543e-03
-5.182359639598063845e-03
-5.281234000913820337e-03
-5.381253651481471105e-03
-5.482419319952668187e-03
-5.584731133697339554e-03
-5.688188464037595080e-03
-5.792789783898269658e-03
-5.898532542041957059e-03
-6.005413057425140408e-03
-6.113426436501499805e-03
-6.222566515529897105e-03
-6.332825829166644459e-03
-6.444195605850474608e-03
-6.556665789748994215e-03
-6.670225088361553430e-03
-6.784861044263690473e-03
-6.900560128957729938e-03
-7.017307856373467337e-03
-7.135088913223399179e-03
-7.253887303193882856e-03
-7.373686501809782051e-03
-7.494469618765448732e-03
-7.616219564539902266e-03
-7.738919218222887163e-03
-7.862551593638423750e-03
-7.987100001066898755e-03
-8.112548202120158092e-03
-8.238880555606505757e-03
-8.366082152519068935e-03
-8.494138938594929245e-03
-8.623037823199442703e-03
-8.752766773593864680e-03
-8.883314893939717183e-03
-9.014672488661584770e-03
-9.146831110055020017e-03
-9.279783590246486885e-03
-9.413524057832150030e-03
-9.548047939697551154e-03
-9.683351948684460614e-03
-9.819434057911590602e-03
-9.956293462664229585e-03
-1.009393053087200877e-02
-1.023234674326711606e-02
-1.037154462437168446e-02
-1.051152766551804833e-02
-1.065230024112333133e-02
-1.079386751945956256e-02
-1.093623536916180257e-02
-1.107941026269551425e-02
-1.122339917798198354e-02
-1.136820949933004497e-02
-1.151384891876553775e-02
-1.166032533877097571e-02
-1.180764677735660767e-02
-1.195582127628533158e-02
-1.210485681314998722e-02
-1.225476121787651661e-02
-1.240554209409628315e-02
-1.255720674568845154e-02
-1.270976210866335727e-02
-1.286321468842012081e-02
-1.301757050229482814e-02
-1.317283502720744716e-02
-1.332901315212538934e-02
-1.348610913499317249e-02
-1.364412656373437810e-02
-1.380306832091690583e-02
-1.396293655166993934e-02
-1.412373263448577464e-02
-1.428545715458446816e-02
-1.444810987959908692e-02
-1.461168973743418725e-02
-1.477619479624488197e-02
-1.494162224659334459e-02
-1.510796838594992593e-02
-1.527522860580254362e-02
-1.544339738172736953e-02
-1.561246826684802372e-02
-1.578243388915153908e-02
-1.595328595316711576e-02
-1.612501524649959453e-02
-1.629761165168767956e-02
-1.647106416379555752e-02
-1.664536091406193172e-02
-1.682048919982626761e-02
-1.699643552082254899e-02
-1.717318562179486960e-02
-1.735072454122259245e-02
-1.752903666580671663e-02
-1.770810579019701722e-02
-1.788791518130287972e-02
-1.806844764639186848e-02
-1.824968560406383875e-02
-1.843161115709599646e-02
-1.861420616607665016e-02
-1.879745232271204380e-02
-1.898133122167425593e-02
-1.916582442987316975e-02
-1.935091355208237371e-02
-1.953658029192139114e-02
-1.972280650729864998e-02
-1.990957425953374799e-02
-2.009686585552767843e-02
-2.028466388248726868e-02
-2.047295123489291727e-02
-2.066171113355385475e-02
-2.085092713677413889e-02
-2.104058314381546113e-02
-2.123066339100575586e-02
-2.142115244098747109e-02
-2.161203516574307371e-02
-2.180329672414023368e-02
-2.199492253483956855e-02
-2.218689824549917311e-02
-2.237920969924249437e-02
-2.257184289940888239e-02
-2.276478397360187991e-02
-2.295801913804866590e-02
-2.315153466324818346e-02
-2.334531684183625486e-02
-2.353935195953504866e-02
-2.373362626995366431e-02
-2.392812597393880955e-02
-2.412283720404371015e-02
-2.431774601458838031e-02
-2.451283837765793477e-02
-2.470810018526688190e-02
-2.490351725779631556e-02
-2.509907535868772382e-02
-2.529476021527007207e-02
-2.549055754548183728e-02
-2.568645309014093089e-02
-2.588243265033731214e-02
-2.607848212943246480e-02
-2.627458757906825718e-02
-2.647073524855113325e-02
-2.666691163691065417e-02
-2.686310354691668831e-02
-2.705929814029565603e-02
-2.725548299341019540e-02
-2.745164615264390068e-02
-2.764777618876592888e-02
-2.784386224958260506e-02
-2.803989411021527711e-02
-2.823586222038322255e-02
-2.843175774815601131e-02
-2.862757261967175185e-02
-2.882329955441012212e-02
-2.901893209565577919e-02
-2.921446463588559320e-02
-2.940989243687627819e-02
-2.960521164439148395e-02
-2.980041929738932657e-02
-2.999551333175920487e-02
-3.019049257864866651e-02
-3.038535675749744897e-02
-3.058010646394885776e-02
-3.077474315284655509e-02
-3.096926911657009104e-02
-3.116368745896108683e-02
-3.135800206515587663e-02
-3.155221756761582980e-02
-3.174633930867905990e-02
-3.194037329994493107e-02
-3.213432617880961767e-02
-3.232820516248065962e-02
-3.252201799974945018e-02
-3.271577292084712485e-02
-3.290947858565615447e-02
-3.310314403056858340e-02
-3.329677861426207780e-02
-3.349039196266061225e-02
-3.368399391334601228e-02
-3.387759445968921423e-02
-3.407120369495566375e-02
-3.426483175665833575e-02
-3.445848877143031092e-02
-3.465218480069160584e-02
-3.484592978739610436e-02
-3.503973350415978683e-02
-3.523360550305627142e-02
-3.542755506739253546e-02
-3.562159116577318790e-02
-3.581572240875844498e-02
-3.600995700842674757e-02
-3.620430274113418945e-02
-3.639876691376985746e-02
-3.659335633375833396e-02
-3.678807728307664782e-02
-3.698293549649343814e-02
-3.717793614422444659e-02
-3.737308381915449562e-02
-3.756838252873261064e-02
-3.776383569160636500e-02
-3.795944613900826409e-02
-3.815521612085627512e-02
-3.835114731648143344e-02
-3.854724084984166577e-02
-3.874349730901999189e-02
-3.893991676977532485e-02
-3.913649882283945503e-02
-3.933324260463128691e-02
-3.953014683100883331e-02
-3.972720983365639336e-02
-3.992442959865210445e-02
-4.012180380676932945e-02
-4.031932987503131921e-02
-4.051700499903720248e-02
-4.071482619557443422e-02
-4.091279034505357348e-02
-4.111089423329417070e-02
-4.130913459222283757e-02
-4.150750813908740677e-02
-4.170601161380065036e-02
-4.190464181407731886e-02
-4.210339562807433739e-02
-4.230227006429054110e-02
-4.250126227852576988e-02
-4.270036959775529856e-02
-4.289958954083634979e-02
-4.309891983599566101e-02
-4.329835843510925625e-02
-4.349790352485854300e-02
-4.369755353483319865e-02
-4.389730714276437323e-02
-4.409716327705402034e-02
-4.429712111684287051e-02
-4.449718008985151935e-02
-4.469733986829003969e-02
-4.489760036310822683e-02
-4.509796171691166783e-02
-4.529842429583652574e-02
-4.549898868071972774e-02
-4.569965565784674805e-02
-4.590042620957979214e-02
-4.610130150515674707e-02
-4.630228289191359869e-02
-4.650337188716518327e-02
-4.670457017096876079e-02
-4.690587957993015700e-02
-4.710730210222122821e-02
-4.730883987391695106e-02
-4.751049517673514022e-02
-4.771227043722980204e-02
-4.791416822745706711e-02
-4.811619126709614641e-02
-4.831834242697522624e-02
-4.852062473393724956e-02
-4.872304137693653919e-02
-4.892559571424918985e-02
-4.912829128164368508e-02
-4.933113180136552284e-02
-4.953412119173587064e-02
-4.973726357720163749e-02
-4.994056329861985832e-02
-5.014402492358736863e-02
-5.034765325661722662e-02
-5.055145334894146220e-02
-5.075543050776620130e-02
-5.095959030476017448e-02
-5.116393858360202690e-02
-5.136848146641202761e-02
-5.157322535889541371e-02
-5.177817695404132031e-02
-5.198334323424606135e-02
-5.218873147172003318e-02
-5.239434922707393583e-02
-5.260020434597750122e-02
-5.280630495382564876e-02
-5.301265944831898280e-02
-5.321927648993850235e-02
-5.342616499025178850e-02
-5.363333409805030177e-02
-5.384079318331694980e-02
-5.404855181902189915e-02
-5.425661976080348864e-02
-5.446500692455260445e-02
-5.467372336199064625e-02
-5.488277923430701088e-02
-5.509218478396206431e-02
-5.530195030475720808e-02
-5.551208611031140799e-02
-5.572260250108092283e-02
-5.593350973009502541e-02
-5.614481796756333465e-02
-5.635653726455681911e-02
-5.656867751595901633e-02
-5.678124842289281049e-02
-5.699425945486024520e-02
-5.720771981181167753e-02
-5.742163838638871670e-02
-5.763602372657920109e-02
-5.785088399905134737e-02
-5.806622695337396861e-02
-5.828205988741174542e-02
-5.849838961411624183e-02
-5.871522242994271779e-02
-5.893256408513199845e-02
-5.915041975607295693e-02
-5.936879401993780392e-02
-5.958769083177645892e-02
-5.980711350425158002e-02
-6.002706469013551621e-02
-6.024754636772004096e-02
-6.046855982921599260e-02
-6.069010567223281916e-02
-6.091218379437988301e-02
-6.113479339101320770e-02
-6.135793295611184639e-02
-6.158160028626755850e-02
-6.180579248772039708e-02
-6.203050598633737256e-02
-6.225573654046294425e-02
-6.248147925645367723e-02
-6.270772860678580640e-02
-6.293447845052507761e-02
-6.316172205599170086e-02
-6.338945212538729668e-02
-6.361766082117002730e-02
-6.384633979395035186e-02
-6.407548021165769547e-02
-6.430507278974209595e-02
-6.453510782215643449e-02
-6.476557521288907326e-02
-6.499646450779195117e-02
-6.522776492648707514e-02
-6.545946539412066112e-02
-6.569155457275037413e-02
-6.592402089218334094e-02
-6.615685258006485936e-02
-6.639003769105553121e-02
-6.662356413497196039e-02
-6.685741970373436371e-02
-6.709159209704167182e-02
-6.732606894664799890e-02
-6.756083783921765229e-02
-6.779588633767666406e-02
-6.803120200103902893e-02
-6.826677240272033265e-02
-6.850258514730664383e-02
-6.873862788582907335e-02
-6.897488832957222871e-02
-6.921135426246267930e-02
-6.944801355211872862e-02
-6.968485415960735951e-02
-6.992186414800527494e-02
-7.015903168985859750e-02
-7.039634507361462734e-02
-7.063379270913197616e-02
-7.087136313236699903e-02
-7.110904500932369032e-02
-7.134682713937146037e-02
-7.158469845804331377e-02
-7.182264803934605701e-02
-7.206066509772776629e-02
-7.229873898974108204e-02
-7.253685921549660187e-02
-7.277501541994411960e-02
-7.301319739405885689e-02
-7.325139507597415445e-02
-7.348959855208533898e-02
-7.372779805816792598e-02
-7.396598398052239842e-02
-7.420414685716771042e-02
-7.444227737905824427e-02
-7.468036639134618959e-02
-7.491840489466966568e-02
-7.515638404644359172e-02
-7.539429516210119364e-02
-7.563212971629436343e-02
-7.586987934398477240e-02
-7.610753584138181538e-02
-7.634509116669437045e-02
-7.658253744063035773e-02
-7.681986694659231896e-02
-7.705707213050586035e-02
-7.729414560024773506e-02
-7.753108012458717613e-02
-7.776786863160559116e-02
-7.800450420653100292e-02
-7.824098008894689316e-02
-7.847728966931159789e-02
-7.871342648476387094e-02
-7.894938421415795271e-02
-7.918515667233334832e-02
-7.942073780353411938e-02
-7.965612167401482646e-02
-7.989130246381474787e-02
-8.012627445768721879e-02
-8.036103203517888649e-02
-8.059556965991758470e-02
-8.082988186810709241e-02
-8.106396325626161192e-02
-8.129780846825354623e-02
-8.153141218170631421e-02
-8.176476909380699098e-02
-8.199787390661444908e-02
-8.223072131194707202e-02
-8.246330597593040657e-02
-8.269562252332400554e-02
-8.292766552171067229e-02
-8.315942946566833027e-02
-8.339090876105863248e-02
-8.362209770950458643e-02
-8.385299049322837706e-02
-8.408358116033572138e-02
-8.431386361069714841e-02
-8.454383158252429253e-02
-8.477347863978923481e-02
-8.500279816055537896e-02
-8.523178332638364774e-02
-8.546042711288036331e-02
-8.568872228150588299e-02
-8.591666137270977111e-02
-8.614423670049890791e-02
-8.637144034847613061e-02
-8.659826416743920952e-02
-8.682469977456587495e-02
-8.705073855421396889e-02
-8.727637166037549576e-02
-8.750159002078385095e-02
-8.772638434266562257e-02
-8.795074512011080703e-02
-8.817466264306107748e-02
-8.839812700783615529e-02
-8.862112812916415894e-02
-8.884365575364862322e-02
-8.906569947459104519e-02
-8.928724874806139022e-02
-8.950829291016677847e-02
-8.972882119537227419e-02
-8.994882275577603670e-02
-9.016828668121798507e-02
-9.038720202011764349e-02
-9.060555780089317446e-02
-9.082334305383578388e-02
-9.104054683334121545e-02
-9.125715824032790136e-02
-9.147316644473856007e-02
-9.168856070800143754e-02
-9.190333040531513398e-02
-9.211746504765556953e-02
-9.233095430337842635e-02
-9.254378801931514853e-02
-9.275595624128657457e-02
-9.296744923389846371e-02
-9.317825749956877568e-02
-9.338837179668676991e-02
-9.359778315685887695e-02
-9.380648290116841426e-02
-9.401446265539775693e-02
-9.422171436417162149e-02
-9.442823030399949413e-02
-9.463400309519350018e-02
-9.483902571260477421e-02
-9.504329149524468057e-02
-9.524679415471472288e-02
-9.544952778250805070e-02
-9.565148685617159974e-02
-9.585266624433214089e-02
-9.605306121066709002e-02
-9.625266741677943050e-02
-9.645148092406996554e-02
-9.664949819461758629e-02
-9.684671609111290824e-02
-9.704313187589345968e-02
-9.723874320912612168e-02
-9.743354814619344106e-02
-9.762754513429171277e-02
-9.782073300836566232e-02
-9.801311098635377694e-02
-9.820467866383245092e-02
-9.839543600809594337e-02
-9.858538335170777267e-02
-9.877452138559066064e-02
-9.896285115166321422e-02
-9.915037403510448821e-02
-9.933709175621831255e-02
-9.952300636200542283e-02
-9.970812021741627673e-02
-9.989243599632799397e-02
-1.000759566722846799e-01
-1.002586855089912105e-01
-1.004406260506094245e-01
-1.006217821118499528e-01
-1.008021577678802905e-01
-1.009817573440623534e-01
-1.011605854054986042e-01
-1.013386467464562346e-01
-1.015159463796015127e-01
-1.016924895250953531e-01
-1.018682815995156227e-01
-1.020433282046663004e-01
-1.022176351162009528e-01
-1.023912082721229189e-01
-1.025640537611251790e-01
-1.027361778107966361e-01
-1.029075867756996110e-01
-1.030782871253009547e-01
-1.032482854317834098e-01
-1.034175883577609784e-01
-1.035862026438719580e-01
-1.037541350963151338e-01
-1.039213925742884376e-01
-1.040879819774015447e-01
-1.042539102330617140e-01
-1.044191842838560896e-01
-1.045838110749807426e-01
-1.047477975417204360e-01
-1.049111505970258817e-01
-1.050738771192323562e-01
-1.052359839399620578e-01
-1.053974778322089578e-01
-1.055583654987103520e-01
-1.057186535605988548e-01
-1.058783485464169088e-01
-1.060374568814859142e-01
-1.061959848777517534e-01
-1.063539387240625411e-01
-1.065113244770015816e-01
-1.066681480522655573e-01
-1.068244152166423766e-01
-1.069801315806357678e-01
-1.071353025917707175e-01
-1.072899335285844163e-01
-1.074440294953936809e-01
-1.075975954177685323e-01
-1.077506360388472834e-01
-1.079031559164049664e-01
-1.080551594207636718e-01
-1.082066507335105870e-01
-1.083576338470282341e-01
-1.085081125648674899e-01
-1.086580905029060767e-01
-1.088075710913171679e-01
-1.089565575773209644e-01
-1.091050530286926390e-01
-1.092530603379880116e-01
-1.094005822274900647e-01
-1.095476212547819433e-01
-1.096941798189787348e-01
-1.098402601674960399e-01
-1.099858644033793187e-01
-1.101309944931029433e-01
-1.102756522747548040e-01
-1.104198394666345284e-01
-1.105635576761436756e-01
-1.107068084089172233e-01
-1.108495930781528971e-01
-1.109919130140618743e-01
-1.111337694733991882e-01
-1.112751636489849455e-01
-1.114160966792036578e-01
-1.115565696573531801e-01
-1.116965836408687629e-01
-1.118361396603015784e-01
-1.119752387280341654e-01
-1.121138818466749232e-01
-1.122520700170929614e-01
-1.123898042460240859e-01
-1.125270855532621989e-01
-1.126639149783332378e-01
-1.128002935866691814e-01
-1.129362224752261529e-01
-1.130717027775740569e-01
-1.132067356683283260e-01
-1.133413223670640818e-01
-1.134754641415447879e-01
-1.136091623103690357e-01
-1.137424182449743582e-01
-1.138752333710344455e-01
-1.140076091692104887e-01
-1.141395471753126056e-01
-1.142710489798306889e-01
-1.144021162269051872e-01
-1.145327506127001016e-01
-1.146629538832434209e-01
-1.147927278317189825e-01
-1.149220742952362651e-01
-1.150509951511572981e-01
-1.151794923129371429e-01
-1.153075677255279430e-01
-1.154352233604201416e-01
-1.155624612102783971e-01
-1.156892832832548818e-01
-1.158156915970035283e-01
-1.159416881724051329e-01
-1.160672750270564241e-01
-1.161924541685497858e-01
-1.163172275875520578e-01
-1.164415972507424624e-01
-1.165655650936378712e-01
-1.166891330132987376e-01
-1.168123028609826808e-01
-1.169350764347454746e-01
-1.170574554720373167e-01
-1.171794416422850399e-01
-1.173010365395224658e-01
-1.174222416750589637e-01
-1.175430584702211317e-01
-1.176634882491822270e-01
-1.177835322318944861e-01
-1.179031915271550601e-01
-1.180224671258103958e-01
-1.181413598940963539e-01
-1.182598705671657341e-01
-1.183779997427949343e-01
-1.184957478752737825e-01
-1.186131152695083651e-01
-1.187301020753430969e-01
-1.188467082821007686e-01
-1.189629337133588649e-01
-1.190787780219967479e-01
-1.191942406854713671e-01
-1.193093210013740357e-01
-1.194240180832703002e-01
-1.195383308568116199e-01
-1.196522580561688032e-01
-1.197657982207302046e-01
-1.198789496921572884e-01
-1.199917106117440735e-01
-1.201040789181161694e-01
-1.202160523452548146e-01
-1.203276284209026242e-01
-1.204388044653127710e-01
-1.205495775903636518e-01
-1.206599446990608976e-01
-1.207699024854136799e-01
-1.208794474347244102e-01
-1.209885758242307541e-01
-1.210972837242211692e-01
-1.212055669994854118e-01
-1.213134213112325582e-01
-1.214208421193882781e-01
-1.215278246853421784e-01
-1.216343640750785215e-01
-1.217404551627538217e-01
-1.218460926346578432e-01
-1.219512709936235312e-01
-1.220559845638010121e-01
-1.221602274958546036e-01
-1.222639937725493592e-01
-1.223672772147068738e-01
-1.224700714875234381e-01
-1.225723701072603811e-01
-1.226741664482449284e-01
-1.227754537502322996e-01
-1.228762251260173688e-01
-1.229764735693743144e-01
-1.230761919632310936e-01
-1.231753730880869729e-01
-1.232740096306447902e-01
-1.233720941926330500e-01
-1.234696192997883218e-01
-1.235665774109539483e-01
-1.236629609273121738e-01
-1.237587622016792649e-01
-1.238539735478521309e-01
-1.239485872499558328e-01
-1.240425955718128387e-01
-1.241359907662494405e-01
-1.242287650843210689e-01
-1.243209107844704675e-01
-1.244124201415221648e-01
-1.245032854555659929e-01
-1.245934990606127751e-01
-1.246830533330779422e-01
-1.247719406999968500e-01
-1.248601536470286127e-01
-1.249476847261488666e-01
-1.250345265630450897e-01
-1.251206718642157711e-01
-1.252061134237163198e-01
-1.252908441295536579e-01
-1.253748569697416826e-01
-1.254581450379430585e-01
-1.255407015387660641e-01
-1.256225197926321702e-01
-1.257035932402626455e-01
-1.257839154467675358e-01
-1.258634801053101493e-01
-1.259422810403771353e-01
-1.260203122106539897e-01
-1.260975677114534732e-01
-1.261740417768242861e-01
-1.262497287811885083e-01
-1.263246232406582681e-01
-1.263987198139310819e-01
-1.264720133028711668e-01
-1.265444986526935711e-01
-1.266161709518611733e-01
-1.266870254315988487e-01
-1.267570574651865623e-01
-1.268262625668400423e-01
-1.268946363904546459e-01
-1.269621747279825741e-01
-1.270288735076306741e-01
-1.270947287918054169e-01
-1.271597367748991125e-01
-1.272238937808157222e-01
-1.272871962604277540e-01
-1.273496407887861337e-01
-1.274112240623063164e-01
-1.274719428957136191e-01
-1.275317942190557219e-01
-1.275907750744723623e-01
-1.276488826130595944e-01
-1.277061140915462800e-01
-1.277624668691090259e-01
-1.278179384039771493e-01
-1.278725262502702908e-01
-1.279262280546013264e-01
-1.279790415529880043e-01
-1.280309645675280772e-01
-1.280819950034119692e-01
-1.281321308456904173e-01
-1.281813701564818719e-01
-1.282297110718800814e-01
-1.282771517993590571e-01
-1.283236906148707834e-01
-1.283693258605013710e-01
-1.284140559417501770e-01
-1.284578793255118367e-01
-1.285007945375417904e-01
-1.285428001607740733e-01
-1.285838948330152720e-01
-1.286240772456185566e-01
-1.286633461414069257e-01
-1.287017003137402860e-01
-1.287391386046347896e-01
-1.287756599042717831e-01
-1.288112631493327220e-01
-1.288459473229318919e-01
-1.288797114531625987e-01
-1.289125546134934075e-01
-1.289444759214591896e-01
-1.289754745396045899e-01
-1.290055496742545937e-01
-1.290347005770238198e-01
-1.290629265436395445e-01
-1.290902269160453253e-01
-1.291166010812097864e-01
-1.291420484738826369e-01
-1.291665685753045356e-01
-1.291901609166743181e-01
-1.292128250776450049e-01
-1.292345606905972444e-01
-1.292553674387715013e-01
-1.292752450614667314e-01
-1.292941933516338071e-01
-1.293122121621177456e-01
-1.293293014025293508e-01
-1.293454610467109633e-01
-1.293606911285971328e-01
-1.293749917511120839e-01
-1.293883630807501073e-01
-1.294008053581494899e-01
-1.294123188910131228e-01
-1.294229040667125852e-01
-1.294325613430729605e-01
-1.294412912634413382e-01
-1.294490944447701519e-01
-1.294559715956860313e-01
-1.294619235011862379e-01
-1.294669510443998972e-01
-1.294710551870076054e-01
-1.294742369955750871e-01
-1.294764976166743464e-01
-1.294778383088068530e-01
-1.294782604109918078e-01
-1.294777653816019669e-01
-1.294763547588208552e-01
-1.294740302080744365e-01
-1.294707934724351750e-01
-1.294666464307049070e-01
-1.294615910353775767e-01
-1.294556293839652095e-01
-1.294487636415872500e-01
-1.294409961286957234e-01
-1.294323292247397950e-01
-1.294227654762122315e-01
-1.294123074769525927e-01
-1.294009580013760485e-01
-1.293887198559925400e-01
-1.293755960438237318e-01
-1.293615895804788030e-01
-1.293467036970502027e-01
-1.293309416126641187e-01
-1.293143067848513406e-01
-1.292968026285687133e-01
-1.292784328250882186e-01
-1.292592009753668336e-01
-1.292391109808448957e-01
-1.292181666163704779e-01
-1.291963719992761939e-01
-1.291737310638339797e-01
-1.291502481385208845e-01
-1.291259273001188201e-01
-1.291007730833403921e-01
-1.290747896880094503e-01
-1.290479818502973386e-01
-1.290203538709279729e-01
-1.289919106833196383e-01
-1.289626566641334238e-01
-1.289325969408009198e-01
-1.289017359379272809e-01
-1.288700789752606768e-01
-1.288376304940880290e-01
-1.288043960068711580e-01
-1.287703799368148383e-01
-1.287355879921983914e-01
-1.287000245394571141e-01
-1.286636954892793616e-01
-1.286266051083337636e-01
-1.285887595205595646e-01
-1.285501628450405609e-01
-1.285108214349431344e-01
-1.284707392085067401e-01
-1.284299227701959922e-01
-1.283883757780322765e-01
-1.283461051170198819e-01
-1.283031141186191104e-01
-1.282594099859440118e-01
-1.282149956496458909e-01
-1.281698786781076127e-01
-1.281240615179718156e-01
-1.280775521609977818e-01
-1.280303524764821732e-01
-1.279824709500712587e-01
-1.279339087688811383e-01
-1.278846749969579921e-01
-1.278347700214766403e-01
-1.277842035850713098e-01
-1.277329751426663496e-01
-1.276810952331356164e-01
-1.276285622306207734e-01
-1.275753876071802628e-01
-1.275215684895825985e-01
-1.274671174412903008e-01
-1.274120301551218692e-01
-1.273563204674161009e-01
-1.272999824285002690e-01
-1.272430313543789215e-01
-1.271854594203259969e-01
-1.271272836561502806e-01
-1.270684941034223303e-01
-1.270091097692862825e-01
-1.269491182748697378e-01
-1.268885408995099329e-01
-1.268273625270343874e-01
-1.267656070370569432e-01
-1.267032562273046059e-01
-1.266403369406356449e-01
-1.265768275062457426e-01
-1.265127581295832360e-01
-1.264481032537358995e-01
-1.263828968836910593e-01
-1.263171091226023279e-01
-1.262507782503663467e-01
-1.261838695392975274e-01
-1.261164260584281271e-01
-1.260484077209629850e-01
-1.259798629380995683e-01
-1.259107456983934725e-01
-1.258411103463960012e-01
-1.257709043440441432e-01
-1.257001885973518807e-01
-1.256289034046434439e-01
-1.255571168964018658e-01
-1.254847615375397629e-01
-1.254119133781538831e-01
-1.253384963501252836e-01
-1.252645951468551455e-01
-1.251901244416316061e-01
-1.251151783188930722e-01
-1.250396614465780765e-01
-1.249636780665299013e-01
-1.248871220791159531e-01
-1.248101086622232930e-01
-1.247325201776095654e-01
-1.246544835228523690e-01
-1.245758687488323219e-01
-1.244968152532261729e-01
-1.244171800110616122e-01
-1.243371156882151357e-01
-1.242564654355610143e-01
-1.241753959330533646e-01
-1.240937357859039775e-01
-1.240116664011852443e-01
-1.239290011545855913e-01
-1.238459368492867280e-01
-1.237622709965841977e-01
-1.236782164090804020e-01
-1.235935541595505477e-01
-1.235085136156578861e-01
-1.234228589102278756e-01
-1.233368364319875066e-01
-1.232501929570355842e-01
-1.231631922695824860e-01
-1.230755634685916783e-01
-1.229875880051340131e-01
-1.228989770882317339e-01
-1.228100299932104178e-01
-1.227204399444875721e-01
-1.226305240750176079e-01
-1.225399576576598620e-01
-1.224490755834359013e-01
-1.223575353427062418e-01
-1.222656893444960258e-01
-1.221731776086543986e-01
-1.220803696756784795e-01
-1.219868885549250659e-01
-1.218931203812659292e-01
-1.217986717648858463e-01
-1.217039447452024914e-01
-1.216085302970622978e-01
-1.215128455219502968e-01
-1.214164666745982807e-01
-1.213198249257143313e-01
-1.212224828732497428e-01
-1.211248846186460115e-01
-1.210265803086947312e-01
-1.209280256984811425e-01
-1.208287598234930177e-01
-1.207292486861958059e-01
-1.206290216743750587e-01
-1.205285535141405184e-01
-1.204273655203099008e-01
-1.203259395152588007e-01
-1.202237904119611567e-01
-1.201214054138210197e-01
-1.200182947829496610e-01
-1.199149493182080639e-01
-1.198108764435160956e-01
-1.197065687161786296e-01
-1.196015325768865628e-01
-1.194962604729953165e-01
-1.193902597388016990e-01
-1.192840208327883844e-01
-1.191770538606077429e-01
-1.190698454235561143e-01
-1.189619102561084441e-01
-1.188537292659073985e-01
-1.187448236324478157e-01
-1.186356667858824848e-01
-1.185257881052224072e-01
-1.184156518319563339e-01
-1.183047972179317453e-01
-1.181936776963249669e-01
-1.180818439658282148e-01
-1.179697371405359768e-01
-1.178569208241526112e-01
-1.177438224253801735e-01
-1.176300197807013670e-01
-1.175159253450622082e-01
-1.174011323726756595e-01
-1.172860372654485339e-01
-1.171702497275191462e-01
-1.170541491662782096e-01
-1.169373626076919276e-01
-1.168202516870499308e-01
-1.167024614589545761e-01
-1.165843351763880820e-01
-1.164655364620331007e-01
-1.163463897445487644e-01
-1.162265775871657580e-01
-1.161064053186893069e-01
-1.159855746512924585e-01
-1.158643717006510726e-01
-1.157425173774506016e-01
-1.156202786267529065e-01
-1.154973954559273680e-01
-1.153741158291968633e-01
-1.152501986067874101e-01
-1.151258730987260448e-01
-1.150009166433262342e-01
-1.148755403480209436e-01
-1.147495395359659082e-01
-1.146231076754174044e-01
-1.144960574761749172e-01
-1.143685654285029468e-01
-1.142404609399921001e-01
-1.141119042671451117e-01
-1.139827407506074364e-01
-1.138531152254909223e-01
-1.137228881397228109e-01
-1.135921897725596375e-01
-1.134608948071589435e-01
-1.133291198710056902e-01
-1.131967529783964310e-01
-1.130638980336199639e-01
-1.129304554596297222e-01
-1.127965173772621649e-01
-1.126619956900060393e-01
-1.125269716738927367e-01
-1.123913677908032344e-01
-1.122552553983526546e-01
-1.121185666111581269e-01
-1.119813637726879280e-01
-1.118435877702513848e-01
-1.117052928067341772e-01
-1.115664276955848216e-01
-1.114270393347944477e-01
-1.112870836572823763e-01
-1.111466010482248246e-01
-1.110055537983234836e-01
-1.108639765239186059e-01
-1.107218371605399460e-01
-1.105791652484769683e-01
-1.104359337063848395e-01
-1.102921676381644067e-01
-1.101478443364831139e-01
-1.100029850546111188e-01
-1.098575709030053665e-01
-1.097116198163038958e-01
-1.095651162188646388e-01
-1.094180752060127798e-01
-1.092704840629995650e-01
-1.091223554742483670e-01
-1.089736791817678407e-01
-1.088244658389627417e-01
-1.086747072867385172e-01
-1.085244124816596711e-01
-1.083735750490049943e-01
-1.082222025401491233e-01
-1.080702900903383196e-01
-1.079178440982587889e-01
-1.077648609714255135e-01
-1.076113461726981163e-01
-1.074572971774525737e-01
-1.073027186974467723e-01
-1.071476091013673915e-01
-1.069919725059386012e-01
-1.068358080251247400e-01
-1.066791193113717229e-01
-1.065219060992358413e-01
-1.063641716854572539e-01
-1.062059163208983609e-01
-1.060471430359754413e-01
-1.058878525111277696e-01
-1.057280475833548561e-01
-1.055677292910704862e-01
-1.054069003367241880e-01
-1.052455620578966883e-01
-1.050837170695896744e-01
-1.049213669605440213e-01
-1.047585142955581028e-01
-1.045951608755371215e-01
-1.044313092442065993e-01
-1.042669613831484071e-01
-1.041021198375031293e-01
-1.039367867441830379e-01
-1.037709646668591168e-01
-1.036046558774710302e-01
-1.034378629710566017e-01
-1.032705883383637224e-01
-1.031028346152248198e-01
-1.029346042982660359e-01
-1.027659000709087445e-01
-1.025967245253943949e-01
-1.024270803974696303e-01
-1.022569703668260721e-01
-1.020863972247351287e-01
-1.019153637318376410e-01
-1.017438727369737173e-01
-1.015719270765883808e-01
-1.013995296582781841e-01
-1.012266833901793173e-01
-1.010533912392371364e-01
-1.008796561819938070e-01
-1.007054812448972825e-01
-1.005308694702675421e-01
-1.003558239439299310e-01
-1.001803477718456875e-01
-1.000044440988890337e-01
-9.982811609292427391e-02
-9.965136695743788409e-02
-9.947419992075319517e-02
-9.929661824444434293e-02
-9.911862521606937260e-02
-9.894022415471848131e-02
-9.876141840613480993e-02
-9.858221134631084404e-02
-9.840260637821759970e-02
-9.822260693410408972e-02
-9.804221647329308675e-02
-9.786143848359704633e-02
-9.768027647982407968e-02
-9.749873400460977446e-02
-9.731681462737555577e-02
-9.713452194476576707e-02
-9.695185957989359282e-02
-9.676883118252531391e-02
-9.658544042847945488e-02
-9.640169101963622089e-02
-9.621758668343262377e-02
-9.603313117273966359e-02
-9.584832826540748418e-02
-9.566318176403132423e-02
-9.547769549551773927e-02
-9.529187331076799383e-02
-9.510571908422647824e-02
-9.491923671349902780e-02
-9.473243011887472198e-02
-9.454530324286800069e-02
-9.435786004971294383e-02
-9.417010452484791960e-02
-9.398204067435206310e-02
-9.379367252437725844e-02
-9.360500412053826547e-02
-9.341603952727278726e-02
-9.322678282718031839e-02
-9.303723812033452834e-02
-9.284740952356235200e-02
-9.265730116968748376e-02
-9.246691720675896675e-02
-9.227626179724644773e-02
-9.208533911720620524e-02
-9.189415335541183116e-02
-9.170270871248346889e-02
-9.151100939995154837e-02
-9.131905963933259485e-02
-9.112686366115871350e-02
-9.093442570398198310e-02
-9.074175001337236868e-02
-9.054884084086838036e-02
-9.035570244293408826e-02
-9.016233907986999363e-02
-8.996875501471589265e-02
-8.977495451214373423e-02
-8.958094183731993287e-02
-8.938672125476114505e-02
-8.919229702717122732e-02
-8.899767341427179679e-02
-8.880285467162238322e-02
-8.860784504941361661e-02
-8.841264879128507559e-02
-8.821727013310491639e-02
-8.802171330176074282e-02
-8.782598251395552780e-02
-8.763008197498099727e-02
-8.743401587750908310e-02
-8.723778840038701188e-02
-8.704140370742166621e-02
-8.684486594618305577e-02
-8.664817924681145200e-02
-8.645134772083244712e-02
-8.625437545998777822e-02
-8.605726653507804469e-02
-8.586002499481236450e-02
-8.566265486468044310e-02
-8.546516014584981669e-02
-8.526754481406825792e-02
-8.506981281860566402e-02
-8.487196808119386315e-02
-8.467401449500774890e-02
-8.447595592366891060e-02
-8.427779620027744945e-02
-8.407953912646201622e-02
-8.388118847147595092e-02
-8.368274797130312304e-02
-8.348422132782351568e-02
-8.328561220797525699e-02
-8.308692424298400048e-02
-8.288816102759868909e-02
-8.268932611938584198e-02
-8.249042303804614285e-02
-8.229145526476852601e-02
-8.209242624162454982e-02
-8.189333937100405636e-02
-8.169419801507282752e-02
-8.149500549528865267e-02
-8.129576509193985057e-02
-8.109648004373014307e-02
-8.089715354740384390e-02
-8.069778875740356294e-02
-8.049838878556543620e-02
-8.029895670086331649e-02
-8.009949552917515481e-02
-7.990000825310145105e-02
-7.970049781181598458e-02
-7.950096710093908225e-02
-7.930141897247440508e-02
-7.910185623475692041e-02
-7.890228165244796144e-02
-7.870269794656287177e-02
-7.850310779452433774e-02
-7.830351383026359913e-02
-7.810391864433545439e-02
-7.790432478407623151e-02
-7.770473475377752404e-02
-7.750515101490892955e-02
-7.730557598635054428e-02
-7.710601204465779290e-02
-7.690646152435159921e-02
-7.670692671822539055e-02
-7.650740987769120982e-02
-7.630791321312763165e-02
-7.610843889426562037e-02
-7.590898905057487378e-02
-7.570956577168259927e-02
-7.551017110779907615e-02
-7.531080707016879483e-02
-7.511147563152349715e-02
-7.491217872655497878e-02
-7.471291825239906315e-02
-7.451369606912761068e-02
-7.431451400024652321e-02
-7.411537383320788985e-02
-7.391627731992393702e-02
-7.371722617729163651e-02
-7.351822208771566225e-02
-7.331926669963295673e-02
-7.312036162805431172e-02
-7.292150845507938683e-02
-7.272270873044667239e-02
-7.252396397205701506e-02
-7.232527566650119588e-02
-7.212664526959645939e-02
-7.192807420689717457e-02
-7.172956387423065627e-02
-7.153111563820606367e-02
-7.133273083672866943e-02
-7.113441077950481695e-02
-7.093615674854053532e-02
-7.073796999864129242e-02
-7.053985175788833606e-02
-7.034180322812672026e-02
-7.014382558543166835e-02
-6.994591998057862747e-02
-6.974808753949737761e-02
-6.955032936372038121e-02
-6.935264653082237607e-02
-6.915504009485319570e-02
-6.895751108676109742e-02
-6.876006051482018433e-02
-6.856268936502218914e-02
-6.836539860148937997e-02
-6.816818916687360230e-02
-6.797106198273331068e-02
-6.777401794992475581e-02
-6.757705794897604645e-02
-6.738018284045074746e-02
-6.718339346532449519e-02
-6.698669064533614714e-02
-6.679007518335206006e-02
-6.659354786371333990e-02
-6.639710945259405528e-02
-6.620076069834310295e-02
-6.600450233183680071e-02
-6.580833506682165490e-02
-6.561225960026437209e-02
-6.541627661269563965e-02
-6.522038676857069839e-02
-6.502459071659870415e-02
-6.482888909011966239e-02
-6.463328250745378756e-02
-6.443777157225358265e-02
-6.424235687388941962e-02
-6.404703898781295701e-02
-6.385181847593812687e-02
-6.365669588702652093e-02
-6.346167175709194197e-02
-6.326674660979521303e-02
-6.307192095686603439e-02
-6.287719529852171807e-02
-6.268257012390565652e-02
-6.248804591152939264e-02
-6.229362312973300841e-02
-6.209930223715600522e-02
-6.190508368321857857e-02
-6.171096790861627102e-02
-6.151695534583231928e-02
-6.132304641966102032e-02
-6.112924154774495439e-02
-6.093554114112084696e-02
-6.074194560479766886e-02
-6.054845533832627080e-02
-6.035507073640661996e-02
-6.016179218949252450e-02
-5.996862008441732061e-02
-5.977555480503939783e-02
-5.958259673289309499e-02
-5.938974624786146073e-02
-5.919700372886185086e-02
-5.900436955454334970e-02
-5.881184410399841606e-02
-5.861942775749116180e-02
-5.842712089719379748e-02
-5.823492390793774676e-02
-5.804283717797733416e-02
-5.785086109976639995e-02
-5.765899607073790567e-02
-5.746724249410480045e-02
-5.727560077965683505e-02
-5.708407134458373666e-02
-5.689265461428971715e-02
-5.670135102321862547e-02
-5.651016101569365097e-02
-5.631908504675085803e-02
-5.612812358298122778e-02
-5.593727710337671744e-02
-5.574654610018500711e-02
-5.555593107974687861e-02
-5.536543256334925528e-02
-5.517505108807629205e-02
-5.498478720765419270e-02
-5.479464149329073275e-02
-5.460461453451307540e-02
-5.441470694000567071e-02
-5.422491933842932960e-02
-5.403525237924335090e-02
-5.384570673351455478e-02
-5.365628309471529023e-02
-5.346698217951458693e-02
-5.327780472855109251e-02
-5.308875150719954972e-02
-5.289982330631769897e-02
-5.271102094297673568e-02
-5.252234526118362834e-02
-5.233379713258022592e-02
-5.214537745711834288e-02
-5.195708716373081959e-02
-5.176892721096661848e-02
-5.158089858761596286e-02
-5.139300231330515278e-02
-5.120523943907221570e-02
-5.101761104792158774e-02
-5.083011825535178191e-02
-5.064276220986423799e-02
-5.045554409342761087e-02
-5.026846512194012989e-02
-5.008152654565473788e-02
-4.989472964956939705e-02
-4.970807575380144921e-02
-4.952156621393277725e-02
-4.933520242131610167e-02
-4.914898580336524853e-02
-4.896291782381162472e-02
-4.877699998292536754e-02
-4.859123381772140204e-02
-4.840562090211734253e-02
-4.822016284708576656e-02
-4.803486130075269867e-02
-4.784971794848279919e-02
-4.766473451293121860e-02
-4.747991275406239498e-02
-4.729525446914927683e-02
-4.711076149273352165e-02
-4.692643569656523156e-02
-4.674227898951451715e-02
-4.655829331744842925e-02
-4.637448066309229899e-02
-4.619084304585299033e-02
-4.600738252162663716e-02
-4.582410118257080472e-02
-4.564100115686724884e-02
-4.545808460843890619e-02
-4.527535373666356083e-02
-4.509281077605541838e-02
-4.491045799592533611e-02
-4.472829770002093031e-02
-4.454633222615177884e-02
-4.436456394578194851e-02
-4.418299526361635365e-02
-4.400162861716409857e-02
-4.382046647628178027e-02
-4.363951134271061572e-02
-4.345876574958802002e-02
-4.327823226094585501e-02
-4.309791347120582594e-02
-4.291781200464650503e-02
-4.273793051487068118e-02
-4.255827168425695833e-02
-4.237883822340299256e-02
-4.219963287055899376e-02
-4.202065839105275508e-02
-4.184191757670562006e-02
-4.166341324524511225e-02
-4.148514823971466425e-02
-4.130712542786679070e-02
-4.112934770156426861e-02
-4.095181797617439973e-02
-4.077453918995831844e-02
-4.059751430345451273e-02
-4.042074629887235787e-02
-4.024423817947857945e-02
-4.006799296897684687e-02
-3.989201371090110582e-02
-3.971630346800424094e-02
-3.954086532164447637e-02
-3.936570237117707066e-02
-3.919081773334767704e-02
-3.901621454169212216e-02
-3.884189594593361744e-02
-3.866786511138913668e-02
-3.849412521837461409e-02
-3.832067946161637345e-02
-3.814753104966728953e-02
-3.797468320433001338e-02
-3.780213916007726938e-02
-3.762990216348435085e-02
-3.745797547266370431e-02
-3.728636235669929855e-02
-3.711506609509677285e-02
-3.694408997722675031e-02
-3.677343730178186942e-02
-3.660311137623029759e-02
-3.643311551627915340e-02
-3.626345304534089181e-02
-3.609412729400290204e-02
-3.592514159950101899e-02
-3.575649930519490122e-02
-3.558820376005181890e-02
-3.542025831812460612e-02
-3.525266633804184646e-02
-3.508543118249218828e-02
-3.491855621771633444e-02
-3.475204481299527803e-02
-3.458590034014392967e-02
-3.442012617300478639e-02
-3.425472568693824910e-02
-3.408970225831570167e-02
-3.392505926401345739e-02
-3.376080008090281276e-02
-3.359692808534102404e-02
-3.343344665265474136e-02
-3.327035915663092980e-02
-3.310766896899882544e-02
-3.294537945890756853e-02
-3.278349399240495371e-02
-3.262201593190885290e-02
-3.246094863567714622e-02
-3.230029545727222673e-02
-3.214005974502149449e-02
-3.198024484146853169e-02
-3.182085408282362554e-02
-3.166189079840955184e-02
-3.150335831009673515e-02
-3.134525993173704200e-02
-3.118759896858747452e-02
-3.103037871673347201e-02
-3.087360246249782128e-02
-3.071727348184860942e-02
-3.056139503979895047e-02
-3.040597038980015140e-02
-3.025100277313035393e-02
-3.009649541827338903e-02
-2.994245154029308298e-02
-2.978887434020418765e-02
-2.963576700432949199e-02
-2.948313270365948008e-02
-2.933097459319850345e-02
-2.917929581131614714e-02
-2.902809947908275776e-02
-2.887738869960526297e-02
-2.872716655735912256e-02
-2.857743611751375687e-02
-2.842820042525760066e-02
-2.827946250511952780e-02
-2.813122536028252879e-02
-2.798349197190469831e-02
-2.783626529843122310e-02
-2.768954827490819823e-02
-2.754334381229663758e-02
-2.739765479678624160e-02
-2.725248408910914411e-02
-2.710783452386067438e-02
-2.696370890881562635e-02
-2.682011002424945084e-02
-2.667704062226743805e-02
-2.653450342613652285e-02
-2.639250112961969916e-02
-2.625103639631975322e-02
-2.611011185902717066e-02
-2.596973011908276785e-02
-2.582989374574029551e-02
-2.569060527554409626e-02
-2.555186721171428393e-02
-2.541368202354409717e-02
-2.527605214581033627e-02
-2.513897997819255700e-02
-2.500246788471016668e-02
-2.486651819317354031e-02
-2.473113319464540286e-02
-2.459631514292142523e-02
-2.446206625402807741e-02
-2.432838870573845319e-02
-2.419528463709914173e-02
-2.406275614798377913e-02
-2.393080529866390554e-02
-2.379943410939465084e-02
-2.366864456002960165e-02
-2.353843858964898769e-02
-2.340881809621133888e-02
-2.327978493623044168e-02
-2.315134092447368799e-02
-2.302348783367986693e-02
-2.289622739430500001e-02
-2.276956129428961764e-02
-2.264349117885051249e-02
-2.251801865029938454e-02
-2.239314526788276777e-02
-2.226887254764833499e-02
-2.214520196233788624e-02
-2.202213494130291632e-02
-2.189967287044797609e-02
-2.177781709219711245e-02
-2.165656890549029490e-02
-2.153592956580174453e-02
-2.141590028518313565e-02
-2.129648223233559373e-02
-2.117767653270268349e-02
-2.105948426859271735e-02
-2.094190647932327870e-02
-2.082494416139109641e-02
-2.070859826866722556e-02
-2.059286971261351309e-02
-2.047775936252642023e-02
-2.036326804580125202e-02
-2.024939654821979532e-02
-2.013614561426223942e-02
-2.002351594743538576e-02
-1.991150821063198198e-02
-1.980012302650119987e-02
-1.968936097784329195e-02
-1.957922260802353806e-02
-1.946970842140577015e-02
-1.936081888380506918e-02
-1.925255442295454103e-02
-1.914491542899116050e-02
-1.903790225495972238e-02
-1.893151521732891820e-02
-1.882575459652499617e-02
-1.872062063747780697e-02
-1.861611355018035277e-02
-1.851223351026030917e-02
-1.840898065956554641e-02
-1.830635510675939978e-02
-1.820435692792403068e-02
-1.810298616717773146e-02
-1.800224283729702501e-02
-1.790212692034846842e-02
-1.780263836832696525e-02
-1.770377710380227967e-02
-1.760554302056866957e-02
-1.750793598430248899e-02
-1.741095583321999526e-02
-1.731460237874355920e-02
-1.721887540616709109e-02
-1.712377467532579661e-02
-1.702929992126877082e-02
-1.693545085492813990e-02
-1.684222716379223453e-02
-1.674962851257875279e-02
-1.665765454390455771e-02
-1.656630487895878120e-02
-1.647557911816903420e-02
-1.638547684186946601e-02
-1.629599761096527794e-02
-1.620714096759122078e-02
-1.611890643577117838e-02
-1.603129352207301878e-02
-1.594430171625725590e-02
-1.585793049192194687e-02
-1.577217930714554586e-02
-1.568704760512169144e-02
-1.560253481479063550e-02
-1.551864035146456079e-02
-1.543536361744858587e-02
-1.535270400265633176e-02
-1.527066088521844729e-02
-1.518923363208602231e-02
-1.510842159962950439e-02
-1.502822413422971737e-02
-1.494864057286610613e-02
-1.486967024369532236e-02
-1.479131246662922228e-02
-1.471356655390280641e-02
-1.463643181063824239e-02
-1.455990753540556924e-02
-1.448399302077534555e-02
-1.440868755386628779e-02
-1.433399041689167354e-02
-1.425990088769604237e-02
-1.418641824029092009e-02
-1.411354174538547238e-02
-1.404127067091212426e-02
-1.396960428254923926e-02
-1.389854184424016599e-02
-1.382808261870983706e-02
-1.375822586797469105e-02
-1.368897085385393196e-02
-1.362031683847579437e-02
-1.355226308478122907e-02
-1.348480885702645939e-02
-1.341795342128362933e-02
-1.335169604593912721e-02
-1.328603600218897576e-02
-1.322097256453757738e-02
-1.315650501128899641e-02
-1.309263262504188619e-02
-1.302935469318263623e-02
-1.296667050837743869e-02
-1.290457936906303643e-02
-1.284308057994036113e-02
-1.278217345246419195e-02
-1.272185730533421065e-02
-1.266213146498739936e-02
-1.260299526608826132e-02
-1.254444805201982913e-02
-1.248648917537559071e-02
-1.242911799844993552e-02
-1.237233389373117685e-02
-1.231613624439094681e-02
-1.226052444477654380e-02
-1.220549790090102310e-02
-1.215105603093370040e-02
-1.209719826568981041e-02
-1.204392404912104676e-02
-1.199123283880303842e-02
-1.193912410642182856e-02
-1.188759733826072300e-02
-1.183665203568333088e-02
-1.178628771561578484e-02
-1.173650391102733399e-02
-1.168730017140603636e-02
-1.163867606323330632e-02
-1.159063117045519391e-02
-1.154316509494772609e-02
-1.149627745698020634e-02
-1.144996789567215636e-02
-1.140423606944746503e-02
-1.135908165647957213e-02
-1.131450435513203963e-02
-1.127050388439394292e-02
-1.122707998430488505e-02
-1.118423241637605745e-02
-1.114196096399941438e-02
-1.110026543285084523e-02
-1.105914565128172586e-02
-1.101860147070141301e-02
-1.097863276595082392e-02
-1.093923943566165943e-02
-1.090042140260803066e-02
-1.086217861404090851e-02
-1.082451104201497850e-02
-1.078741868369769222e-02
-1.075090156166832317e-02
-1.071495972419848897e-02
-1.067959324552100568e-02
-1.064480222608188420e-02
-1.061058679277619189e-02
-1.057694709916799300e-02
-1.054388332569339802e-02
-1.051139567984383724e-02
-1.047948439633479729e-02
-1.044814973725376878e-02
-1.041739199219008163e-02
-1.038721147834526827e-02
-1.035760854062553991e-02
-1.032858355171092576e-02
-1.030013691210826532e-02
-1.027226905017995448e-02
-1.024498042215410236e-02
-1.021827151211409171e-02
-1.019214283196495999e-02
-1.016659492137945639e-02
-1.014162834772263863e-02
-1.011724370595463822e-02
-1.009344161851181455e-02
-1.007022273516566292e-02
-1.004758773285993785e-02
-1.002553731552578362e-02
-1.000407221387669340e-02
-9.983193185179818976e-03
-9.962901013005552933e-03
-9.943196506957654307e-03
-9.924080502380121932e-03
-9.905553860044196551e-03
-9.887617465813102954e-03
-9.870272230288574047e-03
-9.853519088434205958e-03
-9.837358999180855282e-03
-9.821792945011965578e-03
-9.806821931529636702e-03
-9.792446987000630321e-03
-9.778669161886029138e-03
-9.765489528351505369e-03
-9.752909179761445890e-03
-9.740929230153788990e-03
-9.729550813701555792e-03
-9.718775084156036984e-03
-9.708603214275954296e-03
-9.699036395241108360e-03
-9.690075836052719493e-03
-9.681722762919372019e-03
-9.673978418631252671e-03
-9.666844061920821726e-03
-9.660320966812930080e-03
-9.654410421963995417e-03
-9.649113729990495963e-03
-9.644432206788507850e-03
-9.640367180843475992e-03
-9.636919992533077295e-03
-9.634091993420045019e-03
-9.631884545542151663e-03
-9.630299020692824341e-03
-9.629336799697834487e-03
-9.628999271686344494e-03
-9.629287833359203089e-03
-9.630203888252177047e-03
-9.631748845997481143e-03
-9.633924121583510927e-03
-9.636731134612530267e-03
-9.640171308556610280e-03
-9.644246070015724537e-03
-9.648956847973785139e-03
-9.654305073057095274e-03
-9.660292176793875557e-03
-9.666919590875131321e-03
-9.674188746419587828e-03
-9.682101073240958686e-03
-9.690657999118166763e-03
-9.699860949071208160e-03
-9.709711344639129077e-03
-9.720210603165481064e-03
-9.731360137087715842e-03
-9.743161353232150310e-03
-9.755615652115192174e-03
-9.768724427251922540e-03
-9.782489064469346643e-03
-9.796910941228005945e-03
-9.811991425951014853e-03
-9.827731877359684176e-03
-9.844133643816890128e-03
-9.861198062679783077e-03
-9.878926459658042211e-03
-9.897320148181844648e-03
-9.916380428778898484e-03
-9.936108588457321852e-03
-9.956505900098598996e-03
-9.977573621859914255e-03
-9.999312996583275756e-03
-1.002172525121451489e-02
-1.004481159622845794e-02
-1.006857322506678545e-02
-1.009301131358048692e-02
-1.011812701948233001e-02
-1.014392148180792881e-02
-1.017039582038413437e-02
-1.019755113530756811e-02
-1.022538850642862145e-02
-1.025390899284522872e-02
-1.028311363240365026e-02
-1.031300344120779540e-02
-1.034357941313526243e-02
-1.037484251936121940e-02
-1.040679370788892208e-02
-1.043943390308846308e-02
-1.047276400524135842e-02
-1.050678489009308249e-02
-1.054149740841043605e-02
-1.057690238554780116e-02
-1.061300062101645791e-02
-1.064979288806353758e-02
-1.068727993325503667e-02
-1.072546247606510732e-02
-1.076434120847055698e-02
-1.080391679455185334e-02
-1.084418987009861182e-02
-1.088516104222273656e-02
-1.092683088897246010e-02
-1.096919995895603503e-02
-1.101226877096863309e-02
-1.105603781362293411e-02
-1.110050754498855506e-02
-1.114567839223200990e-02
-1.119155075126472901e-02
-1.123812498639516731e-02
-1.128540142998482598e-02
-1.133338038211009757e-02
-1.138206211023061638e-02
-1.143144684885924293e-02
-1.148153479924152523e-02
-1.153232612903597881e-02
-1.158382097200262584e-02
-1.163601942769785028e-02
-1.168892156117143886e-02
-1.174252740267253334e-02
-1.179683694736048324e-02
-1.185185015502123775e-02
-1.190756694979188367e-02
-1.196398721989054212e-02
-1.202111081735297501e-02
-1.207893755777704470e-02
-1.213746722007395633e-02
-1.219669954622812184e-02
-1.225663424106449018e-02
-1.231727097202453720e-02
-1.237860936894959359e-02
-1.244064902387488798e-02
-1.250338949083127857e-02
-1.256683028565796709e-02
-1.263097088582414151e-02
-1.269581073026274619e-02
-1.276134921921236350e-02
-1.282758571407197762e-02
-1.289451953726677980e-02
-1.296214997212486938e-02
-1.303047626276843465e-02
-1.309949761401420047e-02
-1.316921319128938443e-02
-1.323962212056118554e-02
-1.331072348827717911e-02
-1.338251634132184113e-02
-1.345499968698723840e-02
-1.352817249295746455e-02
-1.360203368730910321e-02
-1.367658215852590904e-02
-1.375181675552990777e-02
-1.382773628772882360e-02
-1.390433952507886053e-02
-1.398162519816257242e-02
-1.405959199828652265e-02
-1.413823857759342190e-02
-1.421756354919361844e-02
-1.429756548731149490e-02
-1.437824292745019245e-02
-1.445959436657427363e-02
-1.454161826330977771e-02
-1.462431303816418525e-02
-1.470767707375988075e-02
-1.479170871508994102e-02
-1.487640626979043999e-02
-1.496176800843087608e-02
-1.504779216482299981e-02
-1.513447693634576048e-02
-1.522182048429217976e-02
-1.530982093422992955e-02
-1.539847637638307350e-02
-1.548778486602897173e-02
-1.557774442391345743e-02
-1.566835303668495313e-02
-1.575960865734448574e-02
-1.585150920571137476e-02
-1.594405256890760875e-02
-1.603723660185778915e-02
-1.613105912780425991e-02
-1.622551793884029203e-02
-1.632061079645524132e-02
-1.641633543209908980e-02
-1.651268954775738165e-02
-1.660967081654263558e-02
-1.670727688329833038e-02
-1.680550536521895413e-02
-1.690435385247817876e-02
-1.700381990887440270e-02
-1.710390107248387082e-02
-1.720459485632938601e-02
-1.730589874905487033e-02
-1.740781021561513611e-02
-1.751032669797056990e-02
-1.761344561579661003e-02
-1.771716436719359550e-02
-1.782148032941412857e-02
-1.792639085959043047e-02
