1.349709768698534135e-06
8.052612352486836114e-06
1.886744115144811586e-05
2.647450876139363090e-05
2.734950113195237719e-05
2.525715278404317752e-05
2.409987013057565897e-05
2.342744816714572298e-05
2.305196550306105288e-05
2.285663937255699355e-05
2.276120334164267187e-05
2.271556212502982104e-05
2.269251635290652009e-05
2.267918561038686001e-05
2.267019624141846523e-05
2.266352583029328498e-05
2.265842147521792533e-05
2.265453050615404482e-05
2.265160750147203039e-05
2.264944391051884726e-05
2.264786188114956795e-05
2.264671673778717608e-05
2.264589551189491128e-05
2.264531217196819767e-05
2.264490204306509927e-05
2.264461686443041828e-05
2.264442086536342559e-05
2.264428776180014220e-05
2.264419845385678417e-05
2.264413924137902872e-05
2.264410043460358832e-05
