-3.651100661059087575e-05
-1.006270665619890992e-04
-1.053010741106563870e-04
-8.060461012045550653e-06
1.674414395393529649e-04
3.611918527000056753e-04
5.278723222153478044e-04
6.484904973655698920e-04
7.246400306346884989e-04
7.677317765139294497e-04
7.903014712060496376e-04
8.018116354876166692e-04
8.079695938831930185e-04
8.116644995899337939e-04
8.141571192977097634e-04
8.159454536160244036e-04
8.172371878681944802e-04
8.181511389157757269e-04
8.187807381009313580e-04
8.192049995432958143e-04
8.194870986174385792e-04
8.196738362786833848e-04
8.197977608219960462e-04
8.198805495533235737e-04
8.199363043986141212e-04
8.199741373697050275e-04
8.199999688197045491e-04
8.200176914801951848e-04
8.200298984858215559e-04
8.200383359685872991e-04
8.200441884322960499e-04
