4.100518649893956535e+00
1.207283934478233256e+01
1.767974059883768234e+01
1.711428018600525292e+01
1.464228069772930318e+01
1.433236759965013007e+01
1.418905829866121771e+01
1.412005917229121899e+01
1.408790908675800324e+01
1.407344868270481264e+01
1.406707363979115044e+01
1.406425619937311211e+01
1.406297632522138485e+01
1.406236628071077988e+01
1.406205849947922992e+01
1.406189489645956314e+01
1.406180440158267153e+01
1.406175298482284930e+01
1.406172326678062490e+01
1.406170589727622122e+01
1.406169566352539135e+01
1.406168959426832821e+01
1.406168597283386923e+01
1.406168379863351703e+01
1.406168248489080952e+01
1.406168168548806285e+01
1.406168119534176242e+01
1.406168089231903195e+01
1.406168070330131137e+01
1.406168058426404954e+01
1.406168050853477425e+01
