-2.500161117646122673e-05
-1.000291609119555001e-04
-2.251926991950554588e-04
-4.004157732874798876e-04
-6.232947655431081120e-04
-8.849512220808353072e-04
-1.172912307059157961e-03
-1.492109978517831793e-03
-1.882341065193937754e-03
-2.389530910528684087e-03
-3.020989434287290557e-03
-3.763754559700896105e-03
-4.624803195465653459e-03
-5.607988486507967107e-03
-6.697901968917113237e-03
-7.891947215769908736e-03
-9.189814671421752540e-03
-1.057509094244269733e-02
-1.203932522533003764e-02
-1.357484911492729679e-02
-1.517581463407214129e-02
-1.686198092083837294e-02
-1.864829532209141133e-02
-2.052262017898278529e-02
-2.245121377200060692e-02
-2.439525449905081272e-02
-2.634554088726431473e-02
-2.829876871754636106e-02
-3.024002222849338575e-02
-3.216361229934793647e-02
-3.407343996969965788e-02
-3.597390980006215377e-02
-3.786447795325489224e-02
-3.975755451970606341e-02
-4.167256686746954875e-02
-4.361530721664842736e-02
-4.558301375102815495e-02
-4.755964765702072605e-02
-4.953622539478385461e-02
-5.151176796017308684e-02
-5.350887108455910923e-02
-5.552207948647867874e-02
-5.758479878705635019e-02
-5.965003826287933880e-02
-6.181903727495230427e-02
-6.389373610293137828e-02
-6.626584571366092580e-02
-6.810302088137983045e-02
-7.117424689089796308e-02
-7.158097686849407282e-02
-7.842599435076860748e-02
-7.197793543165463548e-02
-6.139044818976096413e-02
-6.583667294837920736e-02
-7.088516257276557264e-02
-6.865245401952085880e-02
-6.159962483656347687e-02
-6.253038717472822472e-02
-6.242377991050546138e-02
-5.995119066336627306e-02
