0.000000000000000000e+00
3.542688110753496322e-01
1.095542878681429189e+00
1.894705973862209181e+00
2.740326318665147198e+00
3.626109897967616291e+00
4.547864633909005860e+00
5.502505845115993388e+00
6.487616850556330306e+00
7.501220237381956757e+00
8.541645566962939640e+00
9.607447032543223742e+00
1.069734939653252681e+01
1.181021106485182770e+01
1.294499812689299212e+01
1.410076573623300966e+01
1.527664459882958425e+01
1.647183113686856615e+01
1.768558037836122310e+01
1.891720092309677881e+01
2.016605152858656069e+01
2.143153898676314739e+01
2.271311704758329952e+01
2.401028620387428703e+01
2.532259419182383553e+01
2.664963708917145269e+01
2.799106091220165382e+01
2.934656362558917664e+01
3.071589748771798156e+01
3.209887165950781451e+01
3.349535500789387754e+01
3.490527903655977582e+01
3.632864087677319276e+01
3.776550627060450438e+01
3.921601247772535714e+01
4.068037103562114964e+01
4.215887030174059191e+01
4.365187770502105025e+01
4.515984163249304117e+01
4.668329288581800540e+01
4.822284561884313803e+01
4.977919771182904185e+01
5.135313050297119020e+01
5.294550782846621217e+01
5.455727432386002818e+01
5.618945295116926530e+01
5.784314172785159514e+01
5.951950964503618025e+01
6.121979177199588662e+01
6.294528354991157926e+01
6.469733427858298569e+01
6.647733979335572485e+01
6.828673431508441638e+01
7.012698143369121340e+01
7.199956415753311489e+01
7.390597393016346928e+01
7.584769848888387855e+01
7.782620842326912225e+01
7.984294229503115048e+01
8.189929021149015398e+01
8.399657581023691932e+01
8.613603671624716185e+01
8.831880367473908677e+01
9.054587873885603244e+01
9.281811309146097244e+01
9.513618529025572457e+01
9.750058092510596452e+01
9.991157484036833125e+01
1.023692171730051541e+02
1.048733244576136769e+02
1.074234769237280034e+02
1.100190228417256151e+02
1.126590903631363716e+02
1.153426067752856028e+02
1.180683245008847280e+02
1.208348525914346254e+02
1.236406919689266033e+02
1.264842723363866668e+02
1.293639885575044559e+02
1.322782344208526126e+02
1.352254320423382410e+02
1.382040556740104762e+02
1.412126493070765605e+02
1.442498380967536775e+02
1.473143342118169130e+02
1.504049381506245311e+02
1.535205368190527508e+02
1.566600997143576137e+02
1.598226744120885883e+02
1.630073822475334566e+02
1.662134146753035679e+02
1.694400303493112858e+02
1.726865525615757804e+02
1.759523663774618001e+02
1.792369146582448138e+02
1.825396922002597364e+02
1.858602374473616408e+02
1.891981216229067115e+02
1.925529356183184859e+02
1.959242754759653735e+02
1.993117277045358833e+02
2.027148558573612149e+02
2.061331897132034783e+02
2.095662180103813057e+02
2.130133850627462948e+02
2.164740908649000346e+02
2.199476936490700041e+02
2.234335134501516791e+02
2.269308351698745128e+02
2.304389099120305673e+02
2.339569539000744101e+02
2.374841449346185698e+02
2.410196169361885836e+02
2.445624535189042774e+02
2.481116816905176563e+02
2.516662666837378026e+02
2.552251086576530952e+02
2.587870416581806694e+02
2.623508348800971248e+02
2.659151959946037209e+02
2.694787761266817938e+02
2.730401759878525354e+02
2.765979526740878782e+02
2.801506266981083400e+02
2.836966889129257652e+02
2.872346070775220710e+02
2.907628319021620200e+02
2.942798024829997416e+02
2.977839510918298629e+02
3.012737073280418372e+02
3.047475016686669846e+02
3.082037684711957581e+02
3.116409484947937472e+02
3.150574910102138233e+02
3.184518555682224132e+02
3.218225134921901827e+02
3.251679491531068606e+02
3.284866610762263122e+02
3.317771629184389894e+02
3.350379843452769251e+02
3.382676718270901119e+02
3.414647893656108408e+02
3.446279191555567536e+02
3.477556621808315640e+02
3.508466387417326473e+02
3.538994889076494701e+02
3.569128728893400648e+02
3.598854713252488864e+02
3.628159854776329780e+02
3.657031373358518636e+02
3.685456696261290404e+02
3.713423457291338536e+02
3.740919495085785229e+02
3.767932850559790836e+02
3.794451763582546846e+02
3.820464668963043096e+02
3.845960191838528317e+02
3.870927142567825285e+02
3.895354511238894588e+02
3.919231461904611820e+02
3.942547326663209333e+02
3.965291599700989309e+02
3.987453931413576811e+02
4.009024122719231400e+02
4.029992119674218429e+02
4.050348008494158876e+02
4.070082011079701374e+02
4.089184481136707063e+02
4.107645900973361108e+02
4.125456879047185907e+02
4.142608148325190882e+02
4.159090565510179545e+02
4.174895111174989211e+02
4.190012890835471353e+02
4.204435136981489336e+02
4.218153212073347618e+02
4.231158612500365166e+02
4.243442973486517076e+02
4.254998074918336783e+02
4.265815848059499444e+02
4.275888383108781454e+02
4.285207937549183725e+02
4.293766945229418752e+02
4.301558026113945061e+02
4.308573996632362650e+02
4.314807880556210193e+02
4.320252920329355106e+02
4.324902588776816401e+02
4.328750601116998382e+02
4.331790927203809360e+02
4.334017803926641932e+02
4.335425747699009662e+02
4.336009566970228661e+02
4.335764374697886865e+02
4.334685600723614129e+02
4.332769003998823223e+02
4.330010684611747820e+02
4.326407095571782975e+02
4.321955054311720801e+02
4.316651753872721429e+02
4.306862830259348129e+02
4.306614572955534186e+02
4.306511866738990193e+02
4.306518637390681192e+02
4.306669947795951430e+02
4.307004994235755362e+02
4.307551433391166711e+02
4.308324481274072468e+02
4.309330936944113546e+02
4.310574021792999702e+02
4.312056959799427318e+02
4.313784257014178252e+02
4.315760431449112957e+02
4.317986663471595534e+02
4.320456397485849038e+02
4.323151196265619092e+02
4.326038067002220942e+02
4.329069086169340039e+02
4.332183577293653798e+02
4.335312506380872151e+02
4.338384302386356808e+02
4.341331078081994974e+02
4.344094242163426998e+02
4.346628714033098504e+02
4.348905294440590978e+02
4.350911112467128419e+02
4.352648381493763736e+02
4.354131904179785124e+02
4.355385854423013825e+02
4.356440346773638339e+02
4.357328212088298187e+02
4.358082268598842575e+02
4.358733242374855763e+02
4.359308373373700647e+02
4.359830655449467258e+02
4.360318604184376454e+02
4.360786422073891799e+02
4.361244429693355755e+02
4.361699646111978836e+02
4.362156424675345079e+02
4.362617075547513537e+02
4.363082430124240432e+02
4.363552322369224044e+02
4.364025977431257957e+02
4.364502308664676207e+02
4.364980131025083665e+02
4.365458302589361779e+02
4.365935807491426885e+02
4.366411793596226971e+02
4.366885577314141074e+02
4.367356626493938165e+02
4.367824530607787210e+02
4.368288965641208392e+02
4.368749659350744423e+02
4.369206360927969399e+02
4.369658817658391285e+02
4.370106759912393386e+02
4.370549894760269467e+02
4.370987907664175509e+02
4.371420471055946564e+02
4.371847258154190854e+02
4.372267960093123520e+02
4.372682304323560629e+02
4.373090072289327850e+02
4.373491114572159972e+02
4.373885362011773168e+02
4.374272831724136381e+02
4.374653627424909246e+02
4.375027933976627423e+02
4.375396006576773402e+02
4.375758155446031878e+02
4.376114727226717491e+02
4.376466084535150571e+02
4.376812585214389060e+02
4.377154562804141165e+02
4.377492309595988900e+02
4.377826063392112133e+02
4.378155998763580214e+02
4.378482223239022915e+02
4.378804778474389536e+02
4.379123646090339435e+02
4.379438757536868252e+02
4.379750007078720273e+02
4.380057266803514722e+02
4.380360402449513799e+02
4.380659288837298959e+02
4.380953823766398045e+02
4.381243939399127498e+02
4.381529610383593649e+02
4.381810858247910119e+02
4.382087751903588355e+02
4.382360404403083862e+02
4.382628966378987911e+02
4.382893616828560539e+02
4.383154552079747646e+02
4.383411973873581928e+02
4.383666077518582824e+02
4.383917041018648888e+02
4.384165015956196498e+02
4.384410120740573689e+02
4.384652436622421305e+02
4.384892006648339589e+02
4.385128837500832333e+02
4.385362903955160618e+02
4.385594155500485840e+02
4.385822524529659745e+02
4.386047935408702187e+02
4.386270313699079111e+02
4.386489594823335096e+02
4.386705731536117696e+02
4.386918699679597466e+02
4.387128501855688114e+02
4.387335168823484537e+02
4.387538758614840617e+02
4.387739353537837701e+02
4.387937055394928052e+02
4.388131979366494306e+02
4.388324247093273129e+02
4.388513979529352014e+02
4.388701290127882544e+02
4.388886278871048034e+02
4.389069027566109753e+02
4.389249596714082031e+02
4.389428024122186116e+02
4.389604325291342661e+02
4.389778495472178861e+02
4.389950513160624723e+02
4.390120344704106969e+02
4.390287949617331265e+02
4.390453286169922649e+02
4.390616316804463963e+02
4.390777012974849072e+02
4.390935359056352922e+02
4.391091355065272523e+02
4.391245018028440086e+02
4.391396381955178185e+02
4.391545496474665811e+02
4.391692424302648305e+02
4.391837237785759385e+02
4.391980014832407733e+02
4.392120834573216825e+02
4.392259773099989388e+02
4.392396899610206447e+02
4.392532273238393259e+02
4.392665940789856336e+02
4.392797935513062271e+02
4.392928276960865901e+02
4.393056971904227339e+02
4.393184016182848950e+02
4.393309397309159863e+02
4.393433097592073864e+02
4.393555097516389765e+02
4.393675379104608396e+02
4.393793929001305969e+02
4.393910741051792002e+02
4.394025818196206501e+02
4.394139173560607219e+02
4.394250830694334695e+02
4.394360822971433436e+02
4.394469192238752839e+02
4.394575986847950162e+02
4.394681259251490246e+02
4.394785063368158262e+02
4.394887451933369107e+02
4.394988474040483766e+02
4.395088173056416281e+02
4.395186585056864033e+02
4.395283737880405397e+02
4.395379650847999642e+02
4.395474335140991684e+02
4.395567794779759083e+02
4.395660028101043508e+02
4.395751029597628872e+02
4.395840791961763330e+02
4.395929308164178906e+02
4.396016573405537997e+02
4.396102586793236355e+02
4.396187352624647815e+02
4.396270881193354398e+02
4.396353189075674663e+02
4.396434298897291342e+02
4.396514238620491710e+02
4.396593040427873689e+02
4.396670739307281224e+02
4.396747371460789395e+02
4.396822972669858700e+02
4.396897576745636798e+02
4.396971214181983783e+02
4.397043911107217014e+02
4.397115688603769854e+02
4.397186562432920596e+02
4.397256543168615508e+02
4.397325636712877213e+02
4.397393845136056143e+02
4.397461167762714922e+02
4.397527602408295024e+02
4.397593146663572838e+02
4.397657799124789904e+02
4.397721560476087461e+02
4.397784434345869613e+02
4.397846427880344322e+02
4.397907552001262275e+02
4.397967821341802050e+02
4.398027253879195655e+02
4.398085870306110223e+02
4.398143693201325277e+02
4.398200746073238179e+02
4.398257052356577788e+02
4.398312634443096840e+02
4.398367512820478282e+02
4.398421705382612004e+02
4.398475226957777977e+02
4.398528089082589645e+02
4.398580300029112209e+02
4.398631865072431424e+02
4.398682786967694369e+02
4.398733066590813792e+02
4.398782703685947126e+02
4.398831697656925712e+02
4.398880048339442510e+02
4.398927756694374125e+02
4.398974825371852262e+02
4.399021259107535684e+02
4.399067064927637034e+02
4.399112252154952216e+02
4.399156832224155664e+02
4.399200818329202320e+02
4.399244224937829131e+02
4.399287067217002800e+02
4.399329360418417991e+02
4.399371119273851036e+02
4.399412357447674822e+02
4.399453087087069321e+02
4.399493318501058639e+02
4.399533059988330024e+02
4.399572317821072147e+02
4.399611096379717310e+02
4.399649398421582305e+02
4.399687225457245177e+02
4.399724578200446672e+02
4.399761457053513709e+02
4.399797862589043120e+02
4.399833795990223848e+02
4.399869259417552598e+02
4.399904256276320211e+02
4.399938791368305147e+02
4.399972870921102412e+02
4.400006502497795395e+02
4.400039694799551739e+02
4.400072457381371578e+02
4.400104800306745005e+02
4.400136733771360014e+02
4.400168267726604654e+02
4.400199411532499312e+02
4.400230173666080304e+02
4.400260561505975261e+02
4.400290581206529623e+02
4.400320237668124719e+02
4.400349534601512005e+02
4.400378474677584109e+02
4.400407059746995060e+02
4.400435291109824334e+02
4.400463169811868056e+02
4.400490696943350031e+02
4.400517873916776352e+02
4.400544702702860036e+02
4.400571186008093036e+02
4.400597327382572530e+02
4.400623131252478402e+02
4.400648602878333122e+02
4.400673748245064303e+02
4.400698573895860477e+02
4.400723086725095641e+02
4.400747293748316906e+02
4.400771201868599292e+02
4.400794817657482554e+02
4.400818147167292977e+02
4.400841195788231630e+02
4.400863968159435444e+02
4.400886468138983219e+02
4.400908698832352570e+02
4.400930662675045824e+02
4.400952361560259192e+02
4.400973796999990668e+02
4.400994970305414995e+02
4.401015882771544625e+02
4.401036535851857252e+02
4.401056931309131528e+02
4.401077071332324522e+02
4.401096958611367427e+02
4.401116596365917530e+02
4.401135988328180702e+02
4.401155138682445909e+02
4.401174051968829417e+02
4.401192732959492560e+02
4.401211186518950171e+02
4.401229417459640558e+02
4.401247430404621355e+02
4.401265229667744165e+02
4.401282819160087456e+02
4.401300202328750970e+02
4.401317382131575187e+02
4.401334361048341179e+02
4.401351141125693403e+02
4.401367724051376626e+02
4.401384111250239357e+02
4.401400303993864895e+02
4.401416303514657216e+02
4.401432111115107091e+02
4.401447728264109855e+02
4.401463156673292474e+02
4.401478398348110090e+02
4.401493455611096124e+02
4.401508331096420648e+02
4.401523027717566379e+02
4.401537548611860302e+02
4.401551897067051300e+02
4.401566076436917569e+02
4.401580090052426044e+02
4.401593941136241597e+02
4.401607632726738757e+02
4.401621167617335573e+02
4.401634548315277016e+02
4.401647777022059813e+02
4.401660855636604310e+02
4.401673785779425430e+02
4.401686568835448270e+02
4.401699206011276715e+02
4.401711698401524586e+02
4.401724047059194618e+02
4.401736253063809841e+02
4.401748317582679988e+02
4.401760241920364365e+02
4.401772027553196267e+02
4.401783676146884545e+02
4.401795189556341938e+02
4.401806569808850895e+02
4.401817819072342104e+02
4.401828939612114482e+02
4.401839933739944399e+02
4.401850803759783162e+02
4.401861551914627171e+02
4.401872180338586986e+02
4.401882691017893308e+02
4.401893085763360318e+02
4.401903366195992930e+02
4.401913533746669032e+02
4.401923589668817272e+02
4.401933535062968303e+02
4.401943370910636304e+02
4.401953098114463501e+02
4.401962717541255756e+02
4.401972230064442897e+02
4.401981636602748154e+02
4.401990938151993191e+02
4.402000135808139589e+02
4.402009230780035409e+02
4.402018224391236458e+02
4.402027118071454765e+02
4.402035913338551154e+02
4.402044611773157499e+02
4.402053214988026753e+02
4.402061724594944963e+02
4.402070142171736506e+02
4.402078469232322391e+02
4.402086707201476656e+02
4.402094857396796783e+02
4.402102921018437769e+02
4.402110899147291434e+02
4.402118792751653018e+02
4.402126602700956255e+02
4.402134329785848195e+02
4.402141974742198158e+02
4.402149538277486727e+02
4.402157021096976450e+02
4.402164423928049359e+02
4.402171747540576234e+02
4.402178992762032976e+02
4.402186160486470499e+02
4.402193251676833938e+02
4.402200267360725547e+02
4.402207208620380925e+02
4.402214076577695892e+02
4.402220872375984868e+02
4.402227597159726997e+02
4.402234252054311696e+02
4.402240838147173463e+02
4.402247356471769990e+02
4.402253807995717807e+02
4.402260193613622050e+02
4.402266514145137535e+02
4.402272770338088890e+02
4.402278962876317223e+02
4.402285092391327908e+02
4.402291159476717439e+02
4.402297164704193051e+02
4.402303108639764559e+02
4.402308991858881768e+02
4.402314814959490263e+02
4.402320578571827241e+02
4.402326283364699293e+02
4.402331930047520814e+02
4.402337519368443282e+02
4.402343052108773236e+02
4.402348529074297971e+02
4.402353951084363075e+02
4.402359318959647680e+02
4.402364633509655505e+02
4.402369895520988052e+02
4.402375105747210569e+02
4.402380264901051987e+02
4.402385373649622693e+02
4.402390432612572226e+02
4.402395442363576876e+02
4.402400403434724581e+02
4.402405316323184934e+02
4.402410181499964210e+02
4.402414999419538049e+02
4.402419770529828043e+02
4.402424495281696863e+02
4.402429174137142809e+02
4.402433807575761193e+02
4.402438396098945645e+02
4.402442940231577495e+02
4.402447440521362410e+02
4.402451897535764829e+02
4.402456311856937532e+02
4.402460684075366544e+02
4.402465014782415551e+02
4.402469304562686148e+02
4.402473553986766319e+02
4.402477763604813390e+02
4.402481933941551233e+02
4.402486065493033607e+02
4.402490158725195215e+02
4.402494214074532124e+02
4.402498231950360150e+02
4.402502212738842786e+02
4.402506156808166224e+02
4.402510064514278270e+02
4.402513936207146230e+02
4.402517772236567453e+02
4.402521572957420517e+02
4.402525338733780131e+02
4.402529069941788293e+02
4.402532766970971920e+02
4.402536430224037076e+02
4.402540060115310325e+02
4.402543657067798222e+02
4.402547221509457245e+02
4.402550753868680431e+02
4.402554254569714658e+02
4.402557724028108623e+02
4.402561162646736648e+02
4.402564570812559168e+02
4.402567948894484857e+02
4.402571297242333799e+02
4.402574616186985281e+02
4.402577906041664733e+02
4.402581167104285100e+02
4.402584399660412942e+02
4.402587603986859790e+02
4.402590780355422453e+02
4.402593929036561349e+02
4.402597050302585444e+02
4.402600144430484193e+02
4.402603211703683996e+02
4.402606252413040693e+02
4.402609266856961767e+02
4.402612255340511638e+02
4.402615218173802418e+02
4.402618155669760540e+02
4.402621068141480691e+02
4.402623955899404109e+02
4.402626819248490619e+02
4.402629658485802793e+02
4.402632473898401599e+02
4.402635265761938399e+02
4.402638034339918249e+02
4.402640779883627715e+02
4.402643502632921013e+02
4.402646202817477388e+02
4.402648880658576900e+02
4.402651536371244561e+02
4.402654170166604786e+02
4.402656782254017003e+02
4.402659372843268670e+02
4.402661942146157799e+02
4.402664490377853781e+02
4.402667017757482313e+02
4.402669524508366408e+02
4.402672010857494911e+02
4.402674477034749430e+02
4.402676923271471310e+02
4.402679349798941644e+02
4.402681756846661187e+02
4.402684144640665522e+02
4.402686513401918660e+02
4.402688863345074424e+02
4.402691194677507269e+02
4.402693507598792735e+02
4.402695802300629566e+02
4.402698078967239326e+02
4.402700337776026913e+02
4.402702578898714592e+02
4.402704802502594816e+02
4.402707008751888225e+02
4.402709197809199395e+02
4.402711369836760014e+02
4.402713524997544141e+02
4.402715663456021389e+02
4.402717785378760027e+02
4.402719890934428122e+02
4.402721980293723050e+02
4.402724053628772367e+02
4.402726111112447143e+02
4.402728152917385955e+02
4.402730179214955797e+02
4.402732190174240827e+02
4.402734185961055005e+02
4.402736166737138319e+02
4.402738132659541179e+02
4.402740083880270845e+02
4.402742020546192521e+02
4.402743942799232855e+02
4.402745850776765906e+02
4.402747744612272527e+02
4.402749624436082740e+02
4.402751490376196557e+02
4.402753342559207681e+02
4.402755181111048728e+02
4.402757006157695514e+02
4.402758817825700248e+02
4.402760616242542255e+02
4.402762401536753600e+02
4.402764173837756516e+02
4.402765933275744032e+02
4.402767679981067772e+02
4.402769414083845732e+02
4.402771135713221042e+02
4.402772844996804338e+02
4.402774542060012095e+02
4.402776227025654521e+02
4.402777900013425096e+02
4.402779561139742555e+02
4.402781210517622981e+02
4.402782848256871375e+02
4.402784474464110076e+02
4.402786089243386414e+02
4.402787692696418844e+02
4.402789284923287596e+02
4.402790866022801879e+02
4.402792436093127435e+02
4.402793995232141242e+02
4.402795543537829985e+02
4.402797081108441830e+02
4.402798608042722321e+02
4.402800124439704064e+02
4.402801630398739690e+02
4.402803126019110778e+02
4.402804611399840837e+02
4.402806086639153591e+02
4.402807551834285391e+02
4.402809007080944639e+02
4.402810452473099190e+02
4.402811888102711464e+02
4.402813314059514482e+02
4.402814730431052226e+02
4.402816137302634729e+02
4.402817534757489284e+02
4.402818922877021350e+02
4.402820301741006119e+02
4.402821671427975616e+02
4.402823032015465969e+02
4.402824383580414178e+02
4.402825726199360474e+02
4.402827059948722876e+02
4.402828384904880181e+02
4.402829701144356704e+02
4.402831008743704615e+02
4.402832307779517578e+02
4.402833598328223843e+02
4.402834880465974834e+02
4.402836154268326823e+02
4.402837419810101096e+02
4.402838677165095191e+02
4.402839926405927713e+02
4.402841167603874624e+02
4.402842400828699283e+02
4.402843626148728617e+02
4.402844843630740002e+02
4.402846053340152253e+02
4.402847255341049504e+02
4.402848449696371063e+02
4.402849636468171752e+02
4.402850815717691830e+02
4.402851987505675311e+02
4.402853151892454093e+02
4.402854308938140093e+02
4.402855458702683222e+02
4.402856601245991328e+02
4.402857736627886425e+02
4.402858864908072860e+02
4.402859986146066262e+02
4.402861100401125896e+02
4.402862207732038087e+02
4.402863308197049150e+02
4.402864401853696563e+02
4.402865488758710057e+02
4.402866568967900776e+02
4.402867642536031667e+02
4.402868709516930039e+02
4.402869769963332374e+02
4.402870823927042352e+02
4.402871871458937107e+02
4.402872912609063860e+02
4.402873947426822383e+02
4.402874975960986603e+02
4.402875998259900143e+02
4.402877014371559312e+02
4.402878024343672791e+02
4.402879028223811702e+02
4.402880026059364695e+02
4.402881017897579454e+02
4.402882003785563825e+02
4.402882983770212491e+02
4.402883957898179119e+02
4.402884926215776318e+02
4.402885888768868199e+02
4.402886845602861854e+02
4.402887796762545349e+02
4.402888742292097390e+02
4.402889682234986140e+02
4.402890616634007301e+02
4.402891545531206816e+02
4.402892468967986588e+02
4.402893386985078905e+02
4.402894299622652738e+02
4.402895206920308624e+02
4.402896108917288984e+02
4.402897005652384905e+02
4.402897897164131109e+02
4.402898783490801975e+02
4.402899664670480320e+02
4.402900540741096620e+02
4.402901411740373305e+02
4.402902277705934466e+02
4.402903138675146124e+02
4.402903994685182170e+02
4.402904845772949329e+02
4.402905691975043965e+02
4.402906533327683292e+02
4.402907369866642284e+02
4.402908201627291760e+02
4.402909028644492651e+02
4.402909850952617603e+02
4.402910668585529947e+02
4.402911481576638835e+02
4.402912289958854331e+02
4.402913093764683481e+02
4.402913893026237702e+02
4.402914687775270863e+02
4.402915478043286157e+02
4.402916263861483799e+02
4.402917045260899727e+02
4.402917822272329431e+02
4.402918594926441642e+02
4.402919363253745928e+02
4.402920127284571095e+02
4.402920887049082808e+02
4.402921642577279044e+02
4.402922393898909945e+02
4.402923141043488613e+02
4.402923884040268945e+02
4.402924622918160935e+02
4.402925357705819351e+02
4.402926088431480593e+02
4.402926815123059896e+02
4.402927537808132001e+02
4.402928256513880569e+02
4.402928971267182874e+02
4.402929682094601844e+02
4.402930389022401982e+02
4.402931092076579489e+02
4.402931791282904896e+02
4.402932486666925342e+02
4.402933178254037898e+02
4.402933866069449209e+02
4.402934550138220402e+02
4.402935230485263105e+02
4.402935907135375260e+02
4.402936580113139371e+02
4.402937249443070868e+02
4.402937915149421997e+02
4.402938577256310850e+02
4.402939235787617349e+02
4.402939890767008819e+02
4.402940542217905886e+02
4.402941190163485885e+02
4.402941834626652167e+02
4.402942475630060244e+02
4.402943113196110971e+02
4.402943747346951682e+02
4.402944378104502903e+02
4.402945005490449262e+02
4.402945629526281550e+02
4.402946250233313208e+02
4.402946867632687145e+02
4.402947481745358687e+02
4.402948092592180842e+02
4.402948700193890659e+02
4.402949304571041012e+02
4.402949905744096668e+02
4.402950503733393361e+02
4.402951098559127558e+02
4.402951690241358733e+02
4.402952278799984356e+02
4.402952864254747851e+02
4.402953446625213587e+02
4.402954025930785633e+02
4.402954602190647506e+02
4.402955175423830383e+02
4.402955745649135793e+02
4.402956312885198145e+02
4.402956877150457444e+02
4.402957438463179756e+02
4.402957996841460613e+02
4.402958552303242072e+02
4.402959104866287134e+02
4.402959654548278081e+02
4.402960201366730075e+02
4.402960745339051982e+02
4.402961286482515675e+02
4.402961824814343004e+02
4.402962360351576763e+02
4.402962893111224503e+02
4.402963423110097096e+02
4.402963950364974153e+02
4.402964474892465319e+02
4.402964996709063143e+02
4.402965515831131711e+02
4.402966032274886174e+02
4.402966546056426296e+02
4.402967057191658569e+02
4.402967565696405927e+02
4.402968071586292353e+02
4.402968574876824732e+02
4.402969075583383756e+02
4.402969573721185270e+02
4.402970069305368384e+02
4.402970562350903379e+02
4.402971052872669020e+02
4.402971540885479271e+02
4.402972026403976997e+02
4.402972509442750493e+02
4.402972990016318136e+02
4.402973468139045963e+02
4.402973943825263063e+02
4.402974417089186545e+02
4.402974887944910165e+02
4.402975356406507785e+02
4.402975822487864548e+02
4.402976286202801361e+02
4.402976747565038522e+02
4.402977206588165586e+02
4.402977663285675476e+02
4.402978117670959364e+02
4.402978569757244713e+02
4.402979019557714082e+02
4.402979467085426108e+02
4.402979912353281406e+02
4.402980355374186274e+02
4.402980796160835553e+02
4.402981234725908735e+02
4.402981671082009143e+02
4.402982105241577528e+02
4.402982537217060894e+02
4.402982967020780620e+02
4.402983394664989305e+02
4.402983820161873041e+02
4.402984243523529813e+02
4.402984664761988824e+02
4.402985083889191742e+02
4.402985500916990986e+02
4.402985915857170198e+02
4.402986328721427185e+02
4.402986739521365962e+02
4.402987148268500732e+02
4.402987554974258728e+02
4.402987959649998402e+02
4.402988362306953718e+02
4.402988762956306346e+02
4.402989161609160647e+02
4.402989558276495359e+02
4.402989952969263641e+02
4.402990345698322017e+02
4.402990736474462778e+02
4.402991125308385563e+02
4.402991512210745100e+02
4.402991897192138708e+02
4.402992280263080147e+02
4.402992661434021215e+02
4.402993040715346638e+02
4.402993418117400779e+02
4.402993793650414887e+02
4.402994167324609975e+02
4.402994539150089963e+02
4.402994909136918977e+02
4.402995277295079859e+02
4.402995643634487806e+02
4.402996008164985824e+02
4.402996370896348139e+02
4.402996731838294977e+02
4.402997091000440832e+02
4.402997448392378601e+02
4.402997804023601702e+02
4.402998157903561491e+02
4.402998510041622922e+02
4.402998860447141283e+02
4.402999209129357041e+02
4.402999556097472009e+02
4.402999901360665262e+02
4.403000244928002189e+02
4.403000586808551020e+02
4.403000927011294721e+02
4.403001265545149181e+02
4.403001602419031428e+02
4.403001937641712402e+02
4.403002271222010222e+02
4.403002603168596352e+02
4.403002933490158739e+02
4.403003262195264824e+02
4.403003589292472384e+02
4.403003914790266435e+02
4.403004238697068899e+02
4.403004561021235190e+02
4.403004881771118448e+02
4.403005200954953011e+02
4.403005518580956164e+02
4.403005834657301421e+02
4.403006149192084990e+02
4.403006462193372386e+02
4.403006773669175686e+02
4.403007083627477414e+02
4.403007392076173687e+02
4.403007699023146984e+02
4.403008004476240558e+02
4.403008308443210694e+02
4.403008610931809699e+02
4.403008911949721096e+02
4.403009211504586347e+02
4.403009509603999732e+02
4.403009806255525405e+02
4.403010101466634865e+02
4.403010395244808137e+02
4.403010687597447372e+02
4.403010978531905266e+02
4.403011268055512346e+02
4.403011556175521264e+02
4.403011842899169324e+02
4.403012128233642670e+02
4.403012412186065490e+02
4.403012694763546619e+02
4.403012975973135212e+02
4.403013255821850294e+02
4.403013534316676214e+02
4.403013811464527407e+02
4.403014087272311485e+02
4.403014361746886038e+02
4.403014634895058066e+02
4.403014906723612398e+02
4.403015177239295213e+02
4.403015446448791863e+02
4.403015714358777473e+02
4.403015980975852699e+02
4.403016246306623316e+02
4.403016510357603579e+02
4.403016773135319681e+02
4.403017034646218804e+02
4.403017294896756653e+02
4.403017553893285481e+02
4.403017811642180845e+02
4.403018068149733608e+02
4.403018323422251115e+02
4.403018577465936119e+02
4.403018830287040828e+02
4.403019081891695237e+02
4.403019332286060603e+02
4.403019581476229973e+02
4.403019829468271382e+02
4.403020076268217053e+02
4.403020321882094663e+02
4.403020566315832980e+02
4.403020809575399426e+02
4.403021051666666494e+02
4.403021292595524869e+02
4.403021532367802138e+02
4.403021770989299739e+02
4.403022008465781596e+02
4.403022244802992304e+02
4.403022480006623596e+02
4.403022714082346170e+02
4.403022947035807420e+02
4.403023178872612675e+02
4.403023409598312128e+02
4.403023639218488370e+02
4.403023867738615991e+02
4.403024095164210507e+02
4.403024321500690803e+02
4.403024546753512141e+02
4.403024770928030307e+02
4.403024994029651111e+02
4.403025216063683160e+02
4.403025437035434493e+02
4.403025656950181883e+02
4.403025875813185053e+02
4.403026093629653701e+02
4.403026310404774790e+02
4.403026526143721640e+02
4.403026740851627778e+02
4.403026954533584671e+02
4.403027167194678100e+02
4.403027378839969970e+02
4.403027589474470460e+02
4.403027799103159055e+02
4.403028007731040248e+02
4.403028215363011668e+02
4.403028422004020968e+02
4.403028627658929963e+02
4.403028832332603315e+02
4.403029036029892040e+02
4.403029238755586334e+02
4.403029440514470707e+02
4.403029641311325122e+02
4.403029841150847687e+02
4.403030040037768345e+02
4.403030237976751096e+02
4.403030434972482112e+02
4.403030631029572532e+02
4.403030826152631221e+02
4.403031020346251694e+02
4.403031213614974035e+02
4.403031405963363909e+02
4.403031597395893186e+02
4.403031787917078077e+02
4.403031977531363736e+02
4.403032166243198162e+02
4.403032354056989561e+02
4.403032540977126814e+02
4.403032727007987432e+02
4.403032912153909706e+02
4.403033096419203503e+02
4.403033279808195743e+02
4.403033462325143432e+02
4.403033643974300162e+02
4.403033824759913273e+02
4.403034004686175535e+02
4.403034183757281994e+02
4.403034361977408935e+02
4.403034539350687737e+02
4.403034715881249213e+02
4.403034891573185519e+02
4.403035066430607003e+02
4.403035240457523969e+02
4.403035413658023458e+02
4.403035586036104405e+02
4.403035757595730502e+02
4.403035928340936493e+02
4.403036098275626955e+02
4.403036267403757620e+02
4.403036435729244431e+02
4.403036603255964110e+02
4.403036769987810999e+02
4.403036935928624871e+02
4.403037101082231288e+02
4.403037265452467750e+02
4.403037429043102406e+02
4.403037591857923871e+02
4.403037753900693474e+02
4.403037915175121384e+02
4.403038075684958130e+02
4.403038235433881482e+02
4.403038394425562956e+02
4.403038552663694531e+02
4.403038710151888040e+02
4.403038866893770660e+02
4.403039022892961043e+02
4.403039178153037483e+02
4.403039332677555535e+02
4.403039486470086104e+02
4.403039639534139269e+02
4.403039791873247850e+02
4.403039943490895780e+02
4.403040094390551644e+02
4.403040244575694828e+02
4.403040394049759243e+02
4.403040542816164589e+02
4.403040690878315218e+02
4.403040838239629693e+02
4.403040984903438471e+02
4.403041130873129418e+02
4.403041276152023329e+02
4.403041420743465437e+02
4.403041564650735609e+02
4.403041707877123372e+02
4.403041850425932466e+02
4.403041992300397851e+02
4.403042133503751074e+02
4.403042274039223685e+02
4.403042413910030746e+02
4.403042553119349805e+02
4.403042691670373756e+02
4.403042829566226715e+02
4.403042966810098164e+02
4.403043103405081524e+02
4.403043239354296361e+02
4.403043374660838367e+02
4.403043509327804941e+02
4.403043643358232657e+02
4.403043776755195040e+02
4.403043909521712180e+02
4.403044041660810421e+02
4.403044173175487117e+02
4.403044304068753831e+02
4.403044434343557327e+02
4.403044564002854031e+02
4.403044693049629359e+02
4.403044821486778346e+02
4.403044949317223882e+02
4.403045076543883170e+02
4.403045203169613160e+02
4.403045329197325941e+02
4.403045454629839810e+02
4.403045579470032749e+02
4.403045703720708843e+02
4.403045827384700601e+02
4.403045950464809835e+02
4.403046072963808228e+02
4.403046194884495890e+02
4.403046316229613240e+02
4.403046437001910931e+02
4.403046557204131091e+02
4.403046676838993108e+02
4.403046795909187381e+02
4.403046914417420794e+02
4.403047032366379767e+02
4.403047149758726277e+02
4.403047266597094449e+02
4.403047382884147396e+02
4.403047498622527769e+02
4.403047613814807164e+02
4.403047728463616863e+02
4.403047842571544948e+02
4.403047956141156192e+02
4.403048069175035835e+02
4.403048181675704313e+02
4.403048293645720719e+02
4.403048405087611172e+02
4.403048516003881332e+02
4.403048626397043108e+02
4.403048736269574306e+02
4.403048845623960119e+02
4.403048954462667552e+02
4.403049062788141441e+02
4.403049170602821505e+02
4.403049277909145189e+02
4.403049384709528340e+02
4.403049491006380549e+02
4.403049596802081851e+02
4.403049702099016827e+02
4.403049806899585406e+02
4.403049911206089178e+02
4.403050015020929777e+02
4.403050118346416753e+02
4.403050221184874431e+02
4.403050323538636235e+02
4.403050425409978743e+02
4.403050526801205820e+02
4.403050627714583811e+02
4.403050728152409761e+02
4.403050828116925004e+02
4.403050927610355529e+02
4.403051026634967684e+02
4.403051125192976087e+02
4.403051223286584559e+02
4.403051320918024771e+02
4.403051418089455638e+02
4.403051514803071882e+02
4.403051611061043786e+02
4.403051706865547885e+02
4.403051802218706143e+02
4.403051897122686569e+02
4.403051991579597484e+02
4.403052085591564833e+02
4.403052179160708874e+02
4.403052272289116900e+02
4.403052364978866535e+02
4.403052457232068377e+02
4.403052549050759126e+02
4.403052640437020955e+02
4.403052731392888290e+02
4.403052821920396696e+02
4.403052912021594807e+02
4.403053001698471576e+02
4.403053090953075639e+02
4.403053179787374916e+02
4.403053268203358925e+02
4.403053356203036515e+02
4.403053443788340928e+02
4.403053530961271917e+02
4.403053617723747948e+02
4.403053704077739781e+02
4.403053790025155081e+02
4.403053875567934483e+02
4.403053960707992474e+02
4.403054045447232170e+02
4.403054129787528836e+02
4.403054213730816855e+02
4.403054297278923741e+02
4.403054380433745223e+02
4.403054463197143491e+02
4.403054545570957998e+02
4.403054627557041840e+02
4.403054709157211164e+02
4.403054790373324749e+02
4.403054871207152132e+02
4.403054951660529923e+02
4.403055031735257216e+02
4.403055111433117190e+02
4.403055190755887338e+02
4.403055269705342880e+02
4.403055348283250510e+02
4.403055426491374078e+02
4.403055504331435372e+02
4.403055581805211318e+02
4.403055658914390733e+02
4.403055735660739174e+02
4.403055812045922153e+02
4.403055888071690447e+02
4.403055963739716958e+02
4.403056039051689936e+02
4.403056114009307294e+02
4.403056188614231701e+02
4.403056262868127533e+02
4.403056336772664849e+02
4.403056410329463688e+02
4.403056483540207751e+02
4.403056556406499453e+02
4.403056628929978160e+02
4.403056701112251403e+02
4.403056772954937514e+02
4.403056844459653121e+02
4.403056915627960848e+02
4.403056986461468227e+02
4.403057056961780518e+02
4.403057127130403501e+02
4.403057196968969720e+02
4.403057266479000873e+02
4.403057335662045944e+02
4.403057404519676084e+02
4.403057473053401623e+02
4.403057541264749375e+02
4.403057609155251271e+02
4.403057676726410818e+02
4.403057743979757106e+02
4.403057810916760104e+02
4.403057877538921616e+02
4.403057943847733782e+02
4.403058009844679646e+02
4.403058075531208715e+02
4.403058140908798350e+02
4.403058205978911133e+02
4.403058270742978380e+02
4.403058335202462104e+02
4.403058399358781116e+02
4.403058463213386631e+02
4.403058526767674152e+02
4.403058590023087504e+02
4.403058652981013665e+02
4.403058715642866900e+02
4.403058778010038736e+02
4.403058840083917289e+02
4.403058901865886128e+02
4.403058963357324274e+02
4.403059024559590284e+02
4.403059085474063750e+02
4.403059146102086743e+02
4.403059206445018390e+02
4.403059266504192806e+02
4.403059326280956611e+02
4.403059385776637669e+02
4.403059444992554177e+02
4.403059503930030587e+02
4.403059562590376004e+02
4.403059620974903510e+02
4.403059679084903451e+02
4.403059736921664467e+02
4.403059794486490546e+02
4.403059851780658960e+02
4.403059908805424243e+02
4.403059965562081288e+02
4.403060022051873830e+02
4.403060078276074023e+02
4.403060134235924465e+02
4.403060189932669459e+02
4.403060245367547054e+02
4.403060300541802690e+02
4.403060355456649404e+02
4.403060410113312173e+02
4.403060464513006309e+02
4.403060518656964746e+02
4.403060572546344815e+02
4.403060626182378883e+02
4.403060679566262934e+02
4.403060732699171353e+02
4.403060785582279095e+02
4.403060838216779302e+02
4.403060890603842950e+02
4.403060942744602926e+02
4.403060994640267154e+02
4.403061046291949765e+02
4.403061097700823439e+02
4.403061148868010264e+02
4.403061199794686331e+02
4.403061250481928255e+02
4.403061300930899620e+02
4.403061351142723083e+02
4.403061401118501976e+02
4.403061450859350430e+02
4.403061500366378596e+02
4.403061549640676731e+02
4.403061598683360103e+02
4.403061647495498505e+02
4.403061696078177647e+02
4.403061744432489490e+02
4.403061792559510650e+02
4.403061840460295571e+02
4.403061888135928257e+02
4.403061935587430753e+02
4.403061982815909801e+02
4.403062029822384602e+02
4.403062076607890845e+02
4.403062123173494342e+02
4.403062169520210887e+02
4.403062215649082987e+02
4.403062261561118476e+02
4.403062307257354178e+02
4.403062352738794516e+02
4.403062398006463241e+02
4.403062443061353974e+02
4.403062487904475688e+02
4.403062532536815183e+02
4.403062576959368357e+02
4.403062621173125990e+02
4.403062665179069768e+02
4.403062708978170008e+02
4.403062752571401575e+02
4.403062795959747859e+02
4.403062839144149621e+02
4.403062882125587976e+02
4.403062924904997431e+02
4.403062967483343186e+02
4.403063009861567707e+02
4.403063052040608341e+02
4.403063094021395045e+02
4.403063135804883927e+02
4.403063177391983913e+02
4.403063218783619845e+02
4.403063259980710882e+02
4.403063300984198918e+02
4.403063341794931489e+02
4.403063382413883460e+02
4.403063422841444208e+02
4.403063463079413395e+02
4.403063503128296929e+02
4.403063542988954850e+02
4.403063582662288695e+02
4.403063622149162484e+02
4.403063661450466952e+02
4.403063700567061005e+02
4.403063739499814346e+02
4.403063778249600659e+02
4.403063816817260658e+02
4.403063855203666890e+02
4.403063893409671437e+02
4.403063931436109328e+02
4.403063969283832648e+02
4.403064006953678131e+02
4.403064044446489333e+02
4.403064081763085369e+02
4.403064118904308657e+02
4.403064155870979448e+02
4.403064192663913445e+02
4.403064229283919531e+02
4.403064265731827049e+02
4.403064302008445452e+02
4.403064338114568272e+02
4.403064374051001550e+02
4.403064409818550189e+02
4.403064445417994648e+02
4.403064480850144378e+02
4.403064516115756533e+02
4.403064551215653069e+02
4.403064586150581476e+02
4.403064620921343817e+02
4.403064655528683602e+02
4.403064689973393797e+02
4.403064724256222462e+02
4.403064758377933003e+02
4.403064792339296787e+02
4.403064826141056756e+02
4.403064859783963243e+02
4.403064893268765445e+02
4.403064926596188116e+02
4.403064959767001483e+02
4.403064992781918932e+02
4.403065025641691932e+02
4.403065058347036711e+02
4.403065090898684275e+02
4.403065123297333230e+02
4.403065155543749256e+02
4.403065187638610496e+02
4.403065219582651935e+02
4.403065251376554556e+02
4.403065283021062442e+02
4.403065314516839521e+02
4.403065345864611686e+02
4.403065377065071289e+02
4.403065408118895903e+02
4.403065439026789818e+02
4.403065469789435724e+02
4.403065500407514037e+02
4.403065530881697214e+02
4.403065561212674766e+02
4.403065591401121992e+02
4.403065621447690887e+02
4.403065651353049930e+02
4.403065681117886356e+02
4.403065710742834540e+02
4.403065740228574896e+02
4.403065769575735544e+02
4.403065798784991216e+02
4.403065827856972305e+02
4.403065856792331374e+02
4.403065885591718711e+02
4.403065914255766984e+02
4.403065942785098628e+02
4.403065971180369615e+02
4.403065999442201246e+02
4.403066027571209702e+02
4.403066055568036745e+02
4.403066083433292874e+02
4.403066111167614736e+02
4.403066138771579290e+02
4.403066166245827162e+02
4.403066193590972262e+02
4.403066220807611444e+02
4.403066247896342134e+02
4.403066274857782787e+02
4.403066301692509796e+02
4.403066328401136502e+02
4.403066354984253508e+02
4.403066381442431521e+02
4.403066407776290703e+02
4.403066433986392667e+02
4.403066460073305848e+02
4.403066486037645859e+02
4.403066511879964082e+02
4.403066537600842594e+02
4.403066563200843007e+02
4.403066588680543418e+02
4.403066614040495779e+02
4.403066639281293533e+02
4.403066664403452251e+02
4.403066689407569925e+02
4.403066714294180883e+02
4.403066739063830823e+02
4.403066763717095000e+02
4.403066788254486141e+02
4.403066812676584618e+02
4.403066836983903727e+02
4.403066861176997691e+02
4.403066885256405953e+02
4.403066909222632148e+02
4.403066933076269152e+02
4.403066956817776259e+02
4.403066980447726451e+02
4.403067003966634729e+02
4.403067027375008706e+02
4.403067050673383278e+02
4.403067073862276288e+02
4.403067096942180569e+02
4.403067119913638976e+02
4.403067142777142635e+02
4.403067165533183811e+02
4.403067188182317864e+02
4.403067210724983056e+02
4.403067233161739864e+02
4.403067255493039056e+02
4.403067277719407002e+02
4.403067299841313798e+02
4.403067321859275580e+02
4.403067343773748235e+02
4.403067365585248467e+02
4.403067387294245805e+02
4.403067408901224553e+02
4.403067430406662766e+02
4.403067451811028263e+02
4.403067473114828658e+02
4.403067494318495960e+02
4.403067515422525844e+02
4.403067536427374762e+02
4.403067557333523041e+02
4.403067578141411218e+02
4.403067598851525872e+02
4.403067619464309246e+02
4.403067639980225181e+02
4.403067660399728993e+02
4.403067680723275430e+02
4.403067700951313554e+02
4.403067721084289587e+02
4.403067741122648613e+02
4.403067761066844810e+02
4.403067780917316441e+02
4.403067800674492105e+02
4.403067820338841898e+02
4.403067839910752355e+02
4.403067859390703234e+02
4.403067878779096418e+02
4.403067898076394613e+02
4.403067917282996291e+02
4.403067936399328914e+02
4.403067955425840410e+02
4.403067974362929817e+02
4.403067993211020053e+02
4.403068011970549378e+02
4.403068030641909445e+02
4.403068049225524305e+02
4.403068067721801526e+02
4.403068086131170844e+02
4.403068104454014247e+02
4.403068122690751238e+02
4.403068140841789386e+02
4.403068158907525458e+02
4.403068176888358494e+02
4.403068194784693219e+02
4.403068212596924695e+02
4.403068230325447416e+02
4.403068247970663265e+02
4.403068265532949113e+02
4.403068283012698316e+02
4.403068300410301958e+02
4.403068317726148848e+02
4.403068334960615289e+02
4.403068352114096911e+02
4.403068369186952395e+02
4.403068386179586469e+02
4.403068403092364065e+02
4.403068419925648413e+02
4.403068436679826050e+02
4.403068453355271572e+02
4.403068469952348778e+02
4.403068486471435676e+02
4.403068502912885265e+02
4.403068519277061910e+02
4.403068535564336230e+02
4.403068551775074297e+02
4.403068567909622288e+02
4.403068583968351390e+02
4.403068599951607212e+02
4.403068615859751844e+02
4.403068631693132033e+02
4.403068647452107029e+02
4.403068663137013914e+02
4.403068678748218190e+02
4.403068694286045570e+02
4.403068709750854168e+02
4.403068725142995277e+02
4.403068740462796313e+02
4.403068755710594360e+02
4.403068770886731613e+02
4.403068785991560503e+02
4.403068801025390826e+02
4.403068815988571600e+02
4.403068830881433655e+02
4.403068845704299861e+02
4.403068860457507867e+02
4.403068875141383387e+02
4.403068889756249291e+02
4.403068904302430724e+02
4.403068918780250556e+02
4.403068933190031657e+02
4.403068947532083826e+02
4.403068961806744710e+02
4.403068976014316718e+02
4.403068990155119877e+02
4.403069004229457732e+02
4.403069018237660543e+02
4.403069032180015370e+02
4.403069046056867251e+02
4.403069059868481645e+02
4.403069073615202456e+02
4.403069087297314468e+02
4.403069100915114404e+02
4.403069114468934799e+02
4.403069127959038269e+02
4.403069141385755074e+02
4.403069154749357494e+02
4.403069168050172379e+02
4.403069181288469736e+02
4.403069194464543443e+02
4.403069207578708983e+02
4.403069220631224425e+02
4.403069233622404681e+02
4.403069246552535674e+02
4.403069259421894799e+02
4.403069272230773095e+02
4.403069284979451368e+02
4.403069297668207582e+02
4.403069310297337893e+02
4.403069322867121969e+02
4.403069335377817310e+02
4.403069347829726894e+02
4.403069360223104241e+02
4.403069372558247778e+02
4.403069384835410460e+02
4.403069397054886736e+02
4.403069409216917052e+02
4.403069421321796426e+02
4.403069433369781791e+02
4.403069445361154521e+02
4.403069457296163591e+02
4.403069469175080144e+02
4.403069480998167364e+02
4.403069492765700375e+02
4.403069504477917349e+02
4.403069516135088861e+02
4.403069527737484350e+02
4.403069539285336873e+02
4.403069550778926668e+02
4.403069562218499868e+02
4.403069573604304878e+02
4.403069584936600904e+02
4.403069596215631236e+02
4.403069607441658491e+02
4.403069618614931642e+02
4.403069629735674084e+02
4.403069640804165488e+02
4.403069651820637773e+02
4.403069662785325704e+02
4.403069673698489623e+02
4.403069684560358610e+02
4.403069695371177090e+02
4.403069706131204839e+02
4.403069716840627734e+02
4.403069727499740225e+02
4.403069738108757747e+02
4.403069748667903696e+02
4.403069759177436708e+02
4.403069769637568811e+02
4.403069780048534199e+02
4.403069790410575592e+02
4.403069800723918661e+02
4.403069810988783388e+02
4.403069821205415337e+02
4.403069831374017440e+02
4.403069841494833554e+02
4.403069851568086506e+02
4.403069861593991163e+02
4.403069871572781153e+02
4.403069881504667933e+02
4.403069891389874329e+02
4.403069901228623166e+02
4.403069911021128178e+02
4.403069920767616736e+02
4.403069930468286657e+02
4.403069940123372135e+02
4.403069949733072121e+02
4.403069959297620244e+02
4.403069968817208064e+02
4.403069978292046471e+02
4.403069987722365113e+02
4.403069997108360099e+02
4.403070006450237202e+02
4.403070015748209585e+02
4.403070025002487569e+02
4.403070034213254758e+02
4.403070043380753305e+02
4.403070052505149192e+02
4.403070061586669794e+02
4.403070070625501558e+02
4.403070079621849686e+02
4.403070088575924501e+02
4.403070097487906196e+02
4.403070106357999975e+02
4.403070115186419571e+02
4.403070123973332670e+02
4.403070132718942773e+02
4.403070141423468158e+02
4.403070150087054344e+02
4.403070158709954285e+02
4.403070167292299857e+02
4.403070175834318434e+02
4.403070184336194188e+02
4.403070192798109588e+02
4.403070201220245394e+02
4.403070209602793170e+02
4.403070217945963805e+02
4.403070226249900543e+02
4.403070234514826211e+02
4.403070242740891445e+02
4.403070250928301448e+02
4.403070259077224478e+02
4.403070267187859486e+02
4.403070275260357107e+02
4.403070283294929936e+02
4.403070291291723493e+02
4.403070299250953212e+02
4.403070307172753246e+02
4.403070315057327093e+02
4.403070322904848695e+02
4.403070330715482328e+02
4.403070338489401365e+02
4.403070346226787137e+02
4.403070353927807332e+02
4.403070361592624522e+02
4.403070369221427995e+02
4.403070376814365545e+02
4.403070384371624186e+02
4.403070391893355122e+02
4.403070399379739115e+02
4.403070406830928505e+02
4.403070414247110875e+02
4.403070421628430609e+02
4.403070428975044592e+02
4.403070436287137568e+02
4.403070443564865286e+02
4.403070450808379519e+02
4.403070458017871829e+02
4.403070465193448513e+02
4.403070472335311365e+02
4.403070479443609315e+02
4.403070486518494704e+02
4.403070493560126693e+02
4.403070500568660464e+02
4.403070507544252905e+02
4.403070514487070568e+02
4.403070521397239077e+02
4.403070528274935782e+02
4.403070535120314162e+02
4.403070541933499271e+02
4.403070548714683241e+02
4.403070555463974642e+02
4.403070562181565606e+02
4.403070568867561292e+02
4.403070575522140189e+02
4.403070582145443836e+02
4.403070588737616049e+02
4.403070595298792114e+02
4.403070601829152224e+02
4.403070608328803814e+02
4.403070614797901499e+02
4.403070621236603301e+02
4.403070627645034847e+02
4.403070634023354160e+02
4.403070640371692548e+02
4.403070646690183025e+02
4.403070652978985891e+02
4.403070659238219378e+02
4.403070665468034122e+02
4.403070671668585874e+02
4.403070677839975247e+02
4.403070683982359697e+02
4.403070690095875648e+02
4.403070696180661230e+02
4.403070702236843204e+02
4.403070708264565383e+02
4.403070714263940886e+02
4.403070720235130011e+02
4.403070726178258951e+02
4.403070732093439119e+02
4.403070737980822287e+02
4.403070743840536352e+02
4.403070749672698980e+02
4.403070755477468765e+02
4.403070761254938930e+02
4.403070767005250445e+02
4.403070772728541442e+02
4.403070778424931291e+02
4.403070784094544479e+02
4.403070789737506630e+02
4.403070795353958147e+02
4.403070800944004759e+02
4.403070806507756174e+02
4.403070812045380649e+02
4.403070817556974248e+02
4.403070823042654069e+02
4.403070828502549716e+02
4.403070833936789086e+02
4.403070839345477907e+02
4.403070844728752604e+02
4.403070850086717201e+02
4.403070855419508689e+02
4.403070860727218587e+02
4.403070866009993551e+02
4.403070871267931921e+02
4.403070876501154203e+02
4.403070881709786590e+02
4.403070886893933107e+02
4.403070892053708576e+02
4.403070897189235211e+02
4.403070902300629541e+02
4.403070907387975126e+02
4.403070912451435106e+02
4.403070917491089631e+02
4.403070922507053524e+02
4.403070927499430809e+02
4.403070932468346541e+02
4.403070937413924071e+02
4.403070942336237295e+02
4.403070947235415815e+02
4.403070952111569341e+02
4.403070956964808715e+02
4.403070961795229437e+02
4.403070966602948602e+02
4.403070971388059434e+02
4.403070976150699494e+02
4.403070980890938699e+02
4.403070985608889032e+02
4.403070990304690326e+02
4.403070994978392605e+02
4.403070999630139681e+02
4.403071004260028189e+02
4.403071008868138279e+02
4.403071013454598983e+02
4.403071018019497842e+02
4.403071022562950247e+02
4.403071027085023275e+02
4.403071031585866422e+02
4.403071036065542216e+02
4.403071040524155251e+02
4.403071044961823759e+02
4.403071049378630164e+02
4.403071053774668826e+02
4.403071058150050590e+02
4.403071062504865267e+02
4.403071066839215746e+02
4.403071071153177058e+02
4.403071075446879945e+02
4.403071079720400007e+02
4.403071083973810573e+02
4.403071088207252615e+02
4.403071092420778427e+02
4.403071096614514772e+02
4.403071100788529861e+02
4.403071104942920329e+02
4.403071109077791334e+02
4.403071113193232691e+02
4.403071117289310905e+02
4.403071121366149896e+02
4.403071125423826970e+02
4.403071129462429667e+02
4.403071133482039841e+02
4.403071137482764357e+02
4.403071141464690186e+02
4.403071145427884971e+02
4.403071149372451600e+02
4.403071153298498075e+02
4.403071157206065322e+02
4.403071161095280672e+02
4.403071164966193578e+02
4.403071168818946717e+02
4.403071172653557142e+02
4.403071176470173214e+02
4.403071180268822218e+02
4.403071184049625799e+02
4.403071187812668086e+02
4.403071191558005353e+02
4.403071195285749582e+02
4.403071198995960458e+02
4.403071202688742005e+02
4.403071206364171530e+02
4.403071210022307014e+02
4.403071213663261005e+02
4.403071217287096601e+02
4.403071220893895656e+02
4.403071224483746846e+02
4.403071228056717814e+02
4.403071231612894394e+02
4.403071235152365830e+02
4.403071238675183281e+02
4.403071242181463276e+02
4.403071245671238216e+02
4.403071249144625199e+02
4.403071252601683909e+02
4.403071256042489949e+02
4.403071259467117216e+02
4.403071262875660068e+02
4.403071266268171371e+02
4.403071269644726726e+02
