0.000000000000000000e+00
-3.248887800766375733e-03
-9.923787612724055407e-03
-1.690780991924611953e-02
-2.413436933039037058e-02
-3.156904573122432112e-02
-3.918990553981416269e-02
-4.698116306488486771e-02
-5.493048096565189553e-02
-6.302762990792132314e-02
-7.126374231580712149e-02
-7.963085679696746411e-02
-8.812161979611232709e-02
-9.672908026658433300e-02
-1.054465438060105953e-01
-1.142674674480019803e-01
-1.231853840205019424e-01
-1.321938493392735836e-01
-1.412864081446230102e-01
-1.504565763767686803e-01
-1.596978385257443733e-01
-1.690036595763046989e-01
-1.783675116308245379e-01
-1.877829156808275002e-01
-1.972434992578655510e-01
-2.067430708245296955e-01
-2.162757117977776034e-01
-2.258358869914900424e-01
-2.354185740990715203e-01
-2.450194125265738876e-01
-2.546348715299018295e-01
-2.642624372143131950e-01
-2.739008175067851880e-01
-2.835501638590471885e-01
-2.932123081168924728e-01
-3.028910127993640344e-01
-3.125922330103207969e-01
-3.223243882431461316e-01
-3.320986422685905382e-01
-3.419291907815136256e-01
-3.518335521475819405e-01
-3.618328628496101373e-01
-3.719521710436310968e-01
-3.822207232122423193e-01
-3.926722337793080442e-01
-4.033451221000632358e-01
-4.142826937874133364e-01
-4.255332336517767544e-01
-4.371499658875563910e-01
-4.491908237275765714e-01
-4.617179563387026064e-01
-4.747968865957545859e-01
-4.884952212535154104e-01
-5.028808078667452719e-01
-5.180192338432334509e-01
-5.339705764240534336e-01
-5.507853425782514023e-01
-5.684995882327257277e-01
-5.871292794601004061e-01
-6.066640529397773207e-01
-6.270606442071766651e-01
-6.482363690304282500e-01
-6.700631494849176306e-01
-6.923626512683540568e-01
-7.149031204651237204e-01
-7.373984574753649213e-01
-7.595099325841374593e-01
-7.808507346320539000e-01
-8.009932702599371623e-01
-8.194788303387667838e-01
-8.358289567796646224e-01
-8.495576233743804551e-01
-8.601832270725253693e-01
-8.672393932743034384e-01
-8.702837310597715259e-01
-8.689039110385010645e-01
-8.627207428296514991e-01
-8.513882556831049442e-01
-8.345910897750172808e-01
-8.120397506531844556e-01
-7.834644410758073718e-01
-7.486082524479797939e-01
-7.072204746510806217e-01
-6.590506793035046940e-01
-6.038440660687456329e-01
-5.413383550994694815e-01
-4.712622835392039633e-01
-3.933355407318686048e-01
-3.072697741333740851e-01
-2.127701326307942509e-01
-1.095367024648794541e-01
2.734849443186249118e-03
1.243540581574507087e-01
2.556383371694437301e-01
3.969177189770789482e-01
5.485414007316649077e-01
7.108853050602874646e-01
8.843593116994270531e-01
1.069412362179832598e+00
1.266533443973003159e+00
1.476246669410784307e+00
1.699099359540241494e+00
1.935643186432571383e+00
2.186409835495169318e+00
2.451884014663505695e+00
2.732477602223070789e+00
3.028508989590477540e+00
3.340191099823755394e+00
3.667630226122014392e+00
4.010836023362116975e+00
4.369741109953110936e+00
4.744227214344959975e+00
5.134153935716199157e+00
5.539386104833738500e+00
5.959816358247053358e+00
6.395380657383157086e+00
6.846065806309752588e+00
7.311909271243166586e+00
7.792992577116933717e+00
8.289430147315215436e+00
8.801355651651419976e+00
9.328907797361239318e+00
9.872217136667245541e+00
1.043139498061009363e+01
1.100652499716807142e+01
1.159765760333198159e+01
1.220480688212717268e+01
1.282794948903517707e+01
1.346702486325614245e+01
1.412193602039701545e+01
1.479255025746010688e+01
1.547869922694383149e+01
1.618017800932238970e+01
1.689674300570425203e+01
1.762810866083009387e+01
1.837394318984752317e+01
1.913386360451795554e+01
1.990743040722600199e+01
2.069414234237865458e+01
2.149343156937550248e+01
2.230465955922545618e+01
2.312711393119593595e+01
2.396000635088330455e+01
2.480247151929336269e+01
2.565356720537852198e+01
2.651227521689156674e+01
2.737750317106480225e+01
2.824808691486566659e+01
2.912279345164546385e+01
3.000032425155535520e+01
3.087931884996015697e+01
3.175835866769779159e+01
3.263597101227753683e+01
3.351063323951456141e+01
3.438077706674391720e+01
3.524479303426221577e+01
3.610103510907271129e+01
3.694782541972199397e+01
3.778345910232559390e+01
3.860620922980126579e+01
3.941433179059299619e+01
4.020607068010951934e+01
4.097966266981865147e+01
4.173334232385752784e+01
4.246534684201640175e+01
4.317392081789733993e+01
4.385732091227714591e+01
4.451382045180568525e+01
4.514171397058026969e+01
4.573932171685450498e+01
4.630499414803487923e+01
4.683711643434942573e+01
4.733411298576210413e+01
4.779445200895727197e+01
4.821665009153723958e+01
4.859927680129867866e+01
4.894095927928146494e+01
4.924038679782664474e+01
4.949631524854959963e+01
4.970757152153880298e+01
4.987305773461455516e+01
4.999175527168748090e+01
5.006272859011346554e+01
5.008512876025716309e+01
5.005819670428459744e+01
4.998126610622072974e+01
4.985376597140134436e+01
4.967522281975175247e+01
4.944526250447663074e+01
4.916361165458539517e+01
4.883009874664503513e+01
4.844465481736924062e+01
4.800731383409447517e+01
4.751821274412270668e+01
4.697759122704451329e+01
4.638579117454241896e+01
4.574325592244127847e+01
4.505052925697225419e+01
4.430825421426754929e+01
4.351717168774985112e+01
4.268190017241920486e+01
4.178946206466400781e+01
4.084881666724641036e+01
3.985961365801733791e+01
3.882112012058632899e+01
3.773221310605646295e+01
3.659129712125439937e+01
3.539616910579087516e+01
3.414390079011701573e+01
3.283084965645775810e+01
3.145291177039212016e+01
3.000608273600397524e+01
2.848730646166217184e+01
2.689549176501992633e+01
2.523249822233299255e+01
2.350386363323582373e+01
2.171907813313475799e+01
1.989129622078797865e+01
1.803649342250690779e+01
1.617218748448391352e+01
1.431592642439369456e+01
1.248377994982450900e+01
1.068905356700088305e+01
8.941386324611301006e+00
7.246312253495489131e+00
5.605283048773515020e+00
4.016082702382675507e+00
2.473523741013480048e+00
9.703014769707465348e-01
-5.021073714941053368e-01
-1.952590673312101899e+00
-3.389650353306990382e+00
-4.820786321644902728e+00
-6.252024954423575309e+00
-7.687589851879522485e+00
-9.129707684747017993e+00
-1.057854178915277998e+01
-1.203224763171664335e+01
-1.348714466521767008e+01
-1.493799683411106116e+01
-1.637838876452013892e+01
-1.780117732207520476e+01
-1.919899034036370722e+01
-2.056473776314931001e+01
-2.189209683583379729e+01
-2.317593337217618910e+01
-2.441262579446208747e+01
-2.560026711771445207e+01
-2.673873122861971297e+01
-2.782960224584428488e+01
-2.887597790218416094e+01
-2.988216839502149469e+01
-3.085331998933639852e+01
-3.179499725140419741e+01
-3.271275901074949388e+01
-3.361176124787999697e+01
-3.449641561979268545e+01
-3.537012595745369481e+01
-3.623511754619494241e+01
-3.709236603954542488e+01
-3.794162508504274456e+01
-3.878154466287594460e+01
-3.960986614749037926e+01
-4.042367547812733619e+01
-4.121969274791035787e+01
-4.199457508570083064e+01
-4.274520991472263631e+01
-4.346897744797860241e+01
-4.416396445613003152e+01
-4.482911566651944213e+01
-4.546431429762890275e+01
-4.607038881506304051e+01
-4.664904859724720154e+01
-4.720275640349734658e+01
-4.773454996010764262e+01
-4.824782830598405781e+01
-4.874612054487090518e+01
-4.923285522613826970e+01
-4.971114772927489867e+01
-5.018362088166787771e+01
-5.065227081684292898e+01
-5.111838608194898370e+01
-5.158252357401232757e+01
-5.204454038939087468e+01
-5.250367645963092400e+01
-5.295867922999872235e+01
-5.340795886078143440e+01
-5.384976066710260056e+01
-5.428234084277340799e+01
-5.470413193490361436e+01
-5.511388596185486222e+01
-5.551078534172302170e+01
-5.589451470820745271e+01
-5.626528998677645177e+01
-5.662384451943444219e+01
-5.697137529869786476e+01
-5.730945526053511685e+01
-5.763991989206090238e+01
-5.796473798437381220e+01
-5.828587711866356358e+01
-5.860517439318709876e+01
-5.892422202267937337e+01
-5.924427587234868042e+01
-5.956619287538921981e+01
-5.989040080958744738e+01
-6.021690128122554597e+01
-6.054530418856660390e+01
-6.087488960887145595e+01
-6.120469113876566780e+01
-6.153359334616129672e+01
-6.186043524506101221e+01
-6.218411161035828627e+01
-6.250366448827617205e+01
-6.281835835808783486e+01
-6.312773395364445150e+01
-6.343163761889059060e+01
-6.373022509266388624e+01
-6.402394063234277155e+01
-6.431347423922682083e+01
-6.459970130544093081e+01
-6.488361015699155132e+01
-6.516622364964774761e+01
-6.544852115232663436e+01
-6.573136693615526838e+01
-6.601545022237496596e+01
-6.630124100766136053e+01
-6.658896438494736003e+01
-6.687859453113253494e+01
-6.716986796478289534e+01
-6.746231420979808036e+01
-6.775530074230795208e+01
-6.804808813630756958e+01
-6.833989071959587136e+01
-6.862993783544715143e+01
-6.891753097830877550e+01
-6.920209260075347402e+01
-6.948320322039234043e+01
-6.976062450826049144e+01
-7.003430722695406985e+01
-7.030438410691812123e+01
-7.057114890833338450e+01
-7.083502392761317878e+01
-7.109651899857868784e+01
-7.135618555890312109e+01
-7.161456957353038888e+01
-7.187216702452298023e+01
-7.212938531215382909e+01
-7.238651330336659839e+01
-7.264370197201492374e+01
-7.290095666720651479e+01
-7.315814109811327626e+01
-7.341499221163229549e+01
-7.367114433035158072e+01
-7.392616027311271409e+01
-7.417956673884214069e+01
-7.443089102465791029e+01
-7.467969617477706379e+01
-7.492561190683682071e+01
-7.516835910752593009e+01
-7.540776628514709046e+01
-7.564377706275172386e+01
-7.587644853042496607e+01
-7.610594099284031699e+01
-7.633250029169283835e+01
-7.655643440664829313e+01
-7.677808640639096893e+01
-7.699780601279093162e+01
-7.721592204807330972e+01
-7.743271786499633436e+01
-7.764841153522786499e+01
-7.786314212165638082e+01
-7.807696282898723439e+01
-7.828984125612345224e+01
-7.850166641186353900e+01
-7.871226164370330025e+01
-7.892140220741617895e+01
-7.912883589952946295e+01
-7.933430500666241869e+01
-7.953756779965573287e+01
-7.973841791475223317e+01
-7.993670020106105767e+01
-8.013232195190181528e+01
-8.032525884470373967e+01
-8.051555535589096735e+01
-8.070331985813879783e+01
-8.088871501216624438e+01
-8.107194440500882138e+01
-8.125323663700567067e+01
-8.143282820585181980e+01
-8.161094656987029339e+01
-8.178779469837883198e+01
-8.196353824304759428e+01
-8.213829621023160144e+01
-8.231213570249508393e+01
-8.248507095538701606e+01
-8.265706655081680765e+01
-8.282804436774063106e+01
-8.299789355938730750e+01
-8.316648264104804866e+01
-8.333367264856980228e+01
-8.349933029021809716e+01
-8.366334006248553123e+01
-8.382561442667491747e+01
-8.398610133485868801e+01
-8.414478863154164401e+01
-8.430170512277788930e+01
-8.445691837381815503e+01
-8.461052954912651103e+01
-8.476266582623367185e+01
-8.491347108078070960e+01
-8.506309564491687070e+01
-8.521168597821065305e+01
-8.535937506057263136e+01
-8.550627422462235927e+01
-8.565246700124777135e+01
-8.579800536978956416e+01
-8.594290859916645786e+01
-8.608716465594636702e+01
-8.623073395590176915e+01
-8.637355506231557456e+01
-8.651555179992362810e+01
-8.665664116579330312e+01
-8.679674138395176897e+01
-8.693577946761212161e+01
-8.707369771976578932e+01
-8.721045871076933054e+01
-8.734604841117322849e+01
-8.748047731629088730e+01
-8.761377956358495567e+01
-8.774601020065557577e+01
-8.787724089964507357e+01
-8.800755452227593878e+01
-8.813703901215444603e+01
-8.826578112244942531e+01
-8.839386047801883706e+01
-8.852134442274467574e+01
-8.864828402183110256e+01
-8.877471148217261998e+01
-8.890063913150243025e+01
-8.902605996880515704e+01
-8.915094967510464130e+01
-8.927526986421406718e+01
-8.939897226570820976e+01
-8.952200347298725092e+01
-8.964430986097693221e+01
-8.976584228238266405e+01
-8.988656018545168536e+01
-9.000643485764567231e+01
-9.012545158060504491e+01
-9.024361057653590024e+01
-9.036092672616678101e+01
-9.047742813528162742e+01
-9.059315371359372193e+01
-9.070815000000686723e+01
-9.082246751695424791e+01
-9.093615696091359268e+01
-9.104926553562154368e+01
-9.116183370981195822e+01
-9.127389263575628320e+01
-9.138546240254032682e+01
-9.149655122520675832e+01
-9.160715559300837185e+01
-9.171726132368297613e+01
-9.182684540235572968e+01
-9.193587842694682877e+01
-9.204432744287430523e+01
-9.215215892811835374e+01
-9.225934168896475285e+01
-9.236584944383412221e+01
-9.247166290697930435e+01
-9.257677123104281236e+01
-9.268117272411581098e+01
-9.278487481712107865e+01
-9.288789331751337386e+01
-9.299025103923929692e+01
-9.309197594406293774e+01
-9.319309896165890450e+01
-9.329365167352483468e+01
-9.339366404864233573e+01
-9.349316240609812212e+01
-9.359216775469303684e+01
-9.369069462323301423e+01
-9.378875045185696990e+01
-9.388633556753762832e+01
-9.398344372016515536e+01
-9.408006311262533927e+01
-9.417617782246855995e+01
-9.427176948658888023e+01
-9.436681910516193739e+01
-9.446130881829293457e+01
-9.455522351703052664e+01
-9.464855216982203956e+01
-9.474128877257885506e+01
-9.483343286451525955e+01
-9.492498958796181796e+01
-9.501596930764054605e+01
-9.510638683824299733e+01
-9.519626035804134290e+01
-9.528561010732505565e+01
-9.537445698313820230e+01
-9.546282114476002789e+01
-9.555072073890772799e+01
-9.563817083905820482e+01
-9.572518267269146008e+01
-9.581176318420386906e+01
-9.589791495303416013e+01
-9.598363645745217809e+01
-9.606892264834698381e+01
-9.615376577401622171e+01
-9.623815638017532592e+01
-9.632208439897118524e+01
-9.640554023742845402e+01
-9.648851577991268869e+01
-9.657100522954118560e+01
-9.665300572951321101e+01
-9.673451772505700319e+01
-9.681554504896729441e+01
-9.689609473589206345e+01
-9.697617659182424177e+01
-9.705580256315272436e+01
-9.713498596347602643e+01
-9.721374062500115087e+01
-9.729208004426783418e+01
-9.737001658949674265e+01
-9.744756082889608706e+01
-9.752472102725960212e+01
-9.760150284297003509e+01
-9.767790924026348875e+01
-9.775394061419797254e+01
-9.782959510910916379e+01
-9.790486909706095275e+01
-9.797975777168682043e+01
-9.805425580568032728e+01
-9.812835801760849108e+01
-9.820205999522528373e+01
-9.827535862825345703e+01
-9.834825251282740055e+01
-9.842074220146236030e+01
-9.849283028569095677e+01
-9.856452131219583634e+01
-9.863582154648867117e+01
-9.870673860912398823e+01
-9.877728101881865541e+01
-9.884745768241054975e+01
-9.891727737390431230e+01
-9.898674824417059881e+01
-9.905587739837238814e+01
-9.912467057135529558e+01
-9.919313192224115028e+01
-9.926126395914940304e+01
-9.932906759427771703e+01
-9.939654231933423034e+01
-9.946368648233425347e+01
-9.953049763963576879e+01
-9.959697295229852898e+01
-9.966310959373822698e+01
-9.972890513639566734e+01
-9.979435788769063720e+01
-9.985946715162282317e+01
-9.992423339834897433e+01
-9.998865833290869887e+01
-1.000527448618308881e+02
-1.001164969650936314e+02
-1.001799194874062096e+02
-1.002430178691004130e+02
-1.003057978400833008e+02
-1.003682651029734529e+02
-1.004304250304410289e+02
-1.004922824001922095e+02
-1.005538411866973547e+02
-1.006151044235873542e+02
-1.006760741444504106e+02
-1.007367514033338125e+02
-1.007971363698402456e+02
-1.008572284881140035e+02
-1.009170266845697483e+02
-1.009765296057848900e+02
-1.010357358667812377e+02
-1.010946442896905637e+02
-1.011532541144733841e+02
-1.012115651665659470e+02
-1.012695779700800358e+02
-1.013272938001578609e+02
-1.013847146730690270e+02
-1.014418432775758561e+02
-1.014986828555954048e+02
-1.015552370437605987e+02
-1.016115096900725803e+02
-1.016675046611485413e+02
-1.017232256556674770e+02
-1.017786760383867772e+02
-1.018338587069108030e+02
-1.018887760001489937e+02
-1.019434296540799210e+02
-1.019978208058950031e+02
-1.020519500444331698e+02
-1.021058175006706961e+02
-1.021594229695227227e+02
-1.022127660521130679e+02
-1.022658463062074361e+02
-1.023186633929566369e+02
-1.023712172083791074e+02
-1.024235079899717675e+02
-1.024755363913654946e+02
-1.025273035202187089e+02
-1.025788109384098448e+02
-1.026300606258440666e+02
-1.026810549124880367e+02
-1.027317963853474225e+02
-1.027822877787866105e+02
-1.028325318574998732e+02
-1.028825313017259759e+02
-1.029322886035841975e+02
-1.029818059821359384e+02
-1.030310853231790134e+02
-1.030801281471628954e+02
-1.031289356067979952e+02
-1.031775085130183243e+02
-1.032258473861010657e+02
-1.032739525268558509e+02
-1.033218241013419743e+02
-1.033694622319011387e+02
-1.034168670870806750e+02
-1.034640389634134863e+02
-1.035109783530738810e+02
-1.035576859925158715e+02
-1.036041628893771076e+02
-1.036504103262612375e+02
-1.036964298423176274e+02
-1.037422231947892328e+02
-1.037877923047207105e+02
-1.038331391915488666e+02
-1.038782659023527799e+02
-1.039231744414262266e+02
-1.039678667058684596e+02
-1.040123444317259782e+02
-1.040566091547546534e+02
-1.041006621879861314e+02
-1.041445046172382831e+02
-1.041881373141815175e+02
-1.042315609649847374e+02
-1.042747761118465064e+02
-1.043177832033685490e+02
-1.043605826495523274e+02
-1.044031748768540524e+02
-1.044455603789911606e+02
-1.044877397597014124e+02
-1.045297137643926817e+02
-1.045714832987747513e+02
-1.046130494335666299e+02
-1.046544133954515132e+02
-1.046955765456687573e+02
-1.047365403485011939e+02
-1.047773063324399345e+02
-1.048178760475879585e+02
-1.048582510226432305e+02
-1.048984327249973489e+02
-1.049384225268610749e+02
-1.049782216798541299e+02
-1.050178312996659997e+02
-1.050572523616026501e+02
-1.050964857067901335e+02
-1.051355320582229638e+02
-1.051743920448386120e+02
-1.052130662314223741e+02
-1.052515551518369534e+02
-1.052898593425933882e+02
-1.053279793744302992e+02
-1.053659158791870709e+02
-1.054036695703435385e+02
-1.054412412557068137e+02
-1.054786318417280313e+02
-1.055158423293911483e+02
-1.055528738024098061e+02
-1.055897274090569908e+02
-1.056264043391971086e+02
-1.056629057986874614e+02
-1.056992329832306723e+02
-1.057353870536899194e+02
-1.057713691148704811e+02
-1.058071801991687266e+02
-1.058428212562461113e+02
-1.058782931492667103e+02
-1.059135966576055807e+02
-1.059487324857225303e+02
-1.059837012770529441e+02
-1.060185036317520257e+02
-1.060531401266060811e+02
-1.060876113355503776e+02
-1.061219178491555795e+02
-1.061560602914997276e+02
-1.061900393333802413e+02
-1.062238557008293469e+02
-1.062575101786149503e+02
-1.062910036085759771e+02
-1.063243368832037845e+02
-1.063575109351668289e+02
-1.063905267238562260e+02
-1.064233852199255921e+02
-1.064560873894780002e+02
-1.064886341788659365e+02
-1.065210265013159301e+02
-1.065532652265764000e+02
-1.065853511739643409e+02
-1.066172851094110001e+02
-1.066490677465184831e+02
-1.066806997513224360e+02
-1.067121817503033299e+02
-1.067435143407996634e+02
-1.067746981029698645e+02
-1.068057336122703305e+02
-1.068366214513839054e+02
-1.068673622208557958e+02
-1.068979565474415949e+02
-1.069284050898529017e+02
-1.069587085413107275e+02
-1.069888676291161005e+02
-1.070188831111274794e+02
-1.070487557698593264e+02
-1.070784864044956635e+02
-1.071080758216802451e+02
-1.071375248259469117e+02
-1.071668342102834686e+02
-1.071960047478881393e+02
-1.072250371855151343e+02
-1.072539322388701635e+02
-1.072826905904412911e+02
-1.073113128897330171e+02
-1.073397997557975714e+02
-1.073681517818132534e+02
-1.073963695411788422e+02
-1.074244535946776864e+02
-1.074524044980042845e+02
-1.074802228091355687e+02
-1.075079090949236615e+02
-1.075354639364161358e+02
-1.075628879326182528e+02
-1.075901817024081879e+02
-1.076173458844738775e+02
-1.076443811355904359e+02
-1.076712881271874949e+02
-1.076980675406836667e+02
-1.077247200620313947e+02
-1.077512463758857280e+02
-1.077776471598565990e+02
-1.078039230793366983e+02
-1.078300747833274613e+02
-1.078561029013856682e+02
-1.078820080421131706e+02
-1.079077907930095535e+02
-1.079334517218340466e+02
-1.079589913791489835e+02
-1.079844103019672730e+02
-1.080097090179292536e+02
-1.080348880499261099e+02
-1.080599479205820330e+02
-1.080848891563654774e+02
-1.081097122909690711e+02
-1.081344178677603622e+02
-1.081590064410992795e+02
-1.081834785765904030e+02
-1.082078348501095206e+02
-1.082320758459221111e+02
-1.082562021539695820e+02
-1.082802143666398251e+02
-1.083041130752095000e+02
-1.083278988663688551e+02
-1.083515723190162134e+02
-1.083751340016012819e+02
-1.083985844701754786e+02
-1.084219242673039503e+02
-1.084451539218762264e+02
-1.084682739497459920e+02
-1.084912848552261266e+02
-1.085141871331539392e+02
-1.085369812714294540e+02
-1.085596677537785126e+02
-1.085822470625097935e+02
-1.086047196810455375e+02
-1.086270860961069502e+02
-1.086493467992359570e+02
-1.086715022877892807e+02
-1.086935530651437603e+02
-1.087154996402666711e+02
-1.087373425266451363e+02
-1.087590822407332212e+02
-1.087807193000181769e+02
-1.088022542209130279e+02
-1.088236875166210780e+02
-1.088450196951529279e+02
-1.088662512576925678e+02
-1.088873826973010637e+02
-1.089084144981733857e+02
-1.089293471355044289e+02
-1.089501810756993905e+02
-1.089709167772814453e+02
-1.089915546920858560e+02
-1.090120952667360825e+02
-1.090325389443305539e+02
-1.090528861661289284e+02
-1.090731373731154008e+02
-1.090932930073848297e+02
-1.091133535130969108e+02
-1.091333193371965535e+02
-1.091531909295788978e+02
-1.091729687429202045e+02
-1.091926532320537717e+02
-1.092122448531397367e+02
-1.092317440624527194e+02
-1.092511513151893041e+02
-1.092704670641157918e+02
-1.092896917583834124e+02
-1.093088258424882611e+02
-1.093278697554368364e+02
-1.093468239302920892e+02
-1.093656887939598619e+02
-1.093844647673645909e+02
-1.094031522658660833e+02
-1.094217517000201951e+02
-1.094402634764089157e+02
-1.094586879986802614e+02
-1.094770256685730487e+02
-1.094952768868757857e+02
-1.095134420542685234e+02
-1.095315215720343645e+02
-1.095495158424264446e+02
-1.095674252688715455e+02
-1.095852502559151844e+02
-1.096029912088676497e+02
-1.096206485333103728e+02
-1.096382226344509832e+02
-1.096557139163178363e+02
-1.096731227810277005e+02
-1.096904496280115495e+02
-1.097076948533854761e+02
-1.097248588493931152e+02
-1.097419420041418334e+02
-1.097589447014225925e+02
-1.097758673207803213e+02
-1.097927102377453252e+02
-1.098094738242893982e+02
-1.098261584492996690e+02
-1.098427644791965463e+02
-1.098592922785847463e+02
-1.098757422108218407e+02
-1.098921146385604857e+02
-1.099084099241838430e+02
-1.099246284300756429e+02
-1.099407705187726378e+02
-1.099568365529176504e+02
-1.099728268951520818e+02
-1.099887419077440995e+02
-1.100045819522574675e+02
-1.100203473891079966e+02
-1.100360385770518405e+02
-1.100516558727544520e+02
-1.100671996303857441e+02
-1.100826702012999476e+02
-1.100980679338119330e+02
-1.101133931730874451e+02
-1.101286462612013679e+02
-1.101438275372164526e+02
-1.101589373374685579e+02
-1.101739759958569493e+02
-1.101889438441946254e+02
-1.102038412126058802e+02
-1.102186684298984005e+02
-1.102334258238925031e+02
-1.102481137216763045e+02
-1.102627324498220673e+02
-1.102772823344898825e+02
-1.102917637013903800e+02
-1.103061768757495997e+02
-1.103205221821143596e+02
-1.103347999441629668e+02
-1.103490104843844506e+02
-1.103631541238551677e+02
-1.103772311819296306e+02
-1.103912419760038119e+02
-1.104051868212944214e+02
-1.104190660307119742e+02
-1.104328799148128724e+02
-1.104466287817577381e+02
-1.104603129374175410e+02
-1.104739326854817136e+02
-1.104874883276858668e+02
-1.105009801639836837e+02
-1.105144084927907784e+02
-1.105277736112453226e+02
-1.105410758153652750e+02
-1.105543154002744473e+02
-1.105674926602900427e+02
-1.105806078889986566e+02
-1.105936613793079459e+02
-1.106066534233569314e+02
-1.106195843124666567e+02
-1.106324543369785829e+02
-1.106452637861352173e+02
-1.106580129478721801e+02
-1.106707021086874079e+02
-1.106833315534733515e+02
-1.106959015653825418e+02
-1.107084124257583539e+02
-1.107208644140602019e+02
-1.107332578078968481e+02
-1.107455928830269158e+02
-1.107578699134745648e+02
-1.107700891715998068e+02
-1.107822509282513579e+02
-1.107943554529326207e+02
-1.108064030138897920e+02
-1.108183938782839277e+02
-1.108303283122871221e+02
-1.108422065811706716e+02
-1.108540289493549835e+02
-1.108657956804202627e+02
-1.108775070371037827e+02
-1.108891632812327543e+02
-1.109007646736811807e+02
-1.109123114742384359e+02
-1.109238039415537287e+02
-1.109352423330034867e+02
-1.109466269046282605e+02
-1.109579579110038026e+02
-1.109692356052705691e+02
-1.109804602390010473e+02
-1.109916320622880335e+02
-1.110027513236966001e+02
-1.110138182703449274e+02
-1.110248331479682520e+02
-1.110357962009858852e+02
-1.110467076726022810e+02
-1.110575678048653572e+02
-1.110683768388077510e+02
-1.110791350144493776e+02
-1.110898425709045796e+02
-1.111004997464069675e+02
-1.111111067782654231e+02
-1.111216639029893827e+02
-1.111321713561246725e+02
-1.111426293723063168e+02
-1.111530381851550260e+02
-1.111633980272572444e+02
-1.111737091300830684e+02
-1.111839717239298011e+02
-1.111941860378959746e+02
-1.112043522998278604e+02
-1.112144707362845111e+02
-1.112245415725990938e+02
-1.112345650328016973e+02
-1.112445413397117022e+02
-1.112544707149581313e+02
-1.112643533790169954e+02
-1.112741895512796191e+02
-1.112839794501115875e+02
-1.112937232928715616e+02
-1.113034212960099580e+02
-1.113130736750615597e+02
-1.113226806446988917e+02
-1.113322424187322213e+02
-1.113417592100903448e+02
-1.113512312308730543e+02
-1.113606586922328461e+02
-1.113700418044651883e+02
-1.113793807768482225e+02
-1.113886758177207525e+02
-1.113979271343846449e+02
-1.114071349330604335e+02
-1.114162994189646838e+02
-1.114254207961745351e+02
-1.114344992677057462e+02
-1.114435350355042260e+02
-1.114525283004383596e+02
-1.114614792623587505e+02
-1.114703881200923092e+02
-1.114792550715038146e+02
-1.114880803135206975e+02
-1.114968640421632244e+02
-1.115056064525862212e+02
-1.115143077390664530e+02
-1.115229680951055684e+02
-1.115315877133235745e+02
-1.115401667855664982e+02
-1.115487055028390273e+02
-1.115572040553253714e+02
-1.115656626323419118e+02
-1.115740814223591997e+02
-1.115824606129611425e+02
-1.115908003908105570e+02
-1.115991009416720772e+02
-1.116073624503650308e+02
-1.116155851007712272e+02
-1.116237690758454164e+02
-1.116319145575818652e+02
-1.116400217270689836e+02
-1.116480907644858007e+02
-1.116561218491121963e+02
-1.116641151593749441e+02
-1.116720708728215072e+02
-1.116799891662162736e+02
-1.116878702154880330e+02
-1.116957141957927888e+02
-1.117035212815026171e+02
-1.117112916462397720e+02
-1.117190254628347930e+02
-1.117267229033900549e+02
-1.117343841392039394e+02
-1.117420093408473463e+02
-1.117495986780386374e+02
-1.117571523197602801e+02
-1.117646704341717623e+02
-1.117721531885944160e+02
-1.117796007495742856e+02
-1.117870132827741827e+02
-1.117943909530862356e+02
-1.118017339245517405e+02
-1.118090423604139687e+02
-1.118163164230893472e+02
-1.118235562742211187e+02
-1.118307620746788302e+02
-1.118379339845595837e+02
-1.118450721631992906e+02
-1.118521767692246272e+02
-1.118592479605257495e+02
-1.118662858942752791e+02
-1.118732907269501311e+02
-1.118802626143058774e+02
-1.118872017114239270e+02
-1.118941081726540006e+02
-1.119009821516521015e+02
-1.119078238013613600e+02
-1.119146332740166940e+02
-1.119214107211205942e+02
-1.119281562934469889e+02
-1.119348701410526132e+02
-1.119415524132631958e+02
-1.119482032586554396e+02
-1.119548228251114779e+02
-1.119614112597583357e+02
-1.119679687090339257e+02
-1.119744953186608996e+02
-1.119809912336497746e+02
-1.119874565983566299e+02
-1.119938915564242166e+02
-1.120002962508558539e+02
-1.120066708239819491e+02
-1.120130154174665336e+02
-1.120193301723699051e+02
-1.120256152290584168e+02
-1.120318707272886058e+02
-1.120380968061622866e+02
-1.120442936041484927e+02
-1.120504612590576698e+02
-1.120565999080839106e+02
-1.120627096877305462e+02
-1.120687907338969467e+02
-1.120748431817950745e+02
-1.120808671660087725e+02
-1.120868628204646029e+02
-1.120928302784363950e+02
-1.120987696725804881e+02
-1.121046811348692813e+02
-1.121105647966924721e+02
-1.121164207887856605e+02
-1.121222492412539395e+02
-1.121280502836312394e+02
-1.121338240448111492e+02
-1.121395706531121164e+02
-1.121452902362319151e+02
-1.121509829212949967e+02
-1.121566488348545931e+02
-1.121622881028513348e+02
-1.121679008506618516e+02
-1.121734872030680776e+02
-1.121790472842951658e+02
-1.121845812179543600e+02
-1.121900891270837519e+02
-1.121955711341623783e+02
-1.122010273610561626e+02
-1.122064579290598658e+02
-1.122118629589044758e+02
-1.122172425707033199e+02
-1.122225968840377277e+02
-1.122279260178928553e+02
-1.122332300906976457e+02
-1.122385092202957821e+02
-1.122437635240243026e+02
-1.122489931186117929e+02
-1.122541981202712122e+02
-1.122593786446657305e+02
-1.122645348069227111e+02
-1.122696667216327455e+02
-1.122747745028494251e+02
-1.122798582641109419e+02
-1.122849181184030272e+02
-1.122899541782177266e+02
-1.122949665554967851e+02
-1.122999553616684807e+02
-1.123049207076184075e+02
-1.123098627037421124e+02
-1.123147814598738705e+02
-1.123196770853586486e+02
-1.123245496890061190e+02
-1.123293993791067464e+02
-1.123342262634308213e+02
-1.123390304492554606e+02
-1.123438120433263521e+02
-1.123485711519050483e+02
-1.123533078807261631e+02
-1.123580223350553524e+02
-1.123627146196412241e+02
-1.123673848387443854e+02
-1.123720330961621130e+02
-1.123766594951683828e+02
-1.123812641385934512e+02
-1.123858471287658176e+02
-1.123904085675347346e+02
-1.123949485562926611e+02
-1.123994671959356424e+02
-1.124039645869024753e+02
-1.124084408291467980e+02
-1.124128960221720490e+02
-1.124173302649777497e+02
-1.124217436561291947e+02
-1.124261362936929345e+02
-1.124305082753068632e+02
-1.124348596981078572e+02
-1.124391906587995891e+02
-1.124435012536213208e+02
-1.124477915783449475e+02
-1.124520617283086494e+02
-1.124563117983815914e+02
-1.124605418830184931e+02
-1.124647520762028989e+02
-1.124689424714758843e+02
-1.124731131619638518e+02
-1.124772642403524401e+02
-1.124813957988638435e+02
-1.124855079293301969e+02
-1.124896007231386648e+02
-1.124936742712295086e+02
-1.124977286641423575e+02
-1.125017639919816475e+02
-1.125057803444198044e+02
-1.125097778107103750e+02
-1.125137564796986567e+02
-1.125177164397812248e+02
-1.125216577789790335e+02
-1.125255805848430555e+02
-1.125294849445606360e+02
-1.125333709448721606e+02
-1.125372386721302291e+02
-1.125410882122689600e+02
-1.125449196508209866e+02
-1.125487330729178552e+02
-1.125525285632908776e+02
-1.125563062062645940e+02
-1.125600660857931530e+02
-1.125638082854048889e+02
-1.125675328882678627e+02
-1.125712399771350078e+02
-1.125749296343842047e+02
-1.125786019420099819e+02
-1.125822569816082250e+02
-1.125858948343978909e+02
-1.125895155812348207e+02
-1.125931193025492121e+02
-1.125967060784370801e+02
-1.126002759885912496e+02
-1.126038291123408044e+02
-1.126073655286243138e+02
-1.126108853160296803e+02
-1.126143885527487214e+02
-1.126178753166337856e+02
-1.126213456851371575e+02
-1.126247997353820551e+02
-1.126282375441007275e+02
-1.126316591876707776e+02
-1.126350647421265307e+02
-1.126384542831261797e+02
-1.126418278859895850e+02
-1.126451856256687734e+02
-1.126485275767641383e+02
-1.126518538135536573e+02
-1.126551644099107534e+02
-1.126584594394284409e+02
-1.126617389753089924e+02
-1.126650030904162918e+02
-1.126682518572868617e+02
-1.126714853480991110e+02
-1.126747036346997106e+02
-1.126779067885929067e+02
-1.126810948809553565e+02
-1.126842679826143581e+02
-1.126874261640626855e+02
-1.126905694954851356e+02
-1.126936980466967952e+02
-1.126968118872271702e+02
-1.126999110862405473e+02
-1.127029957126015915e+02
-1.127060658348423772e+02
-1.127091215211706299e+02
-1.127121628394721711e+02
-1.127151898573324615e+02
-1.127182026419937984e+02
-1.127212012603951621e+02
-1.127241857791654525e+02
-1.127271562646138250e+02
-1.127301127827400933e+02
-1.127330553992234741e+02
-1.127359841794526005e+02
-1.127388991885040355e+02
-1.127418004911315279e+02
-1.127446881517959127e+02
-1.127475622346501609e+02
-1.127504228035664937e+02
-1.127532699220753329e+02
-1.127561036534475534e+02
-1.127589240606201315e+02
-1.127617312062735095e+02
-1.127645251527600294e+02
-1.127673059621556035e+02
-1.127700736962339647e+02
-1.127728284164918477e+02
-1.127755701841293217e+02
-1.127782990600554172e+02
-1.127810151048979037e+02
-1.127837183790006179e+02
-1.127864089424223266e+02
-1.127890868549380343e+02
-1.127917521760423938e+02
-1.127944049649514682e+02
-1.127970452806044932e+02
-1.127996731816513147e+02
-1.128022887264858696e+02
-1.128048919732145237e+02
-1.128074829796597669e+02
-1.128100618033998899e+02
-1.128126285017128794e+02
-1.128151831316332618e+02
-1.128177257499030475e+02
-1.128202564130149881e+02
-1.128227751771790395e+02
-1.128252820983561833e+02
-1.128277772322522878e+02
-1.128302606342807621e+02
-1.128327323596194560e+02
-1.128351924631825796e+02
-1.128376409996128018e+02
-1.128400780233151295e+02
-1.128425035884278600e+02
-1.128449177488344617e+02
-1.128473205581796037e+02
-1.128497120698258982e+02
-1.128520923369060824e+02
-1.128544614123174483e+02
-1.128568193486622704e+02
-1.128591661983479071e+02
-1.128615020134953397e+02
-1.128638268460010750e+02
-1.128661407475064493e+02
-1.128684437694255394e+02
-1.128707359629042344e+02
-1.128730173788808315e+02
-1.128752880680210637e+02
-1.128775480807753979e+02
-1.128797974673463500e+02
-1.128820362777028095e+02
-1.128842645615911238e+02
-1.128864823684920680e+02
-1.128886897476971285e+02
-1.128908867482192022e+02
-1.128930734188787710e+02
-1.128952498082524585e+02
-1.128974159646825228e+02
-1.128995719362924888e+02
-1.129017177709775979e+02
-1.129038535163961683e+02
-1.129059792200159222e+02
-1.129080949290417948e+02
-1.129102006904676045e+02
-1.129122965510838412e+02
-1.129143825574481639e+02
-1.129164587558969401e+02
-1.129185251925393914e+02
-1.129205819132965871e+02
-1.129226289638472167e+02
-1.129246663896715859e+02
-1.129266942360177381e+02
-1.129287125479419274e+02
-1.129307213702720105e+02
-1.129327207476409853e+02
-1.129347107244524295e+02
-1.129366913449204617e+02
-1.129386626530277908e+02
-1.129406246925878463e+02
-1.129425775071638327e+02
-1.129445211401477422e+02
-1.129464556347109010e+02
-1.129483810338281273e+02
-1.129502973802624979e+02
-1.129522047165875165e+02
-1.129541030851802930e+02
-1.129559925281945425e+02
-1.129578730876166901e+02
-1.129597448052034565e+02
-1.129616077225491040e+02
-1.129634618810245570e+02
-1.129653073218197505e+02
-1.129671440859283962e+02
-1.129689722141401944e+02
-1.129707917470832399e+02
-1.129726027251632559e+02
-1.129744051886067382e+02
-1.129761991774571470e+02
-1.129779847315621737e+02
-1.129797618905816989e+02
-1.129815306939909760e+02
-1.129832911810872247e+02
-1.129850433909806497e+02
-1.129867873625709649e+02
-1.129885231346231649e+02
-1.129902507456760645e+02
-1.129919702341114203e+02
-1.129936816381201652e+02
-1.129953849957211673e+02
-1.129970803447501453e+02
-1.129987677228662051e+02
-1.130004471675432001e+02
-1.130021187160957652e+02
-1.130037824056453246e+02
-1.130054382731461828e+02
-1.130070863553942786e+02
-1.130087266889726152e+02
-1.130103593103368098e+02
-1.130119842557381276e+02
-1.130136015612837355e+02
-1.130152112628780969e+02
-1.130168133963058494e+02
-1.130184079971244273e+02
-1.130199951007685968e+02
-1.130215747424884398e+02
-1.130231469573722620e+02
-1.130247117803441483e+02
-1.130262692461550955e+02
-1.130278193894010315e+02
-1.130293622445278743e+02
-1.130308978457807143e+02
-1.130324262272935130e+02
-1.130339474229927532e+02
-1.130354614666907196e+02
-1.130369683919900581e+02
-1.130384682323780794e+02
-1.130399610211670733e+02
-1.130414467915169325e+02
-1.130429255764217942e+02
-1.130443974087315837e+02
-1.130458623211416693e+02
-1.130473203461823459e+02
-1.130487715162407767e+02
-1.130502158635584351e+02
-1.130516534202100161e+02
-1.130530842181172488e+02
-1.130545082890732829e+02
-1.130559256647061375e+02
-1.130573363764928558e+02
-1.130587404557678610e+02
-1.130601379337283561e+02
-1.130615288413960116e+02
-1.130629132096833018e+02
-1.130642910693242698e+02
-1.130656624509235257e+02
-1.130670273849581804e+02
-1.130683859017245823e+02
-1.130697380314051657e+02
-1.130710838040352542e+02
-1.130724232494962962e+02
-1.130737563975476405e+02
-1.130750832777948744e+02
-1.130764039197152329e+02
-1.130777183526343492e+02
-1.130790266057505278e+02
-1.130803287081230906e+02
-1.130816246886629415e+02
-1.130829145761682071e+02
-1.130841983992808650e+02
-1.130854761865184059e+02
-1.130867479662572919e+02
-1.130880137667476220e+02
-1.130892736161048902e+02
-1.130905275423073135e+02
-1.130917755732149317e+02
-1.130930177365291911e+02
-1.130942540598574624e+02
-1.130954845706530136e+02
-1.130967092962380320e+02
-1.130979282638224959e+02
-1.130991415004806413e+02
-1.131003490331548846e+02
-1.131015508886670204e+02
-1.131027470937138446e+02
-1.131039376748512382e+02
-1.131051226585424843e+02
-1.131063020710849401e+02
-1.131074759386861501e+02
-1.131086442874212707e+02
-1.131098071432271013e+02
-1.131109645319405104e+02
-1.131121164792581339e+02
-1.131132630107796899e+02
-1.131144041519515326e+02
-1.131155399281349219e+02
-1.131166703645483835e+02
-1.131177954862891397e+02
-1.131189153183663052e+02
-1.131200298856372797e+02
-1.131211392128597026e+02
-1.131222433246704782e+02
-1.131233422455879918e+02
-1.131244360000350184e+02
-1.131255246122884159e+02
-1.131266081065209050e+02
-1.131276865068194297e+02
-1.131287598371126251e+02
-1.131298281212513075e+02
-1.131308913829528819e+02
-1.131319496458419849e+02
-1.131330029334150709e+02
-1.131340512690653668e+02
-1.131350946760785519e+02
-1.131361331776313364e+02
-1.131371667967744088e+02
-1.131381955564875170e+02
-1.131392194795978980e+02
-1.131402385888506501e+02
-1.131412529068862796e+02
-1.131422624562322312e+02
-1.131432672592980566e+02
-1.131442673384146360e+02
-1.131452627157778466e+02
-1.131462534135083615e+02
-1.131472394536050388e+02
-1.131482208579600979e+02
-1.131491976483766848e+02
-1.131501698465444861e+02
-1.131511374740572933e+02
-1.131521005524113548e+02
-1.131530591029827519e+02
-1.131540131470671895e+02
-1.131549627058516307e+02
-1.131559078004287926e+02
-1.131568484517827073e+02
-1.131577846808108916e+02
-1.131587165082958677e+02
-1.131596439549413731e+02
-1.131605670413483722e+02
-1.131614857880001637e+02
-1.131624002153180868e+02
-1.131633103436022338e+02
-1.131642161930706152e+02
-1.131651177838358535e+02
-1.131660151359231463e+02
-1.131669082692633879e+02
-1.131677972036953292e+02
-1.131686819589385777e+02
-1.131695625546866495e+02
-1.131704390104496269e+02
-1.131713113457155373e+02
-1.131721795798616199e+02
-1.131730437321555200e+02
-1.131739038217987172e+02
-1.131747598678938402e+02
-1.131756118899807575e+02
-1.131764599059543457e+02
-1.131773039351345460e+02
-1.131781439962781519e+02
-1.131789801080388429e+02
-1.131798122889762226e+02
-1.131806405575850363e+02
-1.131814649322448645e+02
-1.131822854312648019e+02
-1.131831020728734529e+02
-1.131839148751998323e+02
-1.131847238562938287e+02
-1.131855290341267732e+02
-1.131863304265831403e+02
-1.131871280514588420e+02
-1.131879219264819199e+02
-1.131887120692759368e+02
-1.131894984973905594e+02
-1.131902812283030357e+02
-1.131910602793759040e+02
-1.131918356679323097e+02
-1.131926074111734124e+02
-1.131933755262376167e+02
-1.131941400301831209e+02
-1.131949009399831425e+02
-1.131956582725268845e+02
-1.131964120446472748e+02
-1.131971622730562785e+02
-1.131979089744414750e+02
-1.131986521653658997e+02
-1.131993918623493300e+02
-1.132001280818128635e+02
-1.132008608401120000e+02
-1.132015901535254443e+02
-1.132023160382436231e+02
-1.132030385103914796e+02
-1.132037575860211405e+02
-1.132044732810968526e+02
-1.132051856115195960e+02
-1.132058945931034941e+02
-1.132066002415945718e+02
-1.132073025726641617e+02
-1.132080016019072559e+02
-1.132086973448476783e+02
-1.132093898169252952e+02
-1.132100790335360898e+02
-1.132107650099694638e+02
-1.132114477614567818e+02
-1.132121273031695523e+02
-1.132128036501824795e+02
-1.132134768175363888e+02
-1.132141468201583621e+02
-1.132148136729393855e+02
-1.132154773906945593e+02
-1.132161379881501375e+02
-1.132167954799915606e+02
-1.132174498808107046e+02
-1.132181012051528342e+02
-1.132187494674653294e+02
-1.132193946821722079e+02
-1.132200368635731138e+02
-1.132206760259495013e+02
-1.132213121834916478e+02
-1.132219453503208797e+02
-1.132225755405074210e+02
-1.132232027680279316e+02
-1.132238270468214978e+02
-1.132244483907625749e+02
-1.132250668136232434e+02
-1.132256823291535852e+02
-1.132262949510133581e+02
-1.132269046928145144e+02
-1.132275115680869249e+02
-1.132281155903160084e+02
-1.132287167729114685e+02
-1.132293151292253697e+02
-1.132299106725468505e+02
-1.132305034160989408e+02
-1.132310933730482247e+02
-1.132316805564963147e+02
-1.132322649794833751e+02
-1.132328466549869859e+02
-1.132334255959299867e+02
-1.132340018151629124e+02
-1.132345753254787724e+02
-1.132351461396232821e+02
-1.132357142702669535e+02
-1.132362797300222610e+02
-1.132368425314531351e+02
-1.132374026870509738e+02
-1.132379602092566415e+02
-1.132385151104459169e+02
-1.132390674029497859e+02
-1.132396170990228939e+02
-1.132401642108822557e+02
-1.132407087506632593e+02
-1.132412507304738369e+02
-1.132417901623359739e+02
-1.132423270582436885e+02
-1.132428614301023799e+02
-1.132433932897987461e+02
-1.132439226491240447e+02
-1.132444495198531058e+02
-1.132449739136703215e+02
-1.132454958422325149e+02
-1.132460153171180650e+02
-1.132465323498801695e+02
-1.132470469519848848e+02
-1.132475591348647299e+02
-1.132480689098886728e+02
-1.132485762883840152e+02
-1.132490812816118932e+02
-1.132495839007992799e+02
-1.132500841570826537e+02
-1.132505820615941730e+02
-1.132510776253733980e+02
-1.132515708594344233e+02
-1.132520617747230176e+02
-1.132525503821550501e+02
-1.132530366925620342e+02
-1.132535207167535418e+02
-1.132540024654766739e+02
-1.132544819494336821e+02
-1.132549591792595152e+02
-1.132554341655684311e+02
-1.132559069189025536e+02
-1.132563774497468785e+02
-1.132568457685724184e+02
-1.132573118857616805e+02
-1.132577758116719906e+02
-1.132582375566089468e+02
-1.132586971308170405e+02
-1.132591545445077372e+02
-1.132596098078383875e+02
-1.132600629309074520e+02
-1.132605139237983281e+02
-1.132609627965100572e+02
-1.132614095590047896e+02
-1.132618542212200623e+02
-1.132622967930192317e+02
-1.132627372842255227e+02
-1.132631757046411849e+02
-1.132636120639759270e+02
-1.132640463719374111e+02
-1.132644786381600852e+02
-1.132649088722560009e+02
-1.132653370837597890e+02
-1.132657632821978382e+02
-1.132661874770285522e+02
-1.132666096776658264e+02
-1.132670298934934863e+02
-1.132674481338343071e+02
-1.132678644079845753e+02
-1.132682787251832224e+02
-1.132686910946320609e+02
-1.132691015254850413e+02
-1.132695100268525721e+02
-1.132699166078244843e+02
-1.132703212774068788e+02
-1.132707240445867001e+02
-1.132711249183302016e+02
-1.132715239075135401e+02
-1.132719210210076426e+02
-1.132723162676333573e+02
-1.132727096561622488e+02
-1.132731011953308666e+02
-1.132734908938392095e+02
-1.132738787603287847e+02
-1.132742648034265471e+02
-1.132746490316961854e+02
-1.132750314536683049e+02
-1.132754120778431570e+02
-1.132757909126649452e+02
-1.132761679665544534e+02
-1.132765432478678349e+02
-1.132769167649595943e+02
-1.132772885261115903e+02
-1.132776585395781694e+02
-1.132780268135819597e+02
-1.132783933562948846e+02
-1.132787581758562396e+02
-1.132791212803721805e+02
-1.132794826779057189e+02
-1.132798423764696736e+02
-1.132802003840631073e+02
-1.132805567086391534e+02
-1.132809113580917710e+02
-1.132812643403167385e+02
-1.132816156631453737e+02
-1.132819653343685218e+02
-1.132823133617692406e+02
-1.132826597530546451e+02
-1.132830045159378187e+02
-1.132833476580604497e+02
-1.132836891870464342e+02
-1.132840291104768085e+02
-1.132843674359094734e+02
-1.132847041708399161e+02
-1.132850393227612358e+02
-1.132853728991095181e+02
-1.132857049072820246e+02
-1.132860353546723218e+02
-1.132863642486047411e+02
-1.132866915963806491e+02
-1.132870174052748098e+02
-1.132873416825098047e+02
-1.132876644353067945e+02
-1.132879856708231614e+02
-1.132883053961772362e+02
-1.132886236184905329e+02
-1.132889403448211283e+02
-1.132892555821977112e+02
-1.132895693376265740e+02
-1.132898816180718882e+02
-1.132901924304641739e+02
-1.132905017817135445e+02
-1.132908096786813417e+02
-1.132911161282110015e+02
-1.132914211371003148e+02
-1.132917247121261539e+02
-1.132920268600290683e+02
-1.132923275875241416e+02
-1.132926269012638727e+02
-1.132929248079321383e+02
-1.132932213141237980e+02
-1.132935164264159766e+02
-1.132938101513762490e+02
-1.132941024955176204e+02
-1.132943934653306997e+02
-1.132946830672876786e+02
-1.132949713078060086e+02
-1.132952581932913176e+02
-1.132955437301178563e+02
-1.132958279246187203e+02
-1.132961107831129084e+02
-1.132963923118684306e+02
-1.132966725171515918e+02
-1.132969514051725355e+02
-1.132972289821311733e+02
-1.132975052541924015e+02
-1.132977802274789951e+02
-1.132980539081103757e+02
-1.132983263021538960e+02
-1.132985974156701445e+02
-1.132988672546624116e+02
-1.132991358251317706e+02
-1.132994031330468374e+02
-1.132996691843322878e+02
-1.132999339849000080e+02
-1.133001975406328938e+02
-1.133004598573805879e+02
-1.133007209409644815e+02
-1.133009807971881742e+02
-1.133012394318188285e+02
-1.133014968505997899e+02
-1.133017530592445610e+02
-1.133020080634449300e+02
-1.133022618688667080e+02
-1.133025144811328460e+02
-1.133027659058711265e+02
-1.133030161486490215e+02
-1.133032652150219519e+02
-1.133035131105389723e+02
-1.133037598406834263e+02
-1.133040054109506514e+02
-1.133042498267774363e+02
-1.133044930936061405e+02
-1.133047352168214843e+02
-1.133049762018193860e+02
-1.133052160539339184e+02
-1.133054547785042132e+02
-1.133056923808188685e+02
-1.133059288661639812e+02
-1.133061642397838682e+02
-1.133063985069063051e+02
-1.133066316727338858e+02
-1.133068637424482858e+02
-1.133070947211921862e+02
-1.133073246141099162e+02
-1.133075534262884503e+02
-1.133077811628157292e+02
-1.133080078287524088e+02
-1.133082334291310644e+02
-1.133084579689555085e+02
-1.133086814532201174e+02
-1.133089038868760667e+02
-1.133091252748631064e+02
-1.133093456221158135e+02
-1.133095649335024859e+02
-1.133097832139096681e+02
-1.133100004681730297e+02
-1.133102167011224424e+02
-1.133104319175555474e+02
-1.133106461222631651e+02
-1.133108593199825123e+02
-1.133110715154590480e+02
-1.133112827134116856e+02
-1.133114929185094297e+02
-1.133117021354330518e+02
-1.133119103688307518e+02
-1.133121176233194092e+02
-1.133123239035043071e+02
-1.133125292139601470e+02
-1.133127335592556051e+02
-1.133129369439224661e+02
-1.133131393724708005e+02
-1.133133408494081209e+02
-1.133135413792001600e+02
-1.133137409663000881e+02
-1.133139396151419191e+02
-1.133141373301324393e+02
-1.133143341156632005e+02
-1.133145299761102933e+02
-1.133147249158138834e+02
-1.133149189391018012e+02
-1.133151120503029006e+02
-1.133153042536665112e+02
-1.133154955534931219e+02
-1.133156859540163737e+02
-1.133158754594774678e+02
-1.133160640740576923e+02
-1.133162518019717027e+02
-1.133164386473683294e+02
-1.133166246144185152e+02
-1.133168097072311298e+02
-1.133169939299224325e+02
-1.133171772865819094e+02
-1.133173597812864273e+02
-1.133175414180826124e+02
-1.133177222010125433e+02
-1.133179021340714598e+02
-1.133180812212713136e+02
-1.133182594665846068e+02
-1.133184368739709384e+02
-1.133186134473608604e+02
-1.133187891906857203e+02
-1.133189641078376440e+02
-1.133191382027104623e+02
-1.133193114791625931e+02
-1.133194839410425061e+02
-1.133196555921878144e+02
-1.133198264363918497e+02
-1.133199964774730688e+02
-1.133201657191846721e+02
-1.133203341652904896e+02
-1.133205018195409934e+02
-1.133206686856458987e+02
-1.133208347673182743e+02
-1.133210000682391296e+02
-1.133211645920892465e+02
-1.133213283425083091e+02
-1.133214913231494165e+02
-1.133216535376109846e+02
-1.133218149895085958e+02
-1.133219756824240108e+02
-1.133221356199279626e+02
-1.133222948055563393e+02
-1.133224532428709495e+02
-1.133226109353678339e+02
-1.133227678865508210e+02
-1.133229240999177136e+02
-1.133230795789314698e+02
-1.133232343270252045e+02
-1.133233883476671622e+02
-1.133235416442528845e+02
-1.133236942201979787e+02
-1.133238460788855946e+02
-1.133239972236880817e+02
-1.133241476579639198e+02
-1.133242973850512954e+02
-1.133244464082755485e+02
-1.133245947309426924e+02
-1.133247423563531129e+02
-1.133248892877738285e+02
-1.133250355284807824e+02
-1.133251810817115484e+02
-1.133253259506944346e+02
-1.133254701386596253e+02
-1.133256136488000720e+02
-1.133257564842951410e+02
-1.133258986483335775e+02
-1.133260401440584815e+02
-1.133261809746130098e+02
-1.133263211431330433e+02
-1.133264606527169462e+02
-1.133265995064820686e+02
-1.133267377074929527e+02
-1.133268752588199391e+02
-1.133270121635291616e+02
-1.133271484246531600e+02
-1.133272840452149239e+02
-1.133274190282269274e+02
-1.133275533767005072e+02
-1.133276870935895317e+02
-1.133278201818903312e+02
-1.133279526445396641e+02
-1.133280844844949229e+02
-1.133282157046668317e+02
-1.133283463079829971e+02
-1.133284762973350439e+02
-1.133286056756115840e+02
-1.133287344456828123e+02
-1.133288626104122159e+02
-1.133289901726463995e+02
-1.133291171352078663e+02
-1.133292435009313408e+02
-1.133293692726097106e+02
-1.133294944530397856e+02
-1.133296190450013796e+02
-1.133297430512638471e+02
-1.133298664745739757e+02
-1.133299893176743467e+02
-1.133301115833018571e+02
-1.133302332741499185e+02
-1.133303543929498574e+02
-1.133304749423625140e+02
-1.133305949250799358e+02
-1.133307143437628497e+02
-1.133308332010684012e+02
-1.133309514996287817e+02
-1.133310692420682244e+02
-1.133311864310069268e+02
-1.133313030690466121e+02
-1.133314191587747359e+02
-1.133315347027677831e+02
-1.133316497035982024e+02
-1.133317641638050191e+02
-1.133318780859507910e+02
-1.133319914725523176e+02
-1.133321043261180989e+02
-1.133322166491726080e+02
-1.133323284441984242e+02
-1.133324397136824473e+02
-1.133325504600947511e+02
-1.133326606858846617e+02
-1.133327703935188993e+02
-1.133328795854130249e+02
-1.133329882640067581e+02
-1.133330964317101461e+02
-1.133332040909165812e+02
-1.133333112440237187e+02
-1.133334178934018155e+02
-1.133335240414390910e+02
-1.133336296904734581e+02
-1.133337348428572113e+02
-1.133338395009191686e+02
-1.133339436669966176e+02
-1.133340473433892157e+02
-1.133341505324077616e+02
-1.133342532363321311e+02
-1.133343554574591394e+02
-1.133344571980433102e+02
-1.133345584603559928e+02
-1.133346592466351126e+02
-1.133347595591254731e+02
-1.133348594000473781e+02
-1.133349587716257361e+02
-1.133350576760624335e+02
-1.133351561155577087e+02
-1.133352540922875846e+02
-1.133353516084362695e+02
-1.133354486661684746e+02
-1.133355452676357231e+02
-1.133356414149882312e+02
-1.133357371103463720e+02
-1.133358323558630332e+02
-1.133359271536186839e+02
-1.133360215057389837e+02
-1.133361154143287308e+02
-1.133362088814329240e+02
-1.133363019091800652e+02
-1.133363944995911652e+02
-1.133364866547479437e+02
-1.133365783766818140e+02
-1.133366696674436866e+02
-1.133367605290485471e+02
-1.133368509635200212e+02
-1.133369409728555866e+02
-1.133370305590767657e+02
-1.133371197241477830e+02
-1.133372084700609435e+02
-1.133372967987863262e+02
-1.133373847122760480e+02
-1.133374722124983691e+02
-1.133375593013854541e+02
-1.133376459808729351e+02
-1.133377322528806417e+02
-1.133378181193289720e+02
-1.133379035821303091e+02
-1.133379886431673640e+02
-1.133380733043477449e+02
-1.133381575675254567e+02
-1.133382414346045834e+02
-1.133383249074241235e+02
-1.133384079878325110e+02
-1.133384906776967114e+02
-1.133385729788325307e+02
-1.133386548930820936e+02
-1.133387364222540441e+02
-1.133388175681649273e+02
-1.133388983326075845e+02
-1.133389787173931040e+02
-1.133390587242818697e+02
-1.133391383550700766e+02
-1.133392176115175971e+02
-1.133392964953831665e+02
-1.133393750084237013e+02
-1.133394531523805426e+02
-1.133395309289786042e+02
-1.133396083399618419e+02
-1.133396853870472683e+02
-1.133397620719214842e+02
-1.133398383963158835e+02
-1.133399143619126335e+02
-1.133399899704009499e+02
-1.133400652234612380e+02
-1.133401401227486645e+02
-1.133402146699532977e+02
-1.133402888667119441e+02
-1.133403627146778376e+02
-1.133404362154826686e+02
-1.133405093707710876e+02
-1.133405821821561403e+02
-1.133406546512674709e+02
-1.133407267796987412e+02
-1.133407985690610644e+02
-1.133408700209488984e+02
-1.133409411369431723e+02
