0.000000000000000000e+00
-8.112679751757926119e-06
-2.570338016285592518e-05
-5.496200126728326179e-05
-9.782073031227168491e-05
-1.554383976597168262e-04
-2.281580117528196985e-04
-3.156469639608561173e-04
-4.170787433913227091e-04
-5.313282137047544871e-04
-6.571709482475302996e-04
-7.934630230836729964e-04
-9.392746801833542266e-04
-1.093962603555142903e-03
-1.257180415792849473e-03
-1.428838307644529192e-03
-1.609028928984730699e-03
-1.797938544503825068e-03
-1.995760980826260557e-03
-2.202627979388413221e-03
-2.418564232753187167e-03
-2.643469717320370491e-03
-2.877126934566191178e-03
-3.119227044651661299e-03
-3.369406951233569914e-03
-3.627289158300201627e-03
-3.892517369864931069e-03
-4.164782876453910002e-03
-4.443839245082808857e-03
-4.729505217710355119e-03
-5.021657653137339035e-03
-5.320217594467626515e-03
-5.625133040365941535e-03
-5.936361811644769865e-03
-6.253857201740475706e-03
-6.577558096901133661e-03
-6.907384176531643390e-03
-7.243235841703368240e-03
-7.584997810347723392e-03
-7.932544924537597228e-03
-8.285748641146568894e-03
-8.644482870645961783e-03
-9.008628204878679421e-03
-9.378074034677764265e-03
-9.752718512945453971e-03
-1.013246668652558261e-02
-1.051722736911718005e-02
-1.090690943147587175e-02
-1.130141816179376126e-02
-1.170065223031322224e-02
-1.210450163115079671e-02
-1.251284686728101024e-02
-1.292555997022109930e-02
-1.334251320884426509e-02
-1.376342436059302052e-02
