-2.500161117645351535e-05
-1.000291609100464912e-04
-2.492422856919606451e-04
-2.492422856919606451e-04
-2.492422856919606451e-04
-2.492422856919606451e-04
-2.492422856919606451e-04
-2.492422856919606451e-04
-2.492422856919606451e-04
-2.492422856919606451e-04
-2.492422856919606451e-04
-2.492422856919606451e-04
-2.492422856919606451e-04
-2.492422856919606451e-04
-2.492422856919606451e-04
-2.492422856919606451e-04
-2.492422856919606451e-04
-2.492422856919606451e-04
-2.492422856919606451e-04
-2.492422856919606451e-04
-2.492422856919606451e-04
-2.492422856919606451e-04
-2.492422856919606451e-04
-2.492422856919606451e-04
-2.492422856919606451e-04
-2.492422856919606451e-04
-2.492422856919606451e-04
-2.492422856919606451e-04
-2.492422856919606451e-04
-2.492422856919606451e-04
-2.492422856919606451e-04
-2.492422856919606451e-04
-2.492422856919606451e-04
-2.492422856919606451e-04
-2.492422856919606451e-04
-2.492422856919606451e-04
-2.492422856919606451e-04
-2.492422856919606451e-04
-2.492422856919606451e-04
-2.492422856919606451e-04
-2.492422856919606451e-04
-2.492422856919606451e-04
-2.492422856919606451e-04
-2.492422856919606451e-04
-2.492422856919606451e-04
-2.492422856919606451e-04
-2.492422856919606451e-04
-2.492422856919606451e-04
-2.492422856919606451e-04
-2.492422856919606451e-04
-2.492422856919606451e-04
-2.492422856919606451e-04
-2.492422856919606451e-04
-2.492422856919606451e-04
-2.492422856919606451e-04
-2.492422856919606451e-04
-2.492422856919606451e-04
-2.492422856919606451e-04
-2.492422856919606451e-04
-2.492422856919606451e-04
-2.492422856919606451e-04
-2.492422856919606451e-04
-2.492422856919606451e-04
-2.492422856919606451e-04
-2.492422856919606451e-04
-2.492422856919606451e-04
-2.492422856919606451e-04
-2.492422856919606451e-04
-2.492422856919606451e-04
-2.492422856919606451e-04
-2.492422856919606451e-04
-2.492422856919606451e-04
-2.492422856919606451e-04
-2.492422856919606451e-04
-2.492422856919606451e-04
-2.492422856919606451e-04
-2.492422856919606451e-04
-2.492422856919606451e-04
-2.492422856919606451e-04
-2.492422856919606451e-04
-2.492422856919606451e-04
-2.492422856919606451e-04
-2.492422856919606451e-04
-2.492422856919606451e-04
-2.492422856919606451e-04
-2.492422856919606451e-04
-2.492422856919606451e-04
-2.492422856919606451e-04
-2.492422856919606451e-04
-2.492422856919606451e-04
-2.492422856919606451e-04
-2.492422856919606451e-04
-2.492422856919606451e-04
-2.492422856919606451e-04
-2.492422856919606451e-04
-2.492422856919606451e-04
-2.492422856919606451e-04
-2.492422856919606451e-04
-2.492422856919606451e-04
-2.492422856919606451e-04
