-6.799964943643261703e-07
-1.497823349361028836e-04
-1.666747628369788167e-02
1.305379464928339450e+00
-1.655762196974942313e+00
-1.047309469929365910e+00
9.657955548925809097e+00
5.875388928791696941e+00
-9.900580584918587945e+00
1.637145720735118175e+03
-1.621853925894186432e+03
2.310434942320846858e+03
-2.466043570786260261e+03
2.114466607157112776e+03
-1.844104496376442512e+03
3.387293081548407372e+03
-3.263435402879406411e+03
3.533625725985222289e+03
-2.524573769737826751e+03
4.098007425036428685e+03
-4.911337270238269411e+03
4.741875166271092894e+03
-3.529288449248776487e+03
3.683928922647474337e+03
-4.055308672669458701e+03
1.902946975299172209e+03
-1.959512353673327880e+03
1.808126334369867891e+03
-2.279958383958357899e+03
1.276540679714301405e+03
-6.250331734624699038e+02
9.635069124615580222e+03
-9.706330124904307013e+03
4.767572750384158280e+04
-5.740735059002162598e+04
5.795324119489402074e+04
-5.788057844271798240e+04
5.652041502829808451e+04
-5.688660579051305103e+04
5.665795817153975077e+04
-5.621959013521495217e+04
5.682810121105654252e+04
-5.686133339860037813e+04
5.652150447101872851e+04
-5.649606119046013191e+04
5.510457372369605582e+04
-5.446898142421451485e+04
4.716949901157675777e+04
-4.853988070578983024e+04
4.830145955080642307e+04
-4.856374075503672793e+04
4.835671563472888374e+04
-4.894150591977773001e+04
4.879641022053018241e+04
-4.885139447089700116e+04
4.870378705124735279e+04
-4.872938479905716667e+04
4.860438069564733451e+04
-4.859454346171102225e+04
4.849469083066022722e+04
-4.845433386932061694e+04
4.837835779162406106e+04
-4.830540646941476734e+04
4.825166746461771982e+04
-4.816261697649370035e+04
4.813310383409157657e+04
-4.802058331350716617e+04
4.801545222553107305e+04
-4.788013846775510319e+04
4.789936602025676257e+04
-4.773812657521873916e+04
4.777947402089680691e+04
-4.759436870979920059e+04
4.765295164078484231e+04
-4.743831528113189415e+04
4.749542406055673928e+04
-4.721306352573312324e+04
4.718410793058148556e+04
-4.691842253490738949e+04
4.723473930966806802e+04
-4.670777482084697112e+04
4.699280968166180537e+04
-4.662913567544064426e+04
4.691651762072800921e+04
-4.657262450105388416e+04
4.682530633118090191e+04
-4.650178565007600992e+04
4.673374134233561927e+04
-4.644645985596584796e+04
4.672384113887004060e+04
-4.642978250180494797e+04
4.668860513793215796e+04
-4.640098668287532928e+04
4.664848901036483585e+04
-4.621844076423642400e+04
4.650855776828114904e+04
-4.659081133678986225e+04
4.648557235920795210e+04
-4.693847173792312242e+04
4.484456082867360237e+04
-4.385795934445047169e+04
4.888850585884473549e+04
-4.956594522439243156e+04
4.894427029716352990e+04
-4.897893851156946039e+04
4.940102233136610448e+04
-4.938817690162242798e+04
5.029066141170129413e+04
-5.012939413504819095e+04
4.923031790009501856e+04
-4.935306866093489225e+04
4.963652571325431200e+04
-4.919013761258753220e+04
3.974435985182102013e+04
-3.958348415270506666e+04
3.753251443160312920e+04
-4.652183799897364952e+04
4.533160842678576591e+04
-4.529774907930153131e+04
4.662492836513861403e+04
-4.682100701040598506e+04
4.676159552106079354e+04
-4.722135839352582843e+04
4.102162994595485361e+04
-4.184262753321169293e+04
4.163510213508000743e+04
-4.168713254715243966e+04
4.148808681633542437e+04
-4.154547176042341016e+04
4.136032779870245577e+04
-4.140119645445869537e+04
4.124516712951609952e+04
-4.128621705344576185e+04
4.114402021469183092e+04
-4.122195563291849248e+04
4.106403285003359633e+04
-4.120085027229811385e+04
4.104712706528759009e+04
-4.121696273054847552e+04
4.109932052535183175e+04
-4.126167599806594808e+04
4.117369518853481713e+04
-4.131540467454409372e+04
4.124502852351674665e+04
-4.136609297548574978e+04
4.130692456702848722e+04
-4.140959908540580363e+04
4.135772813192971080e+04
-4.144328960070318135e+04
4.139742303468519094e+04
-4.146619609589455649e+04
4.142611256672865420e+04
-4.147856882677532849e+04
4.144379529570545128e+04
-4.148184900749613007e+04
4.145059112248544261e+04
-4.147823441799517605e+04
4.144761042314766382e+04
-4.146999238281336875e+04
4.143839646806455858e+04
-4.146113245477688906e+04
4.142834020872443216e+04
-4.146043003023952042e+04
4.139776573465688853e+04
-4.147366703628451069e+04
4.178256212420508382e+04
-6.059283320155458205e+04
1.195225034554478189e+05
-1.199651755513449898e+05
1.186459182610757125e+05
-1.159331316570985218e+05
1.141997207589403843e+05
-1.090626866110447154e+05
1.098390328783904552e+05
-1.318767435419767862e+05
1.316422632113289146e+05
-1.316841420913180045e+05
1.311926915081325860e+05
-1.312004021351765841e+05
1.309870322911735275e+05
-1.308864491260299401e+05
1.308463758169432840e+05
-1.306614199874969345e+05
1.316492074198412301e+05
-1.175717089275354083e+05
1.173217494718606467e+05
-1.176457060113696498e+05
1.168914643968984456e+05
-1.180422842024534912e+05
1.173241253126237425e+05
-1.184684913603038731e+05
1.178195702402862953e+05
-1.184834887269174797e+05
1.179645584830238804e+05
-1.184108747887601639e+05
1.179818263056469877e+05
-1.183174787653544481e+05
1.179965607868908992e+05
-1.181978504692451243e+05
1.180348890735454625e+05
