-8.180165764784057790e-04
-2.629339928744331076e-03
-5.795976674186519538e-03
-1.036763221974383066e-02
-1.559732975630749412e-02
-2.138437318682321828e-02
-2.551202429524642226e-02
-4.483043915530261075e-02
-1.651236783634323427e-02
-3.510333044244707407e-02
6.804946485531656632e-03
-1.233810940003827713e-03
2.413196328721788769e-02
-1.572952921437420493e-02
6.167298379004883778e-03
-1.722906217964107270e-02
9.274765029197410901e-03
-4.392268723504570336e-04
1.225237216784223759e-02
-4.223953986048159699e-03
5.197257413191647829e-03
-1.322113649765983660e-02
-1.772086944011367314e-03
-1.551269621058449372e-02
-2.541590143348844660e-04
