0.000000000000000000e+00
2.000000000000000042e-02
4.000000000000000083e-02
5.999999999999999778e-02
8.000000000000000167e-02
1.000000000000000056e-01
1.200000000000000094e-01
1.400000000000000133e-01
1.600000000000000033e-01
1.799999999999999933e-01
1.999999999999999833e-01
2.199999999999999734e-01
2.399999999999999634e-01
2.599999999999999534e-01
2.799999999999999711e-01
2.999999999999999889e-01
3.200000000000000067e-01
3.400000000000000244e-01
3.600000000000000422e-01
3.800000000000000600e-01
4.000000000000000777e-01
4.200000000000000955e-01
4.400000000000001132e-01
4.600000000000001310e-01
4.800000000000001488e-01
