9.999999999999953371e-01
9.999999999999953371e-01
9.999999999999953371e-01
9.999999999999953371e-01
9.999999999999953371e-01
9.999999999999953371e-01
9.999999999999953371e-01
9.999999999999953371e-01
9.999999999999953371e-01
9.999999999999953371e-01
9.999999999999953371e-01
9.999999999999953371e-01
9.999999999999953371e-01
9.999999999999953371e-01
9.999999999999953371e-01
9.999999999999953371e-01
9.999999999999953371e-01
9.999999999999953371e-01
9.999999999999953371e-01
9.999999999999953371e-01
9.999999999999953371e-01
9.999999999999953371e-01
