0.000000000000000000e+00
-1.370907758092341057e-03
-3.950284254598659082e-03
-7.655865714933524253e-03
-1.230235009894729836e-02
-1.766680799744097322e-02
-2.353580519696488876e-02
-2.971999556208496096e-02
-3.605232024518761902e-02
-4.238312092218322197e-02
-4.857835799788053771e-02
-5.452102747068570537e-02
-6.011344638857329947e-02
-6.527853572006482585e-02
-6.995953342041529022e-02
-7.411845746057431350e-02
-7.773388838973542547e-02
-8.079852904289754056e-02
-8.331681174656427324e-02
-8.530268922499878448e-02
-8.677767602890676391e-02
-8.776917001334595680e-02
