0.000000000000000000e+00
-2.300141064784585122e-06
-2.232521376882765887e-05
-8.827725828534984949e-05
-2.341556129957676410e-04
-4.908155801321332189e-04
-8.802818225885327818e-04
-1.413857452272057613e-03
-2.091898139883397855e-03
-2.904034909393296126e-03
-3.830013652086605800e-03
-4.841532350604524533e-03
-5.904943083103191166e-03
-6.984282276167401091e-03
-8.044083778089931511e-03
-9.051650898889998520e-03
-9.978687154501413373e-03
-1.080231438125804633e-02
-1.150555703541264289e-02
-1.207738659107007728e-02
-1.251242536743260407e-02
-1.281040851860347843e-02
