9.999999999999953371e-01
9.891655864800418252e-01
9.688333259594480440e-01
9.400378762169258051e-01
9.042560330070806840e-01
8.631226975282381142e-01
8.182040385529727455e-01
7.709192952279907418e-01
7.225439246794873593e-01
6.742272839935066209e-01
6.269943270454556572e-01
5.817327122389185368e-01
5.391783546772085378e-01
4.999090689855085756e-01
4.643486674377482193e-01
4.327791678643138629e-01
4.053575427936653153e-01
3.821340906740667842e-01
3.630705632713675524e-01
3.480569863006131581e-01
3.369265823296640483e-01
3.294685305126221486e-01
