-5.000849289101753740e-05
-1.499886384197818170e-04
-2.995549048156638527e-04
-4.972275653177876328e-04
-7.396497584457736255e-04
-1.022245916385050492e-03
-1.343117718207193813e-03
-1.709777683794640700e-03
-2.144070687533022792e-03
-2.678607715479099094e-03
-3.342993671627336478e-03
-4.148225451265545941e-03
-5.082645260612025234e-03
-6.124722040877646732e-03
-7.261924020577634545e-03
-8.496970649558592201e-03
-9.835525933811550131e-03
-1.127165895389456440e-02
-1.278959492643022729e-02
-1.437764287542188900e-02
-1.603550798945638928e-02
-1.776937308430649731e-02
-1.958403234156614811e-02
-2.147739919014139340e-02
-2.343881393791881484e-02
-2.545403128990046671e-02
-2.750913808185462620e-02
-2.958438210371944210e-02
-3.165347807591258750e-02
-3.369772022122573957e-02
-3.571445003325125073e-02
-3.771820196709411294e-02
-3.973606432441934705e-02
-4.178822142526032041e-02
-4.387794053403170497e-02
-4.599750913210900322e-02
-4.813987607638054583e-02
-5.030935321719145342e-02
-5.251846724357710910e-02
-5.478169326588274574e-02
-5.710240258122615403e-02
-5.947290154912859145e-02
-6.187425931631067300e-02
-6.430366399923337362e-02
-6.675344247051766267e-02
-6.927443283528159079e-02
-7.182256592628388780e-02
-7.465335578727545773e-02
-7.719282271462997447e-02
-8.142823351357714179e-02
-8.066926897293336118e-02
-1.082839589213565323e-01
-7.577664242646690862e-02
-4.786672844859681669e-02
-7.762477418123557571e-02
-1.030316155037565018e-01
-7.697153188026849280e-02
-4.279741430560417975e-02
-3.461152397353629839e-02
-5.519130013705381838e-02
