0.000000000000000000e+00
5.000000000000000104e-03
1.000000000000000021e-02
1.499999999999999944e-02
2.000000000000000042e-02
2.500000000000000139e-02
3.000000000000000236e-02
3.500000000000000333e-02
4.000000000000000083e-02
4.499999999999999833e-02
4.999999999999999584e-02
5.499999999999999334e-02
5.999999999999999084e-02
6.499999999999998834e-02
6.999999999999999278e-02
7.499999999999999722e-02
8.000000000000000167e-02
8.500000000000000611e-02
9.000000000000001055e-02
9.500000000000001499e-02
1.000000000000000194e-01
1.050000000000000239e-01
1.100000000000000283e-01
1.150000000000000328e-01
1.200000000000000372e-01
1.250000000000000278e-01
1.300000000000000322e-01
1.350000000000000366e-01
1.400000000000000411e-01
1.450000000000000455e-01
1.500000000000000500e-01
1.550000000000000544e-01
1.600000000000000588e-01
1.650000000000000633e-01
1.700000000000000677e-01
1.750000000000000722e-01
1.800000000000000766e-01
1.850000000000000810e-01
1.900000000000000855e-01
1.950000000000000899e-01
2.000000000000000944e-01
2.050000000000000988e-01
2.100000000000001033e-01
2.150000000000001077e-01
2.200000000000001121e-01
2.250000000000001166e-01
2.300000000000001210e-01
2.350000000000001255e-01
2.400000000000001299e-01
2.450000000000001343e-01
2.500000000000001110e-01
2.550000000000001155e-01
2.600000000000001199e-01
2.650000000000001243e-01
2.700000000000001288e-01
2.750000000000001332e-01
2.800000000000001377e-01
2.850000000000001421e-01
2.900000000000001465e-01
2.950000000000001510e-01
