-8.000047507299062050e-06
-2.400095841841055685e-05
-4.800718981656229220e-05
-8.003134080347339369e-05
-1.200927298419307077e-04
-1.681967634546439460e-04
-2.242887405935781403e-04
-2.881965719431825966e-04
-3.595962308440321534e-04
-4.380331234466263465e-04
-5.230089320195769036e-04
-6.141120499062996787e-04
-7.111501288760549216e-04
-8.142447184276101462e-04
-9.238657171773688752e-04
-1.040805457001961780e-03
-1.166108489184102415e-03
-1.300979504822573352e-03
-1.446689793859649159e-03
-1.604496198011174475e-03
-1.775579361657759082e-03
-1.961002437845697517e-03
-2.161687950998856730e-03
-2.378408985609740782e-03
-2.611790629585832371e-03
-2.862318040686701384e-03
-3.130348195630113916e-03
-3.416123093665821703e-03
-3.719782836423831274e-03
-4.041377588842294012e-03
-4.380877957944028823e-03
-4.738183807035100184e-03
-5.113131924039978141e-03
-5.505503235166037818e-03
-5.915030350365522126e-03
-6.341406120527707559e-03
-6.784293593374936260e-03
-7.243337333957754545e-03
-7.718175616369833507e-03
-8.208452596015172742e-03
-8.713829322741322575e-03
-9.233992407055155102e-03
-9.768659313861630111e-03
-1.031757959761794852e-02
-1.088053184529302886e-02
-1.145731657966122738e-02
-1.204774581783365182e-02
-1.265163031707216765e-02
-1.326876573453525214e-02
-1.389891896912532135e-02
-1.454181585499862706e-02
-1.519713116801419024e-02
-1.586448162852643201e-02
-1.654342227817161975e-02
-1.723344631251629358e-02
-1.793398819457219656e-02
-1.864442967490653399e-02
-1.936410821021832679e-02
-2.009232720209334910e-02
-2.082836746269876513e-02
-2.157149934121508142e-02
-2.232099499920859806e-02
-2.307614039117868512e-02
-2.383624657705065569e-02
-2.460066005917971657e-02
-2.536877189369933505e-02
-2.614002537563731715e-02
-2.691392214131600735e-02
-2.769002657429995781e-02
-2.846796844685318267e-02
-2.924744377990751154e-02
-3.002821396220995906e-02
-3.081010323214927737e-02
-3.159299469041888797e-02
-3.237682507374053248e-02
-3.316157857289129401e-02
-3.394728001844374288e-02
-3.473398777886929634e-02
-3.552178671685349981e-02
-3.631078152930097835e-02
-3.710109075607938289e-02
-3.789284168574931499e-02
-3.868616631759558278e-02
-3.948119846375158087e-02
-4.027807199921365489e-02
-4.107692019569818970e-02
-4.187787601300854007e-02
-4.268107317154447994e-02
-4.348664779400385899e-02
-4.429474038451874929e-02
-4.510549790821799521e-02
-4.591907574306457879e-02
-4.673563929633091363e-02
-4.755536510791145977e-02
-4.837844129960577888e-02
-4.920506727094788035e-02
-5.003545258554838171e-02
-5.086981503557714418e-02
-5.170837791400309524e-02
-5.255136656279360552e-02
-5.339900429942127935e-02
-5.425150785240773904e-02
-5.510908245877643025e-02
-5.597191679102182793e-02
-5.684017788818314376e-02
-5.771400626544564288e-02
-5.859351136838850810e-02
-5.947876752290821856e-02
-6.036981051023736916e-02
-6.126663486988605939e-02
-6.216919200264713757e-02
-6.307738911311916441e-02
-6.399108899753422341e-02
-6.491011065018031934e-02
-6.583423063196110203e-02
-6.676318511869816508e-02
-6.769667252586397677e-02
-6.863435659169193903e-02
-6.957586979198042421e-02
-7.052081695778758541e-02
-7.146877897120786083e-02
-7.241931642404074443e-02
-7.337197313846870184e-02
-7.432627946668100838e-02
-7.528175530710215502e-02
-7.623791279666347620e-02
-7.719425866055629193e-02
-7.815029622191534131e-02
-7.910552709319103315e-02
-8.005945258723945468e-02
-8.101157489892223118e-02
-8.196139811754901694e-02
-8.290842913510275414e-02
-8.385217851652734811e-02
-8.479216139525827534e-02
-8.572789845048042756e-02
-8.665891701346283005e-02
-8.758475233788823311e-02
-8.850494905561304138e-02
-8.941906282464824607e-02
-9.032666216095076861e-02
-9.122733043187407354e-02
-9.212066797561449527e-02
-9.300629430026632893e-02
-9.388385030729921865e-02
-9.475300047835051587e-02
-9.561343496131918807e-02
-9.646487149177078446e-02
-9.730705708902645523e-02
-9.813976947163149944e-02
-9.896281814544927169e-02
-9.977604512740087528e-02
-1.005793252794585230e-01
-1.013725662397324534e-01
-1.021557079497184273e-01
-1.029287217893524869e-01
-1.036916093420900548e-01
-1.044444008229955118e-01
-1.051871532100081691e-01
-1.059199481258518011e-01
-1.066428895210659589e-01
-1.073561012115956254e-01
-1.080597243232134241e-01
-1.087539146933077377e-01
-1.094388402764499973e-01
-1.101146785945560230e-01
-1.107816142660874165e-01
-1.114398366409048158e-01
-1.120895375605622385e-01
-1.127309092555572045e-01
-1.133641423843606000e-01
-1.139894242120344653e-01
-1.146069369219394340e-01
-1.152168560486084431e-01
-1.158193490179458968e-01
-1.164145737793005342e-01
-1.170026775133500424e-01
-1.175837954016425713e-01
-1.181580494456426905e-01
-1.187255473263042621e-01
-1.192863812993560924e-01
-1.198406271256553524e-01
-1.203883430404621563e-01
-1.209295687699209892e-01
-1.214643246072769495e-01
-1.219926105640304348e-01
-1.225144056145964083e-01
-1.230296670543425258e-01
-1.235383299915570193e-01
-1.240403069934873093e-01
-1.245354879053957725e-01
-1.250237398590528237e-01
-1.255049074838334722e-01
-1.259788133300059065e-01
-1.264452585090422021e-01
-1.269040235511731396e-01
-1.273548694760444910e-01
-1.277975390667905331e-01
-1.282317583341676115e-01
-1.286572381529357545e-01
-1.290736760495812541e-01
-1.294807581174146627e-01
-1.298781610337639003e-01
-1.302655541522462213e-01
-1.306426016433869519e-01
-1.310089646568285138e-01
-1.313643034801919018e-01
-1.317082796710154491e-01
-1.320405581407085582e-01
-1.323608091720457625e-01
-1.326687103547530833e-01
-1.329639484267556571e-01
-1.332462210114160606e-01
-1.335152382437459206e-01
-1.337707242817798847e-01
-1.340124187003321754e-01
-1.342400777670346990e-01
-1.344534756011857568e-01
-1.346524052171885755e-01
-1.348366794541438207e-01
-1.350061317938712757e-01
-1.351606170687709163e-01
-1.353000120602954603e-01
-1.354242159883128904e-01
-1.355331508903858673e-01
-1.356267618895622695e-01
-1.357050173478806798e-01
-1.357679089028477615e-01
-1.358154513828288834e-01
-1.358476825986069392e-01
-1.358646630068044703e-01
-1.358664752429662170e-01
-1.358532235218017636e-01
-1.358250329042063886e-01
-1.357820484312366183e-01
-1.357244341276561683e-01
-1.356523718788751331e-01
-1.355660601872640258e-01
-1.354657128158970325e-01
-1.353515573294209740e-01
-1.352238335435585748e-01
-1.350827918961683416e-01
-1.349286917544668396e-01
-1.347617996737961454e-01
-1.345823876239462535e-01
-1.343907311998178422e-01
-1.341871078325720945e-01
-1.339717950182107431e-01
-1.337450685786145399e-01
-1.335072009705887686e-01
-1.332584596563557711e-01
-1.329991055479991802e-01
-1.327293915374038458e-01
-1.324495611209741408e-01
-1.321598471275215736e-01
-1.318604705560293133e-01
-1.315516395284337670e-01
-1.312335483613637221e-01
-1.309063767598240280e-01
-1.305702891340608796e-01
-1.302254340407192901e-01
-1.298719437479100569e-01
-1.295099339237870406e-01
-1.291395034474472625e-01
-1.287607343404822413e-01
-1.283736918172851404e-01
-1.279784244523907710e-01
-1.275749644620557399e-01
-1.271633280979637959e-01
-1.267435161499984586e-01
-1.263155145553732928e-01
-1.258792951105078550e-01
-1.254348162820195789e-01
-1.249820241124178083e-01
-1.245208532159656212e-01
-1.240512278589459699e-01
-1.235730631183754036e-01
-1.230862661122579388e-01
-1.225907372938326717e-01
-1.220863718012299703e-01
-1.215730608538301144e-01
-1.210506931852140117e-01
-1.205191565026702549e-01
-1.199783389622557650e-01
-1.194281306484316907e-01
-1.188684250467908210e-01
-1.182991204984294581e-01
-1.177201216246205051e-01
-1.171313407104986187e-01
-1.165326990371751970e-01
-1.159241281519630268e-01
-1.153055710669421419e-01
-1.146769833771501129e-01
-1.140383342905271630e-01
-1.133896075621496496e-01
-1.127308023271053200e-01
-1.120619338266674175e-01
-1.113830340238240457e-01
-1.106941521051077459e-01
-1.099953548665691810e-01
-1.092867269829412014e-01
-1.085683711598104811e-01
-1.078404081693722094e-01
-1.071029767711750569e-01
-1.063562335199952635e-01
-1.056003524638008673e-01
-1.048355247349178343e-01
-1.040619580385285098e-01
-1.032798760427773438e-01
-1.024895176754992282e-01
-1.016911363324918272e-01
-1.008849990032971294e-01
-1.000713853202975512e-01
-9.925058653752279192e-02
-9.842290444571386021e-02
-9.758865023080300072e-02
-9.674814328285012699e-02
-9.590170996325540764e-02
-9.504968233779444164e-02
-9.419239688381519926e-02
-9.333019317974605711e-02
-9.246341258537603414e-02
-9.159239692165646596e-02
-9.071748715860525336e-02
-8.983902212012008504e-02
-8.895733721422284523e-02
-8.807276319747939231e-02
-8.718562498192032606e-02
-8.629624049248506290e-02
-8.540491958274354367e-02
-8.451196301638380648e-02
-8.361766152118486894e-02
-8.272229492169770604e-02
-8.182613135638640289e-02
-8.092942658411168833e-02
-8.003242338425906044e-02
-7.913535105381050427e-02
-7.823842500436214986e-02
-7.734184646070872693e-02
-7.644580226212767393e-02
-7.555046476677004796e-02
-7.465599185852181408e-02
-7.376252705526804843e-02
-7.287019971644338734e-02
-7.197912534723090172e-02
-7.108940599622147472e-02
-7.020113074252529173e-02
-6.931437626787728679e-02
-6.842920750885533865e-02
-6.754567838373697064e-02
-6.666383258811564572e-02
-6.578370445330192218e-02
-6.490531986063582948e-02
-6.402869720533735376e-02
-6.315384840254317789e-02
-6.228077992858275375e-02
-6.140949389000694564e-02
-6.053998911298075908e-02
-5.967226224546529761e-02
-5.880630886466129553e-02
-5.794212458219816925e-02
-5.707970613952560029e-02
-5.621905248607187572e-02
-5.536016583294506993e-02
-5.450305267505708984e-02
-5.364772477475189538e-02
-5.279420010029543808e-02
-5.194250371304501984e-02
-5.109266859703039121e-02
-5.024473642571532922e-02
-4.939875826053570507e-02
-4.855479517675184015e-02
-4.771291881236228161e-02
-4.687321183642154110e-02
-4.603576833398421997e-02
-4.520069410502334378e-02
-4.436810687564173017e-02
-4.353813642052086624e-02
-4.271092459593114898e-02
-4.188662528360293652e-02
-4.106540424618301127e-02
-4.024743889574720901e-02
-3.943291797734109483e-02
-3.862204117030558492e-02
-3.781501861043871926e-02
-3.701207033693448833e-02
-3.621342566813715719e-02
-3.541932251096887446e-02
-3.463000660909364842e-02
-3.384573073529957565e-02
-3.306675383400384249e-02
-3.229334011992014697e-02
-3.152575813930171694e-02
-3.076427980026183451e-02
-3.000917937892220999e-02
-2.926073250812312801e-02
-2.851921515550832550e-02
-2.778490259794683115e-02
-2.705806839897390709e-02
-2.633898339606650235e-02
-2.562791470436687202e-02
-2.492512474322136629e-02
-2.423087029192197081e-02
-2.354540158057641039e-02
-2.286896142189131370e-02
-2.220178438932706583e-02
-2.154409604673447262e-02
-2.089611223416584784e-02
-2.025803841430321925e-02
-1.963006908331186781e-02
-1.901238724968187452e-02
-1.840516398400393952e-02
-1.780855804220686164e-02
-1.722271556424150030e-02
-1.664776984969427998e-02
-1.608384121127584554e-02
-1.553103690663171742e-02
-1.498945114827417331e-02
-1.445916519101916875e-02
-1.394024749572751048e-02
-1.343275396761276289e-02
-1.293672826692660038e-02
-1.245220218925554255e-02
-1.197919611228504856e-02
-1.151771950540442062e-02
-1.106777149812484054e-02
-1.062934150286358806e-02
-1.020240988737261718e-02
-9.786948691710579615e-03
-9.382922384459186846e-03
-8.990288652574883813e-03
-8.608999219141846154e-03
-8.239000683125437957e-03
-7.880235375116591626e-03
-7.532642223026659624e-03
-7.196157621623248436e-03
-6.870716299886272735e-03
-6.556252180185595871e-03
-6.252699223408654007e-03
-5.959992254298189171e-03
-5.678067761468919353e-03
-5.406864666753701670e-03
-5.146325058821906752e-03
-4.896394886256799812e-03
-4.657024605615938534e-03
-4.428169780338195999e-03
-4.209791626712704356e-03
-4.001857503509943098e-03
-3.804341342300288521e-03
-3.617224015886201689e-03
-3.440493642727264403e-03
-3.274145825672209430e-03
-3.118183823780705174e-03
-2.972618656476906478e-03
-2.837469139736891778e-03
-2.712761854488697846e-03
-2.598531047849832014e-03
-2.494818468303732807e-03
-2.401673136340827953e-03
-2.319151052544355784e-03
-2.247314845499466703e-03
-2.186233362318355106e-03
-2.135981204951262463e-03
-2.096638215801830893e-03
-2.068288916497719020e-03
-2.051021903974175557e-03
-2.044929208283977756e-03
-2.050105616800812231e-03
-2.066647969672436112e-03
-2.094654431559203785e-03
-2.134223744819198701e-03
-2.185454469400908203e-03
-2.248444214755887603e-03
-2.323288869111366384e-03
-2.410081831420459071e-03
-2.508913251256680594e-03
-2.619869281829412169e-03
-2.743031351167539000e-03
-2.878475456370092021e-03
-3.026271485617133394e-03
-3.186482572424230442e-03
-3.359164486366579810e-03
-3.544365064223008264e-03
-3.742123685189181412e-03
-3.952470793475984165e-03
-4.175427471283916191e-03
-4.411005064753233985e-03
-4.659204865141713600e-03
-4.920017847074559421e-03
-5.193424465314093984e-03
-5.479394511101463514e-03
-5.777887028699114046e-03
-6.088850292357838277e-03
-6.412221843528348800e-03
-6.747928587723959169e-03
-7.095886950033021903e-03
-7.456003087918832047e-03
-7.828173159531040190e-03
-8.212283645417180547e-03
-8.608211721160271418e-03
-9.015825678138226010e-03
-9.434985389309142115e-03
-9.865542816623907099e-03
-1.030734255642632748e-02
-1.076022241893469927e-02
-1.122401403775191535e-02
-1.169854350509702198e-02
-1.218363202838290173e-02
-1.267909660359184225e-02
-1.318475070084117531e-02
-1.370040495750257312e-02
-1.422586787416406373e-02
-1.476094650878478041e-02
-1.530544716443815387e-02
-1.585917606606647434e-02
-1.642194002185633911e-02
-1.699354706490545722e-02
-1.757380707105963766e-02
-1.816253234901515565e-02
-1.875953819890544341e-02
-1.936464343597179075e-02
-1.997767087606651740e-02
-2.059844778006934482e-02
-2.122680625461790746e-02
-2.186258360683231497e-02
-2.250562265108998344e-02
-2.315577196620051056e-02
-2.381288610173940001e-02
-2.447682573257933814e-02
-2.514745776114325412e-02
-2.582465536710765869e-02
-2.650829800478191750e-02
-2.719827134866818416e-02
-2.789446718810269926e-02
-2.859678327217823543e-02
-2.930512310655158242e-02
-3.001939570392930801e-02
-3.073951529048027029e-02
-3.146540097062014429e-02
-3.219697635290079407e-02
-3.293416913998860329e-02
-3.367691068595848880e-02
-3.442513552424521922e-02
-3.517878086994819659e-02
-3.593778610014230351e-02
-3.670209221612267397e-02
-3.747164129151608902e-02
-3.824637591030800171e-02
-3.902623859885697571e-02
-3.981117125598186007e-02
-4.060111458526984018e-02
-4.139600753356328239e-02
-4.219578673963850918e-02
-4.300038599694663843e-02
-4.380973573417317607e-02
-4.462376251721764803e-02
-4.544238857607471593e-02
-4.626553135975419034e-02
-4.709310312245968549e-02
-4.792501054360037011e-02
-4.876115438438379662e-02
-4.960142918314832533e-02
-5.044572299147777328e-02
-5.129391715286689413e-02
-5.214588612521327271e-02
-5.300149734837693999e-02
-5.386061115749845446e-02
-5.472308074260444355e-02
-5.558875215459445351e-02
-5.645746435749113279e-02
-5.732904932644908302e-02
-5.820333219068615088e-02
-5.908013142034947152e-02
-5.995925905582194515e-02
-6.084052097785103141e-02
-6.172371721660759730e-02
-6.260864229737099496e-02
-6.349508562056323246e-02
-6.438283187337365265e-02
-6.527166147026142173e-02
-6.616135101918885209e-02
-6.705167381051603537e-02
-6.794240032520078298e-02
-6.883329875896691818e-02
-6.972413555878929914e-02
-7.061467596837141258e-02
-7.150468457879917417e-02
-7.239392588093436498e-02
-7.328216481579430397e-02
-7.416916731957799713e-02
-7.505470085956528203e-02
-7.593853495778504770e-02
-7.682044169888248286e-02
-7.770019621920612463e-02
-7.857757717396182673e-02
-7.945236717969955675e-02
-8.032435322938577538e-02
-8.119332707757936918e-02
-8.205908559357893983e-02
-8.292143108038389776e-02
-8.378017155786136871e-02
-8.463512100855322129e-02
-8.548609958483874283e-02
-8.633293377659725931e-02
-8.717545653848104981e-02
-8.801350737661672863e-02
-8.884693239452262636e-02
-8.967558429829224076e-02
-9.049932236160974919e-02
-9.131801235113742865e-02
-9.213152641340298377e-02
-9.293974292431848860e-02
-9.374254630274496403e-02
-9.453982678986956600e-02
-9.533148019630580117e-02
-9.611740761901149677e-02
-9.689751513030243901e-02
-9.767171344162262070e-02
-9.843991754439516961e-02
-9.920204633104832970e-02
-9.995802219895211227e-02
-1.007077706403274181e-01
-1.014512198210410360e-01
-1.021883001516070144e-01
-1.029189438533837514e-01
-1.036430845231621489e-01
-1.043606566994047524e-01
-1.050715954330504048e-01
-1.057758358661149839e-01
-1.064733128209019580e-01
-1.071639604029144821e-01
-1.078477116200203811e-01
-1.085244980207086818e-01
-1.091942493537394199e-01
-1.098568932516702928e-01
-1.105123549403900923e-01
-1.111605569764321233e-01
-1.118014190140357300e-01
-1.124348576033669389e-01
-1.130607860212465982e-01
-1.136791141353931667e-01
-1.142897483030801270e-01
-1.148925913048424313e-01
-1.154875423132686041e-01
-1.160744968975753605e-01
-1.166533470631903602e-01
-1.172239813263333680e-01
-1.177862848228507925e-01
-1.183401394505210480e-01
-1.188854240435284343e-01
-1.194220145780902076e-01
-1.199497844076244657e-01
-1.204686045257392230e-01
-1.209783438551900042e-01
-1.214788695607288554e-01
-1.219700473835962085e-01
-1.224517419955572367e-01
-1.229238173698401632e-01
-1.233861371663990958e-01
-1.238385651289685974e-01
-1.242809654912719608e-01
-1.247132033893426639e-01
-1.251351452776202633e-01
-1.255466593456612823e-01
-1.259476159328602740e-01
-1.263378879385387565e-01
-1.267173512246096978e-01
-1.270858850080683888e-01
-1.274433722409729075e-01
-1.277896999754997986e-01
-1.281247597114834047e-01
-1.284484477246759238e-01
-1.287606653732663031e-01
-1.290613193809793113e-01
-1.293503220950848465e-01
-1.296275917176638870e-01
-1.298930525088861088e-01
-1.301466349610937434e-01
-1.303882759428278415e-01
-1.306179188119521162e-01
-1.308355134974458489e-01
-1.310410165496118107e-01
-1.312343911585210632e-01
-1.314156071407249216e-01
-1.315846408949319368e-01
-1.317414753268698335e-01
-1.318860997440634286e-01
-1.320185097218724568e-01
-1.321387069415368432e-01
-1.322466990015706834e-01
-1.323424992043275294e-01
-1.324261263190314730e-01
-1.324976043233170031e-01
-1.325569621248658958e-01
-1.326042332657305367e-01
-1.326394556109531109e-01
-1.326626710239879325e-01
-1.326739250312261587e-01
-1.326732664780322368e-01
-1.326607471784664871e-01
-1.326364215614721787e-01
-1.326003463156888162e-01
-1.325525800353653527e-01
-1.324931828698305558e-01
-1.324222161789848640e-01
-1.323397421968487142e-01
-1.322458237055985641e-01
-1.321405237221793538e-01
-1.320239051994135937e-01
-1.318960307437193891e-01
-1.317569623509297072e-01
-1.316067611623369660e-01
-1.314454872419136555e-01
-1.312731993764328087e-01
-1.310899548995056729e-01
-1.308958095405603761e-01
-1.306908172994884487e-01
-1.304750303477720808e-01
-1.302484989565249052e-01
-1.300112714513480261e-01
-1.297633941946639280e-01
-1.295049115948760654e-01
-1.292358661422792765e-01
-1.289562984713542582e-01
-1.286662474484437935e-01
-1.283657502843794096e-01
-1.280548426706535348e-01
-1.277335589381044245e-01
-1.274019322370654184e-01
-1.270599947372102190e-01
-1.267077778455507620e-01
-1.263453124410208184e-01
-1.259726291238298657e-01
-1.255897584775728659e-01
-1.251967313422850669e-01
-1.247935790962405866e-01
-1.243803339446540313e-01
-1.239570292129058837e-01
-1.235236996423630385e-01
-1.230803816865585487e-01
-1.226271138056135857e-01
-1.221639367568017887e-01
-1.216908938793174189e-01
-1.212080313709844454e-01
-1.207153985551492892e-01
-1.202130481358988090e-01
-1.197010364395996312e-01
-1.191794236414346342e-01
-1.186482739751829329e-01
-1.181076559246338892e-01
-1.175576423957363226e-01
-1.169983108678939177e-01
-1.164297435238162703e-01
-1.158520273565672581e-01
-1.152652542535818891e-01
-1.146695210567696827e-01
-1.140649295985195905e-01
-1.134515867133221306e-01
-1.128296042248323194e-01
-1.121990989087436053e-01
-1.115601924315659105e-01
-1.109130112658128359e-01
-1.102576865821607577e-01
-1.095943541194725757e-01
-1.089231540333028964e-01
-1.082442307241500840e-01
-1.075577326465952249e-01
-1.068638121004583941e-01
-1.061626250055535542e-01
-1.054543306613977133e-01
-1.047390914935594219e-01
-1.040170727883187596e-01
-1.032884424172174492e-01
-1.025533705534676654e-01
-1.018120293819287508e-01
-1.010645928047519404e-01
-1.003112361441596545e-01
-9.955213584463230847e-02
-9.878746917612921119e-02
-9.801741394029971077e-02
-9.724214818157246587e-02
-9.646184990463069209e-02
-9.567669680037269031e-02
-9.488686598161959196e-02
-9.409253373048202806e-02
-9.329387525847029905e-02
-9.249106448115385071e-02
-9.168427380826156547e-02
-9.087367395062932729e-02
-9.005943374488402375e-02
-8.924171999680374778e-02
-8.842069734416692361e-02
-8.759652813955146056e-02
-8.676937235381014524e-02
-8.593938750032438512e-02
-8.510672858037995892e-02
-8.427154804965776569e-02
-8.343399580580447561e-02
-8.259421919658788136e-02
-8.175236304873177706e-02
-8.090856971639684425e-02
-8.006297914903288959e-02
-7.921572897750746300e-02
-7.836695461798119655e-02
-7.751678939210504549e-02
-7.666536466272759476e-02
-7.581280998381813296e-02
-7.495925326319506643e-02
-7.410482093673829984e-02
-7.324963815263302314e-02
-7.239382896418922186e-02
-7.153751652957875129e-02
-7.068082331680862473e-02
-6.982387131259414070e-02
-6.896678223317623257e-02
-6.810967773570553163e-02
-6.725267962826364521e-02
-6.639591007721266924e-02
-6.553949181008678071e-02
-6.468354831251417469e-02
-6.382820401773262042e-02
-6.297358448720290214e-02
-6.211981658109743537e-02
-6.126702861714635601e-02
-6.041535051677449086e-02
-5.956491393754962532e-02
-5.871585239072830975e-02
-5.786830134314425306e-02
-5.702239830259284853e-02
-5.617828288616752430e-02
-5.533609687086549905e-02
-5.449598422614550935e-02
-5.365809112814524245e-02
-5.282256595538339927e-02
-5.198955926595669880e-02
-5.115922375623428026e-02
-5.033171420144205016e-02
-4.950718737832499744e-02
-4.868580197043024388e-02
-4.786771845663066738e-02
-4.705309898350451547e-02
-4.624210722244530974e-02
-4.543490821239805355e-02
-4.463166818912465972e-02
-4.383255440225819477e-02
-4.303773492114587595e-02
-4.224737843078740784e-02
-4.146165401915830745e-02
-4.068073095723807181e-02
-3.990477847310015119e-02
-3.913396552157549085e-02
-3.836846055083182466e-02
-3.760843126736353181e-02
-3.685404440078390853e-02
-3.610546547000136747e-02
-3.536285855202799672e-02
-3.462638605498052913e-02
-3.389620849654252643e-02
-3.317248428922398018e-02
-3.245536953369703576e-02
-3.174501782138476613e-02
-3.104158004749065988e-02
-3.034520423546164386e-02
-2.965603537386745855e-02
-2.897421526663197452e-02
-2.829988239728189678e-02
-2.763317180804839013e-02
-2.697421499429173905e-02
-2.632313981476386636e-02
-2.568007041808510402e-02
-2.504512718564722712e-02
-2.441842669111246242e-02
-2.380008167655265489e-02
-2.319020104508665719e-02
-2.258888986988789524e-02
-2.199624941921367663e-02
-2.141237719707596299e-02
-2.083736699900325118e-02
-2.027130898233905909e-02
-1.971428975032588765e-02
-1.916639244920945867e-02
-1.862769687750106748e-02
-1.809827960643849501e-02
-1.757821411059971861e-02
-1.706757090767518220e-02
-1.656641770619256618e-02
-1.607481956005518339e-02
-1.559283902870198073e-02
-1.512053634161962881e-02
-1.465796956594588724e-02
-1.420519477595572413e-02
-1.376226622308528852e-02
-1.332923650529334314e-02
-1.290615673447751549e-02
-1.249307670074387144e-02
-1.209004503233728108e-02
-1.169710935006026443e-02
-1.131431641511249260e-02
-1.094171226927973840e-02
-1.057934236649283460e-02
-1.022725169484930453e-02
-9.885484888231379011e-03
-9.554086326785959232e-03
-9.233100225548339715e-03
-8.922570710660129162e-03
-8.622541882636643520e-03
-8.333057866306276332e-03
-8.054162847097567565e-03
-7.785901093464193436e-03
-7.528316965327050241e-03
-7.281454908531229120e-03
-7.045359435377055758e-03
-6.820075091426259020e-03
-6.605646408845576058e-03
-6.402117846660139271e-03
-6.209533718357482593e-03
-6.027938107406160401e-03
-5.857374771298821080e-03
-5.697887034812764220e-03
-5.549517673277082862e-03
-5.412308786664043157e-03
-5.286301665413920339e-03
-5.171536648934326429e-03
-5.068052977774377930e-03
-4.975888640497330012e-03
-4.895080216332751630e-03
-4.825662714682615699e-03
-4.767669412594472897e-03
-4.721131691316801486e-03
-4.686078873049637564e-03
-4.662538058998823114e-03
-4.650533969836612158e-03
-4.650088789632328412e-03
-4.661222014312061540e-03
-4.683950305644498519e-03
-4.718287351723863404e-03
-4.764243734874921803e-03
-4.821826807842042803e-03
-4.891040579066159751e-03
-4.971885607789230076e-03
-5.064358909656010814e-03
-5.168453873413853331e-03
-5.284160189226618301e-03
-5.411463789037655563e-03
-5.550346799342354732e-03
-5.700787506638730663e-03
-5.862760335751841106e-03
-6.036235841108505799e-03
-6.221180710990130251e-03
-6.417557784684970595e-03
-6.625326082386064075e-03
-6.844440847576566470e-03
-7.074853601590797014e-03
-7.316512209942845936e-03
-7.569360959948093909e-03
-7.833340649079591558e-03
-8.108388683453940371e-03
-8.394439185753752725e-03
-8.691423111858337033e-03
-8.999268375395250846e-03
-9.317899979363108987e-03
-9.647240153970530405e-03
-9.987208499764182318e-03
-1.033772213511394665e-02
-1.069869584709825204e-02
-1.107004224480977184e-02
-1.145167191411485506e-02
-1.184349357286274863e-02
-1.224541422559406040e-02
-1.265733931675951801e-02
-1.307917288151775118e-02
-1.351081769320334157e-02
-1.395217540654954472e-02
-1.440314669584405287e-02
-1.486363138717246637e-02
-1.533352858403168317e-02
-1.581273678557705911e-02
-1.630115399685078473e-02
-1.679867783041684437e-02
-1.730520559889040660e-02
-1.782063439783638722e-02
-1.834486117875486905e-02
-1.887778281174475395e-02
-1.941929613766386550e-02
-1.996929800960371357e-02
-2.052768532358105469e-02
-2.109435503845044635e-02
-2.166920418510065449e-02
-2.225212986506109811e-02
-2.284302923872436747e-02
-2.344179950350601740e-02
-2.404833786223766617e-02
-2.466254148226475554e-02
-2.528430744569622537e-02
-2.591353269134847453e-02
-2.655011394896000451e-02
-2.719394766638603272e-02
-2.784492993037514935e-02
-2.850295638171525953e-02
-2.916792212551623173e-02
