-7.999993977486843328e-06
-2.399993758787421979e-05
-4.800106962091979111e-05
-8.001313242507517237e-05
-1.200626205949689452e-04
-1.681813793314985257e-04
-2.243539172156861590e-04
-2.884333087770692833e-04
-3.600762461381456993e-04
-4.387558046999425138e-04
-5.238722635498420941e-04
-6.149269033304730460e-04
-7.116917916470135407e-04
-8.143168096796759951e-04
-9.233498049078409662e-04
-1.039681390372077744e-03
-1.164445566178930842e-03
-1.298908793296635507e-03
-1.444370591318411712e-03
-1.602086706270365937e-03
-1.773216650796458375e-03
-1.958792381495911249e-03
-2.159703195030166726e-03
-2.376692117943871377e-03
-2.610359950673640534e-03
-2.861174049765333096e-03
-3.129479659948022126e-03
-3.415512139249228789e-03
-3.719408843521186062e-03
-4.041219841061687718e-03
-4.380917061618318752e-03
-4.738401939051872444e-03
-5.113512025813524674e-03
-5.506027356579615804e-03
-5.915677440770797726e-03
-6.342149629926260510e-03
-6.785099253507245742e-03
-7.244161419935878435e-03
-7.718963851308064533e-03
-8.209139681556159446e-03
-8.714338897798153821e-03
-9.234237096244643506e-03
-9.768540456132809510e-03
-1.031698625706202813e-02
-1.087933879378079685e-02
-1.145538108353453405e-02
-1.204526867846519508e-02
-1.264867808204201208e-02
-1.326537299613395060e-02
-1.389510790283340555e-02
-1.453760186961737706e-02
-1.519252585404304301e-02
-1.585949482341223252e-02
-1.653806352482023456e-02
-1.722772573969958559e-02
-1.792791683372402939e-02
-1.863801927985086343e-02
-1.935737068953294684e-02
-2.008527378454885368e-02
-2.082100770558084624e-02
-2.156384008102646410e-02
-2.231303934927025834e-02
-2.306788691072572672e-02
-2.382768875698838482e-02
-2.459178626943345561e-02
-2.535956589946054829e-02
-2.613046745148555478e-02
-2.690399070716859367e-02
-2.767970017222283127e-02
-2.845722780227102899e-02
-2.923627366617944853e-02
-3.001660461999564392e-02
-3.079805117413803375e-02
-3.158050282672344306e-02
-3.236327582342366643e-02
-3.314676213129721244e-02
-3.393108777344455013e-02
-3.471634176838490210e-02
-3.550261827659467739e-02
-3.629002219551766967e-02
-3.707866785622631473e-02
-3.786867610098373221e-02
-3.866017128977271983e-02
-3.945327895557385056e-02
-4.024812437609096016e-02
-4.104483211489656780e-02
-4.184352647544044290e-02
-4.264433273457919615e-02
-4.344737894920096266e-02
-4.425279805976271852e-02
-4.506072996806270714e-02
-4.587132326862391335e-02
-4.668473637781346552e-02
-4.750113791948128161e-02
-4.832070635594238467e-02
-4.914362895397385994e-02
-4.997010021564551874e-02
-5.080031987807581695e-02
-5.163449051733731698e-02
-5.247281471616940113e-02
-5.331549171042345575e-02
-5.416271343416453887e-02
-5.501465993870645332e-02
-5.587149424853237595e-02
-5.673335681173788392e-02
-5.760035978046004757e-02
-5.847258140217374833e-02
-5.935516043805514480e-02
-6.024464386021932683e-02
-6.114033022862987166e-02
-6.204196914990054573e-02
-6.294600614524734072e-02
-6.385446297460560527e-02
-6.476771724204172243e-02
-6.568566492671683299e-02
-6.660802868715767766e-02
-6.753934791551836903e-02
-6.847590104836906444e-02
-6.941666231187965108e-02
-7.035652511030683620e-02
-7.129778009134289662e-02
-7.224567485141723810e-02
-7.319663162844104731e-02
-7.414963122872303414e-02
-7.509823684233694896e-02
-7.604522709844367678e-02
-7.699094109673962349e-02
-7.793495600120713129e-02
-7.887660741671838338e-02
-7.981512704416311721e-02
-8.074967061569640614e-02
-8.167930166606073017e-02
-8.260295412453509678e-02
-8.351938346066925534e-02
-8.442710800697973694e-02
-8.532433694851825068e-02
-8.620887886892598939e-02
-8.707802641461785675e-02
-8.792842302551386047e-02
-8.875594538056966187e-02
-8.955569277739580669e-02
-9.032226704632997927e-02
-9.105060895298910939e-02
-9.173756176019844111e-02
-9.238379886331349322e-02
-9.299487219368897384e-02
-9.357997091388613187e-02
-9.414859229880492841e-02
-9.470733729234132037e-02
-9.525881636052055401e-02
