0.000000000000000000e+00
6.838497343927940619e-01
1.456047830808146593e+00
2.274516768762159913e+00
3.139602416184976263e+00
4.040545351637671700e+00
4.977396971124125713e+00
5.944657275798274298e+00
6.942241205447924557e+00
7.966622091560147112e+00
9.017640331083637051e+00
1.009275845447265496e+01
1.119177166821835812e+01
1.231272301165392236e+01
1.345538109284435535e+01
1.461816745035225296e+01
1.580083864460645060e+01
1.700208446426967157e+01
1.822166266180813921e+01
1.945846806276166063e+01
2.071227286423012970e+01
2.198214054334684420e+01
2.326787167761941788e+01
2.456867862332340735e+01
2.588440524512002838e+01
2.721440392601994063e+01
2.855857770390551309e+01
2.991641754698171241e+01
3.128790229577089121e+01
3.267266504374897096e+01
3.407077733596909752e+01
3.548202100386097868e+01
3.690657677219478217e+01
3.834438321577975728e+01
3.979574538009551077e+01
4.126076639225368581e+01
4.273988835615229220e+01
4.423338502966205965e+01
4.574184476456147763e+01
4.726571486788573395e+01
4.880573449757278581e+01
5.036252307440753384e+01
5.193696967376322959e+01
5.352985930106977719e+01
5.514222434395290406e+01
5.677500377473251092e+01
5.842936156425312788e+01
6.010637497186908718e+01
6.180732435615493614e+01
6.353340760117538366e+01
6.528600529311998457e+01
6.706641884196383785e+01
6.887611425480284311e+01
7.071648142445033614e+01
7.258905849246227149e+01
7.449530901163052476e+01
7.643682721164340421e+01
7.841512862687621066e+01
8.043183501999823193e+01
8.248847343205088123e+01
8.458663902553858804e+01
8.672779824865610010e+01
8.891342896063733292e+01
9.114482548088642488e+01
9.342321739735390906e+01
9.574957671277283566e+01
9.812471902289644277e+01
1.005491161826537621e+02
1.030229880098651591e+02
1.055461309069347635e+02
1.081180173649281073e+02
1.107376611917584910e+02
1.134037498905024677e+02
1.161145686319542278e+02
1.188681813050905873e+02
1.216624133868804449e+02
1.244950636284896035e+02
1.273639062104505371e+02
1.302668793097475373e+02
1.332020486124059175e+02
1.361677291753847499e+02
1.391623934820322006e+02
1.421847423310728118e+02
1.452335935603313146e+02
1.483079406305204202e+02
1.514068457030402328e+02
1.545294937032517453e+02
1.576750898628781101e+02
1.608429133047232540e+02
1.640322267635107210e+02
1.672423355203791857e+02
1.704725080461947755e+02
1.737220394208359835e+02
1.769901927941501185e+02
1.802762900545822902e+02
1.835796897119290634e+02
1.868998860149060874e+02
1.902364604542358677e+02
1.935891138810494851e+02
1.969575562962678532e+02
2.003415086240161997e+02
2.037406155547283220e+02
2.071544909605534599e+02
2.105826715642410534e+02
2.140246717870396935e+02
2.174799306416576030e+02
2.209478532911309401e+02
2.244277640918466545e+02
2.279189686175361942e+02
2.314207383793893200e+02
2.349323868192886380e+02
2.384532403028394185e+02
2.419826595398212987e+02
2.455199375641322774e+02
2.490642593091774302e+02
2.526146020478944934e+02
2.561697763692279182e+02
2.597284598245083771e+02
2.632893350142394411e+02
2.668511186365653316e+02
2.704125850714755188e+02
2.739724515897962647e+02
2.775293189150566491e+02
2.810815924401013035e+02
2.846275528757460052e+02
2.881654297880707531e+02
2.916935476867470243e+02
2.952103491684086976e+02
2.987143890656457756e+02
3.022042115673606872e+02
3.056783018229290292e+02
3.091350490024206010e+02
3.125728305117687569e+02
3.159900510632024861e+02
3.193851933120239437e+02
3.227567621462513898e+02
3.261032651262023592e+02
3.294231684185275526e+02
3.327149405165858411e+02
3.359770551834275238e+02
3.392080197174983027e+02
3.424063298209237018e+02
3.455704743312307983e+02
3.486989218782399576e+02
3.517901749178286650e+02
3.548427695995770250e+02
3.578552866456628863e+02
3.608262972760433627e+02
3.637543653585548782e+02
3.666380473471606365e+02
3.694759594321507166e+02
3.722667883592232556e+02
3.750092926995935159e+02
3.777022274943536786e+02
3.803443165616546935e+02
3.829342365329853806e+02
3.854706800665508126e+02
3.879523792508960014e+02
3.903781213518027471e+02
3.927466916326148976e+02
3.950568549082190657e+02
3.973073422531715551e+02
3.994969023226839226e+02
4.016243141487341290e+02
4.036884044619701513e+02
4.056880244155422020e+02
4.076220815036148224e+02
4.094895640433436483e+02
4.112895736855113000e+02
4.130212638098375351e+02
4.146837591346417753e+02
4.162760718253659888e+02
4.177971336460386738e+02
4.192458755101835095e+02
4.206213304962062125e+02
4.219226362351154762e+02
4.231489940989583829e+02
4.242995981394331011e+02
4.253736420695221909e+02
4.263703483308836439e+02
4.272890183413593377e+02
4.281290143876990442e+02
4.288897290378630487e+02
4.295705338515406311e+02
4.301707864170392099e+02
4.306898492335191122e+02
4.311271416073859086e+02
4.314821520311732570e+02
4.317544421015716694e+02
4.319436048900640799e+02
4.320492438796102874e+02
4.320709554863319681e+02
4.320083653273684945e+02
4.318611579601019343e+02
4.316291074949568838e+02
4.313120508383902916e+02
4.309098574927679692e+02
4.304223911703953149e+02
4.298495234155439562e+02
4.291911526150083205e+02
4.277577094457772660e+02
4.288876628140055800e+02
4.275260086533683648e+02
4.286374007548044460e+02
4.273033697182104902e+02
4.284410857695439176e+02
4.271599289406085518e+02
4.283458943734513014e+02
4.271220542682754058e+02
4.283570813034933735e+02
4.271835488081079006e+02
4.284591244513552510e+02
4.273264700576895621e+02
4.286401598176076959e+02
4.275541329698003210e+02
4.289211839014384395e+02
4.279004560422239365e+02
4.293375971743424770e+02
4.283902841498268117e+02
4.298923783519458652e+02
4.289955118834942027e+02
4.305224344536375725e+02
4.296218417746175646e+02
4.311126451029705322e+02
4.301495516591950263e+02
4.315571136094755502e+02
4.305017982825309559e+02
4.318163665816393291e+02
4.306775221105186802e+02
4.319222276017973741e+02
4.307314007069611534e+02
4.319405627490984898e+02
4.307297912962076794e+02
4.319301106273809410e+02
4.307192876880957897e+02
4.319241621512210827e+02
4.307211634016612152e+02
4.319345272771666941e+02
4.307405849474792490e+02
4.319621232845493068e+02
4.307760096024912855e+02
4.320040367108901478e+02
4.308236352281348900e+02
4.320557443394939128e+02
4.308784150184377495e+02
4.321120163600631940e+02
4.309354325260738960e+02
4.321687515815740426e+02
4.309917864818946214e+02
4.322243974727915656e+02
4.310471516700059738e+02
4.322795218047983212e+02
4.311025480604982363e+02
4.323351382645491867e+02
4.311585954802055767e+02
4.323912052355924516e+02
4.312145336561470685e+02
4.324464147339833175e+02
4.312688194547016565e+02
4.324993051234524728e+02
4.313203080189924776e+02
4.325491533128852666e+02
4.313686761324597683e+02
4.325959164842107612e+02
4.314140181435975023e+02
4.326397296135742749e+02
4.314564990924629910e+02
4.326808513554562978e+02
4.314965784325046343e+02
4.327200373991951210e+02
4.315353457786769127e+02
4.327586621552239876e+02
4.315743345438521601e+02
4.327982475028321687e+02
4.316148903464131763e+02
4.328398369808764983e+02
4.316576778694153518e+02
4.328836713286016220e+02
4.317024844357752613e+02
4.329290694775902466e+02
4.317481769870832977e+02
4.329745105632470086e+02
4.317929727055882267e+02
4.330181340185898762e+02
4.318351585160680770e+02
4.330586031087507877e+02
4.318739618743341566e+02
4.330958146828721169e+02
4.319099515864434125e+02
4.331309103804954930e+02
4.319446656008448144e+02
4.331656050458981326e+02
4.319797730578595747e+02
4.332013281216165979e+02
4.320163223274568622e+02
4.332386692248982740e+02
4.320544322668599762e+02
4.332773214755582103e+02
4.320934587293729123e+02
4.333164164628482240e+02
4.321324281270519805e+02
4.333549820479859704e+02
4.321704499434565037e+02
4.333922530685370589e+02
4.322068901371151242e+02
4.334276998013247635e+02
4.322412777306543035e+02
4.334608633257751080e+02
4.322731381820610181e+02
4.334912607938972542e+02
4.323020313996855180e+02
4.335185842002724712e+02
4.323278900204190904e+02
4.335431046152964427e+02
4.323513808037779427e+02
4.335658802451705469e+02
4.323738835139698722e+02
4.335884878760164156e+02
4.323970150377019195e+02
4.336124199379287916e+02
4.324219941190316945e+02
4.336385046330752857e+02
4.324491858261555990e+02
4.336666211135795947e+02
4.324780105686808156e+02
4.336958015069016028e+02
4.325072143477092936e+02
4.337246240230624608e+02
4.325353266910988737e+02
4.337516758217771553e+02
4.325610772084522182e+02
4.337758887352976558e+02
4.325836376572405584e+02
4.337966978378411795e+02
4.326027262223454386e+02
4.338141290961808068e+02
4.326187087170143286e+02
4.338289207700685211e+02
4.326327144672864620e+02
4.338425794534763327e+02
4.326465659052093997e+02
4.338571275381304986e+02
4.326623206738936460e+02
4.338744617416880942e+02
4.326815135824236904e+02
4.338955793281195383e+02
4.327044822358785723e+02
4.339201095080356367e+02
4.327301800425998408e+02
4.339464377644743536e+02
4.327565898042015533e+02
4.339723407305318688e+02
4.327814816247306453e+02
4.339957595565454085e+02
4.328031056217824926e+02
4.340153433485676828e+02
4.328205537446946209e+02
4.340306341271493693e+02
4.328338031304492119e+02
4.340420215112139317e+02
4.328436359500157096e+02
4.340506653738498244e+02
4.328515736161560881e+02
4.340584175305344274e+02
4.328597362856004338e+02
4.340675609418596537e+02
4.328704174798232884e+02
4.340802097293699262e+02
4.328853455296499533e+02
4.340975130674302704e+02
4.329049417160187545e+02
4.341190865719742078e+02
4.329280245990330513e+02
4.341430476210900338e+02
4.329521801671691037e+02
4.341666697935634716e+02
4.329746072314597996e+02
4.341873030354979051e+02
4.329929966988287902e+02
4.342031184070422114e+02
4.330060852759864929e+02
4.342134569075371360e+02
4.330138233045316838e+02
4.342188638984075055e+02
4.330173276939607376e+02
4.342209975273422060e+02
4.330187543004857389e+02
4.342224414891214792e+02
4.330210036767242059e+02
4.342262507793361124e+02
4.330270715808595128e+02
4.342351109207417039e+02
4.330390726188933854e+02
4.342503319709579728e+02
4.330573440811011210e+02
4.342712065276656972e+02
4.330801740744118433e+02
4.342951668776114502e+02
4.331043737227909105e+02
4.343186873854341457e+02
4.331263734515286501e+02
4.343384186273084993e+02
4.331432542810408108e+02
4.343520194415361857e+02
4.331533436290651480e+02
4.343585366373702072e+02
4.331564380766831164e+02
4.343585406977115895e+02
4.331539027751007325e+02
4.343541980316485933e+02
4.331486757930867952e+02
4.343491258499341825e+02
4.331448759150898127e+02
4.343476735619922806e+02
4.331467311458151812e+02
4.343535493006351089e+02
4.331570377491925683e+02
4.343683132101969022e+02
4.331759196794894820e+02
4.343906150891507991e+02
4.332006861479752615e+02
4.344167059764951091e+02
4.332269111085705049e+02
4.344418965701506750e+02
4.332500231235705428e+02
4.344620326252164659e+02
4.332664812299913137e+02
4.344742884215568210e+02
4.332742164371351805e+02
4.344773773953899649e+02
4.332727736001941707e+02
4.344717665337971653e+02
4.332636634717908350e+02
4.344601232721532824e+02
4.332507558129346990e+02
4.344474373194774444e+02
4.332399063868951430e+02
4.344399953674512176e+02
4.332372496167226359e+02
4.344431226484903164e+02
4.332466737951720575e+02
4.344587819462125822e+02
4.332679587887536172e+02
4.344845950540434387e+02
4.332968714416035141e+02
4.345149949643744094e+02
4.333271465707330776e+02
4.345436470483051608e+02
4.333528929416901860e+02
4.345654318662163860e+02
4.333698956179898119e+02
4.345770223865495723e+02
4.333756368914694690e+02
4.345766684449229729e+02
4.333692058710001902e+02
4.345645104644366370e+02
4.333521102101215661e+02
4.345437489968015257e+02
4.333294508739415392e+02
4.345213491671902375e+02
4.333096925441380449e+02
4.345065691538781607e+02
4.333019111332398552e+02
4.345072052320821285e+02
4.333115994342844033e+02
4.345256947181029545e+02
4.333378128488695324e+02
4.345578794577667736e+02
4.333738068047361480e+02
4.345953781132579365e+02
4.334106304741690110e+02
4.346296330989701460e+02
4.334407964241156606e+02
4.346545263483690746e+02
4.334594992904885657e+02
4.346662797512532279e+02
4.334636665466016439e+02
4.346623658936486549e+02
4.334514549345175851e+02
4.346420947959713885e+02
4.334240315077491914e+02
4.346092261517924840e+02
4.333882581106142879e+02
4.345737665465873647e+02
4.333567110933224740e+02
4.345496622437481165e+02
4.333430355455345193e+02
4.345484047485778092e+02
4.333548994279856288e+02
4.345727026758828515e+02
4.333897015281892209e+02
4.346151619571554647e+02
4.334365234715696147e+02
4.346630675969863091e+02
4.334826419263873731e+02
4.347051358455808554e+02
4.335190263417792380e+02
4.347346648587441678e+02
4.335407576906912368e+02
4.347476543801383855e+02
4.335439716172214730e+02
4.347400478801496320e+02
4.335247758712628752e+02
4.347091639829568521e+02
4.334832004011352637e+02
4.346592723717519107e+02
4.334288065009717457e+02
4.346053594070541521e+02
4.333809745236035269e+02
4.345690407753357363e+02
4.333606045137979663e+02
4.345673272687183157e+02
4.333780965424980423e+02
4.346023543060548491e+02
4.334271310633366738e+02
4.346606828088282555e+02
4.334897034153923414e+02
4.347229001306956775e+02
4.335479841034128867e+02
4.347748671401033107e+02
4.335922882218123391e+02
4.348107111093428898e+02
4.336188666704331922e+02
4.348267518002743941e+02
4.336224885246886060e+02
4.348157050722421104e+02
4.335947804587388532e+02
4.347704324864151886e+02
4.335329626823794911e+02
4.346955548776327305e+02
4.334510469840904534e+02
4.346146279211186538e+02
4.333800839295739138e+02
4.345621359319389398e+02
4.333526512767225540e+02
4.345632511798857536e+02
4.333821035706347402e+02
4.346172466821817579e+02
4.334541124252342001e+02
4.346993589413182235e+02
4.335385883780386962e+02
4.347799500115664841e+02
4.336113097131776613e+02
4.348430959069523851e+02
4.336647733073336326e+02
4.348872211049250609e+02
4.336991579747640913e+02
4.349098697786585035e+02
4.337063314689306139e+02
4.348967358535123253e+02
4.336683238033745624e+02
4.348312590942215934e+02
4.335763464699581959e+02
4.347182788715300603e+02
4.334523842229663160e+02
4.345967534045503271e+02
4.333480505334346731e+02
4.345231028942952776e+02
4.333147752225999056e+02
4.345342076735099681e+02
4.333678399180915903e+02
4.346210079018021588e+02
4.334762414782404107e+02
4.347376674148443954e+02
4.335894337094617867e+02
4.348394530832042619e+02
4.336765839719071778e+02
4.349128712368109859e+02
4.337394544338864648e+02
4.349681239320794361e+02
4.337873846366604198e+02
4.350049441813038129e+02
4.338052650675449513e+02
4.349936463651526424e+02
4.337550414884538554e+02
4.348986427515278592e+02
4.336162577451382845e+02
4.347255197985612085e+02
4.334263060251945490e+02
4.345418748952929491e+02
4.332736778137415854e+02
4.344417627127585320e+02
4.332399788032881247e+02
4.344778332236182905e+02
4.333379576441871563e+02
4.346205095022157820e+02
4.335028597633080949e+02
4.347852161117335754e+02
4.336501167883163248e+02
4.349063698318427669e+02
4.337458461801139720e+02
4.349844878785166884e+02
4.338168790594439770e+02
4.350564035917865340e+02
4.338906271670113597e+02
4.351236824781336168e+02
4.339347167734915161e+02
4.351233181857962791e+02
4.338701348453017772e+02
4.349828770124724429e+02
4.336556334673712172e+02
4.347118937553983642e+02
4.333599814958363368e+02
4.344323130683241629e+02
4.331382244551189729e+02
4.343024344835056354e+02
4.331191313954031443e+02
4.343935170742046807e+02
4.333002538961621894e+02
4.346297176668213069e+02
4.335503185434226339e+02
4.348565032379095783e+02
4.337298910471796489e+02
4.349832342776300607e+02
4.338158452208088534e+02
4.350519912750702929e+02
4.338927053554850772e+02
4.351535800272102392e+02
4.340191333763261810e+02
4.352855491156582843e+02
4.341210977654055796e+02
4.353144525349112541e+02
4.340386552408074863e+02
4.350996977610859062e+02
4.336970798141307455e+02
4.346660208448369076e+02
4.332304741386268461e+02
4.342387737881671228e+02
4.329128389820934899e+02
4.340835610560687883e+02
4.329432373279449280e+02
4.342870763771144311e+02
4.332737644892167168e+02
4.346756175168405321e+02
4.336459800813880179e+02
4.349716744375746202e+02
4.338365221462554473e+02
4.350644195862422521e+02
4.338710893271206714e+02
4.350970525765865773e+02
4.339542335404368032e+02
4.352600345148599672e+02
4.341906061166554878e+02
4.355251576943361442e+02
4.344105926336808352e+02
4.356156369572281051e+02
4.343009548386481811e+02
4.352720902955982183e+02
4.337412190666349261e+02
4.345666780738306443e+02
4.330005240902356718e+02
4.339175175295487747e+02
4.325583906780772168e+02
4.337608360641852414e+02
4.327097759506393686e+02
4.341793534543027135e+02
4.332976988462817758e+02
4.348049164258172254e+02
4.338303187432403547e+02
4.351528808189378310e+02
4.339676084722439100e+02
4.351248097378520470e+02
4.338730975575967932e+02
4.350817734523925537e+02
4.339786176854806854e+02
4.353789880157191305e+02
4.344388549446450725e+02
4.359033070728929715e+02
4.348795790822053959e+02
4.361022999139636909e+02
4.347146026993858072e+02
4.355276887006212405e+02
4.337820832742210655e+02
4.343795310626318269e+02
4.326192096035833856e+02
4.334157782157105316e+02
4.320348293381741769e+02
4.333188796252292150e+02
4.324348568309100074e+02
4.341167135592295381e+02
4.334376503376353185e+02
4.350834488723874642e+02
4.341485138188186284e+02
4.354096786769800360e+02
4.340938564020299282e+02
4.351060127649524247e+02
4.337536396006346422e+02
4.349504992151523766e+02
4.339418403257339492e+02
4.355290861365028832e+02
4.348255345834673449e+02
4.365134358133057617e+02
4.356323494615833170e+02
4.368647880895367166e+02
4.353359168042744614e+02
4.358807585516298673e+02
4.337979053981071047e+02
4.340624350647677261e+02
4.320417770104089641e+02
4.327005899932676698e+02
4.313309369176526502e+02
4.327746096519673529e+02
4.321651094316598574e+02
4.341684339214434658e+02
4.337677670297983923e+02
4.355660405170851845e+02
4.346153659123356192e+02
4.357092163045329585e+02
4.341440283991053661e+02
4.349213246571734430e+02
4.334385336877563759e+02
4.346645166200386257e+02
4.338520286037252163e+02
4.357639008934632443e+02
4.354364582433930764e+02
4.374500249531888016e+02
4.367434815571523927e+02
4.379353041105817965e+02
4.361499430517400242e+02
4.362857414623097156e+02
4.337418237704881108e+02
4.335932222220516792e+02
4.312813586011816938e+02
4.318156094850170348e+02
4.305093128614686293e+02
4.321976918376701065e+02
4.319647282168826337e+02
4.343774687574492077e+02
4.342930043475346906e+02
4.362100316465671312e+02
4.351458838047153677e+02
4.359452084682073973e+02
4.340211327894500641e+02
4.345132048278405250e+02
4.329270719961186842e+02
4.342757693237276726e+02
4.337905489033587401e+02
4.361615762436352952e+02
4.363115573602213431e+02
4.386839859272415652e+02
4.381010668395343828e+02
4.391357204792242328e+02
4.369602785067844479e+02
4.365892438462573182e+02
4.335490203364340118e+02
4.330053372667548501e+02
4.304465362061012002e+02
4.309074631283460803e+02
4.297165180918722172e+02
4.316955609560462221e+02
4.318639834498367236e+02
4.346725720206341066e+02
4.348447957302557825e+02
4.367868713615985712e+02
4.355111284160235527e+02
4.359497104221761674e+02
4.336623854248666703e+02
4.339361407082462279e+02
4.323611968341586476e+02
4.339503125177113247e+02
4.338745375442401837e+02
4.367264601383008085e+02
4.372995221471020955e+02
4.399037545119560377e+02
4.392814796948886737e+02
4.400227824916411805e+02
4.374053181934482950e+02
4.365768197681208562e+02
4.331594148518469751e+02
4.323584340954082563e+02
4.296743042851359178e+02
4.301527152598149542e+02
4.291210327725519278e+02
4.313669036553823162e+02
4.318395245267868177e+02
4.348925999116611933e+02
4.351567403372333729e+02
4.369982974329612944e+02
4.354696453475257272e+02
4.356105487422303781e+02
4.331145286137887638e+02
4.333629967453123868e+02
4.319538413170436115e+02
4.338425701446897733e+02
4.341213809586657817e+02
4.372932545181794808e+02
4.380538551571568178e+02
4.406424068696250629e+02
4.398019901174299662e+02
4.402023995095269129e+02
4.372357625193052399e+02
4.361356179416712848e+02
4.325548442650991774e+02
4.316977416567013393e+02
4.290592439819891410e+02
4.296713230791290243e+02
4.288263124764554277e+02
4.312637137045422264e+02
4.318785928163829340e+02
4.349677136869556193e+02
4.351335029137972015e+02
4.367729467762003424e+02
4.350214417608558506e+02
4.350226891916296381e+02
4.325453324482100470e+02
4.329645617657959065e+02
4.318036409588984270e+02
4.339375111838031671e+02
4.344005085334533760e+02
4.376485991595395717e+02
4.383405034714446629e+02
4.407173329021285895e+02
4.395817955688945062e+02
4.396989895977804963e+02
4.365406359496350319e+02
4.353699670613428339e+02
4.318308200115565114e+02
4.311059202689696122e+02
4.286610381985943263e+02
4.294851325530113400e+02
4.288233288948669042e+02
4.313751299415070548e+02
4.319968878361651718e+02
4.349633483528982651e+02
4.349060727670416213e+02
4.363045971847552664e+02
4.343987363320699728e+02
4.344103945162224818e+02
4.321052289263226385e+02
4.327706881765148523e+02
4.318299141296676567e+02
4.341008821527094597e+02
4.345964458713468161e+02
4.377587386594287864e+02
4.382457413947964824e+02
4.403379729019532647e+02
4.389188148054039402e+02
4.388388705734818132e+02
4.356168960963392465e+02
4.345142860626731931e+02
4.311457627128725676e+02
4.306558304330467308e+02
4.284660155202916485e+02
4.295191515375639142e+02
4.290220943559319835e+02
4.316397744526560132e+02
4.321958925098488180e+02
4.349666847484912751e+02
4.346458501659117246e+02
4.358187187003546228e+02
4.338266551265553517e+02
4.339281369717705275e+02
4.318299564784405220e+02
4.327146897980564972e+02
4.319307355800953019e+02
4.342689322459568189e+02
4.347316035262309697e+02
4.377492923619780072e+02
4.379915825257081679e+02
4.397965128480506110e+02
4.381336426407472118e+02
4.379244291446140664e+02
4.347112271470815585e+02
4.337366572995877050e+02
4.305785045628068701e+02
4.303409140641074373e+02
4.284053355401745193e+02
4.296781967248510341e+02
4.293334906243151750e+02
4.319980133388469312e+02
4.324645598491951546e+02
4.350256699184850504e+02
4.344525511623724583e+02
4.354370697359271958e+02
4.334001331105783947e+02
4.336036589574998175e+02
4.316842989992265984e+02
4.327414045924208494e+02
4.320758701975312874e+02
4.344596142052695882e+02
4.348759235757001989e+02
4.377392716318881298e+02
4.377386248265954691e+02
4.392772357953431310e+02
4.374066327350379879e+02
4.371045320782691306e+02
4.339232909667031208e+02
4.330821380371059490e+02
4.301247278310239608e+02
4.301214344049699321e+02
4.284223241625683158e+02
4.299042817346358447e+02
4.297069335330826334e+02
4.324131945183864900e+02
4.327880782735975913e+02
4.351504705435218057e+02
4.343517434156192962e+02
4.351782816487661876e+02
4.331095831614638314e+02
4.333989557682304508e+02
4.316236848874270891e+02
4.328232256133938449e+02
4.322644335109206963e+02
4.346960870368470751e+02
4.350721436548159318e+02
4.377890254183726029e+02
4.375596382474954567e+02
4.388532803453606448e+02
4.367965528008738829e+02
4.364134695254527969e+02
4.332613221402694421e+02
4.325381958901725739e+02
4.297593871563072412e+02
4.299678237026723195e+02
4.284880323625637857e+02
4.301696736094060043e+02
4.301143120192883771e+02
4.328581173433979075e+02
4.331433204022619066e+02
4.353205985948737862e+02
4.343178687164435701e+02
4.350040384301809695e+02
4.329050741337683803e+02
4.332640363221879625e+02
4.316114748531689429e+02
4.329425690201309749e+02
4.324944252158494464e+02
4.349850319192193524e+02
4.353311990362538495e+02
4.379114180183642588e+02
4.374659094021253054e+02
4.385294521905423721e+02
4.362979100012101981e+02
4.358352204305143118e+02
4.327023234763932464e+02
4.320798831384213941e+02
4.294596976394585113e+02
4.298614042092255545e+02
4.285868680837841111e+02
4.304581282696005928e+02
4.305351598991539959e+02
4.333072991819573758e+02
4.334997572775777712e+02
4.354987680728157216e+02
4.343055199102538495e+02
4.348636005141762553e+02
4.327382547457153805e+02
4.331618937545536028e+02
4.316266429601097911e+02
4.330917609761661424e+02
4.327640244630037500e+02
4.353232737494882940e+02
4.356447875106724723e+02
4.380917510111424917e+02
4.374359146630830537e+02
4.382777076622052732e+02
4.358778516411867940e+02
4.353356079434570916e+02
4.322150436781716962e+02
4.316820870530800676e+02
4.292079455737930402e+02
4.297910178671397148e+02
4.287112088502153711e+02
4.307610080934469465e+02
4.309557821931107924e+02
4.337399111307807971e+02
4.338286123576963291e+02
4.356487059815331122e+02
4.342741280284940899e+02
4.347181565909382925e+02
4.325785807852262792e+02
4.330742049869729726e+02
4.316622526012475873e+02
4.332695894320244747e+02
4.330701939711714772e+02
4.357002224248478228e+02
4.359925782841177693e+02
4.383005115826807128e+02
4.374331360044512849e+02
4.380577694750326145e+02
4.354963526901208297e+02
4.348791423328783594e+02
4.317719059531773951e+02
4.313265395137852352e+02
4.289945572673818219e+02
4.297535977824550741e+02
4.288610245394334584e+02
4.310770517986904906e+02
4.313700024787215170e+02
4.341430112279211926e+02
4.341102242914951717e+02
4.357462364756138982e+02
4.341994129687016084e+02
4.345481736975805234e+02
4.324142015992241568e+02
4.329969963088620943e+02
4.317194100269699675e+02
4.334768660867785570e+02
4.334075029264926684e+02
4.361003513157062912e+02
4.363486045071678063e+02
4.385038107676109007e+02
4.374197497500884992e+02
4.378320816840471252e+02
4.351198197749088763e+02
4.344390710229286583e+02
4.313545700915180419e+02
4.310032739859462936e+02
4.288166164511342231e+02
4.297510788485584499e+02
4.290401068408845049e+02
4.314083453565110631e+02
4.317754881447101525e+02
4.345093529058941044e+02
4.343339990927705685e+02
4.357804705914434749e+02
4.340736308245737405e+02
4.343509112742829643e+02
4.322469417250578090e+02
4.329349855482157636e+02
4.318029531825000618e+02
4.337145025177387652e+02
4.337688482674622037e+02
4.365066719962734396e+02
4.366874698525865597e+02
4.386716804069131967e+02
4.373656171042614460e+02
4.375738113418102557e+02
4.347268153087464952e+02
4.340003589872180783e+02
4.309544618445769402e+02
4.307093679818927399e+02
4.286754874671588027e+02
4.297873579296211801e+02
4.292525322796757905e+02
4.317564557132948266e+02
4.321700585574843103e+02
4.348343306246392217e+02
4.344957683742060794e+02
4.357506263769528232e+02
4.339008767599995622e+02
4.341341969034690464e+02
4.320857642346493890e+02
4.328961593684023796e+02
4.319179271000399467e+02
4.339820678203358852e+02
4.341461146246189173e+02
4.369034441825044723e+02
4.369886488561672877e+02
4.387829536874530163e+02
4.372524745559887833e+02
4.372693745813062378e+02
4.343086586394131814e+02
4.335587470241590609e+02
4.305709091658749799e+02
4.304466840675297590e+02
4.285744961661254138e+02
4.298660673633060014e+02
4.295005670145881709e+02
4.321206365273789629e+02
4.325503553378362085e+02
4.351147684080680733e+02
4.345958541638821089e+02
4.356625511486847699e+02
4.336918776108061024e+02
4.339103534481776592e+02
4.319412907945232405e+02
4.328878855538126800e+02
4.320675265527046349e+02
4.342773459188795755e+02
4.345310296912488752e+02
4.372779012711254154e+02
4.372384094442576270e+02
4.388265540360747536e+02
4.370738770538572453e+02
4.369168007760281398e+02
4.338665618650338729e+02
4.331173189728219199e+02
4.302077919311199139e+02
4.302190724988637385e+02
4.285169056767774691e+02
4.299892747430902205e+02
4.297839490923727794e+02
4.324976768831757568e+02
4.329120269275684905e+02
4.353487311041632211e+02
4.346376953283660214e+02
4.355257359215588622e+02
4.334597380995455751e+02
4.336918461391215942e+02
4.318225253907521619e+02
4.329151389209683884e+02
4.322526447385405390e+02
4.345967785786168065e+02
4.349160170280817965e+02
4.376209041860212210e+02
4.374296035459874474e+02
4.387999391108028249e+02
4.368322192616804500e+02
4.365217597856062639e+02
4.334073737366072692e+02
4.326826129749629217e+02
4.298704632351344799e+02
4.300302985287606816e+02
4.285047925209606774e+02
4.301570600097019224e+02
4.300999799226337927e+02
4.328824066712850254e+02
4.332502247127806640e+02
4.355353395223264670e+02
4.346265212165736784e+02
4.353508657735326324e+02
4.332170269393390072e+02
4.334889432359306625e+02
4.317356663843478941e+02
4.329803558170218594e+02
4.324723621933942468e+02
4.349361426151195928e+02
4.352946094357897096e+02
4.379265669586463332e+02
4.375600906825748098e+02
4.387062444307262012e+02
4.365349617324591236e+02
4.360935563895163796e+02
4.329399980823062606e+02
4.322618565044110710e+02
4.295639452045029429e+02
4.298831431178355160e+02
4.285388420868591766e+02
4.303677482850921479e+02
4.304440846139602854e+02
4.332684396779272902e+02
4.335600661530149864e+02
4.356745033661015896e+02
4.345682494935380191e+02
4.351481791686530869e+02
4.329742861847467452e+02
4.333090308918195888e+02
4.316842722093678617e+02
4.330840797134579816e+02
4.327246547332949262e+02
4.352910002166959202e+02
4.356613492808517094e+02
4.381912964419854575e+02
4.376307713016563525e+02
4.385514730385121993e+02
4.361914609978579165e+02
4.356422022514802279e+02
4.324731168059880702e+02
4.318614809634449898e+02
4.292921986952923703e+02
4.297792747880169486e+02
4.286186007887630467e+02
4.306183683356504162e+02
4.308104498042197292e+02
4.336488265850900348e+02
4.338369219625411688e+02
4.357666404342351143e+02
4.344687476207779468e+02
4.349266409040046710e+02
4.327396456961214994e+02
4.331569237293969081e+02
4.316699998428269964e+02
4.332257165640020276e+02
4.330068744352564636e+02
4.356567796133979869e+02
4.360113546225746859e+02
4.384127159464366628e+02
4.376438824784388544e+02
4.383423996748151694e+02
4.358109031424769455e+02
4.351767695240185390e+02
4.320141251260619129e+02
4.314866153493085790e+02
4.290580650527783177e+02
4.297194822291497189e+02
4.287428310396132360e+02
4.309050646456649929e+02
4.311925307185928204e+02
4.340165075582976328e+02
4.340765701672175396e+02
4.358125115755150318e+02
4.343335280339503015e+02
4.346937996245525255e+02
4.325191454596530320e+02
4.330356067960191240e+02
4.316933954287588904e+02
4.334040642764446716e+02
4.333159141505801699e+02
4.360286229522686199e+02
4.363398507503715678e+02
4.385888499694608527e+02
4.376019038083041437e+02
4.380854025592565222e+02
4.354013430160979965e+02
4.347048141454978918e+02
4.315689280912683330e+02
4.311411614248524984e+02
4.288635089530586697e+02
4.297039709867456168e+02
4.289097706832517360e+02
4.312233542457962017e+02
4.315833812770994200e+02
4.343645970073155809e+02
4.342753140905102214e+02
4.358132334618827031e+02
4.341678002068795195e+02
4.344560599324890973e+02
4.323173409563890459e+02
4.329469839430623779e+02
4.317544641502873333e+02
4.336175473760572459e+02
4.336481654427734043e+02
4.364012061710349712e+02
4.366418830754620899e+02
4.387177217678232637e+02
4.375070931991943439e+02
4.377860715328977221e+02
4.349695345010426308e+02
4.342324575671717639e+02
4.311421845368821550e+02
4.308281023213779122e+02
4.287099146976414659e+02
4.297325839220306989e+02
4.291172534177056832e+02
4.315682501026053615e+02
4.319758640281921203e+02
4.346865875286963501e+02
4.344301327779540998e+02
4.357704377832702676e+02
4.339767070951193091e+02
4.342190796778571666e+02
4.321378747279354684e+02
4.328924115965127726e+02
4.318529533532055780e+02
4.338642263215537014e+02
4.339994097154232122e+02
4.367686604893290223e+02
4.369122770016332424e+02
4.387973243938818655e+02
4.373614837597652922e+02
4.374493021715682062e+02
4.345211838108344864e+02
4.337647546295742700e+02
4.307376882805699552e+02
4.305498267648638375e+02
4.285983137869393431e+02
4.298049047801845859e+02
4.293627122500554378e+02
4.319343056869496991e+02
4.323628032272295059e+02
4.349765302617247471e+02
4.345388661984513305e+02
4.356864832922618689e+02
4.337655688088854617e+02
4.339880915589798178e+02
4.319838633481699617e+02
4.328729751505247805e+02
4.319884072650591520e+02
4.341416944012999011e+02
4.343647459915502509e+02
4.371246387101173809e+02
4.371458070999774463e+02
4.388258351240436923e+02
4.371671249406785478e+02
4.370795996720030416e+02
4.340613348727345056e+02
4.333060942106445736e+02
4.303587043529780658e+02
4.303083635409707313e+02
4.285295047383430642e+02
4.299202547525729301e+02
4.296431103770033815e+02
4.323156346549459954e+02
4.327371253505947379e+02
4.352292105963101676e+02
4.346003973060417707e+02
4.355646218889451120e+02
4.335400146671412358e+02
4.337680642283842758e+02
4.318580815249679858e+02
4.328895644538300758e+02
4.321600912300762047e+02
4.344469581704305483e+02
4.347386039423239481e+02
4.374625063734638957e+02
4.373374880458301845e+02
4.388019244128773266e+02
4.369263782260094331e+02
4.366813911800715573e+02
4.335947054918581784e+02
4.328605001372243919e+02
4.300081860701134815e+02
4.301055026203562193e+02
4.285040767638896568e+02
4.300776159765125612e+02
4.299548479659747500e+02
4.327059467782955267e+02
4.330920079025192990e+02
4.354403121661619025e+02
4.346147858455418600e+02
4.354090546617289306e+02
4.333059646931886846e+02
4.335637132291821558e+02
4.317629991060136945e+02
4.329428350841632209e+02
4.323668712180890452e+02
4.347763583014161668e+02
4.351148449332463883e+02
4.377756058554422225e+02
4.374828929263761665e+02
4.387250380769179969e+02
4.366421427834386577e+02
4.362592387024282630e+02
4.331258979581764379e+02
4.324317972072111047e+02
4.296888738399477461e+02
4.299428272364446002e+02
4.285223713389241880e+02
4.302755220169672157e+02
4.302936871738457398e+02
4.330986247538685348e+02
4.334210401109012309e+02
4.356065546202224823e+02
4.345833260962046438e+02
4.352248629915411584e+02
4.330694878295713579e+02
4.333794222647285324e+02
4.317007454127466985e+02
4.330331283718898590e+02
4.326071019124297550e+02
4.351255507437894607e+02
4.354869270378867441e+02
4.380575367305158352e+02
4.375784259982977460e+02
4.385955811458002245e+02
4.363179581891432122e+02
4.358179244326996695e+02
4.326594816656525495e+02
4.320236640687710405e+02
4.294033110499133841e+02
4.298216946268012180e+02
4.285844140190183111e+02
4.305119472810998218e+02
4.306547222899359895e+02
4.334868470037578732e+02
4.337183866005536856e+02
4.357257919249425981e+02
4.345085214661941109e+02
4.350178363015219247e+02
4.328365951712367519e+02
4.332191404858276655e+02
4.316730585385470249e+02
4.331603926107185316e+02
4.328785457368415450e+02
4.354895440748028932e+02
4.358481017947934220e+02
4.383024083338399350e+02
4.376215094155006682e+02
4.384149807858628378e+02
4.359579865013170661e+02
4.353624299288050565e+02
4.321999826932078008e+02
4.316396158787917443e+02
4.291538180146866353e+02
4.297431971493075480e+02
4.286898380297416224e+02
4.307842162544380358e+02
4.310324060767523520e+02
4.338637473819107413e+02
4.339789411571434812e+02
4.357970647709113337e+02
4.343939856568013624e+02
4.347942366354383807e+02
4.326130279755562356e+02
4.330863020403026553e+02
4.316812496801339307e+02
4.333241205111521026e+02
4.331783257696896499e+02
4.358627789849554688e+02
4.361916152397471933e+02
4.385050401392934987e+02
4.376106743400152936e+02
4.381856420382909505e+02
4.355669076897947889e+02
4.348978513054356085e+02
4.317518245489757192e+02
4.312829577703199675e+02
4.289424553136975646e+02
4.297081221265015643e+02
4.288378100332437270e+02
4.310889441517620639e+02
4.314206309695366599e+02
4.342225959956933252e+02
4.341984599785015462e+02
4.358206079961053661e+02
4.342442892856398657e+02
4.345605427504619911e+02
4.324040837192558797e+02
4.329837878985613315e+02
4.317261887223561985e+02
