0.000000000000000000e+00
-4.378289924463985017e-03
-8.991296156168004927e-03
-1.375117631122435569e-02
-1.866086640523434426e-02
-2.370263076204537356e-02
-2.887116597813133012e-02
-3.415833956461256093e-02
-3.957158546143091371e-02
-4.510676076577624372e-02
-5.077203540147934291e-02
-5.656476109550112596e-02
-6.249195000435747716e-02
-6.855151212420196316e-02
-7.474953862060829124e-02
-8.108428284805313524e-02
-8.756129983109417481e-02
-9.417924627666707238e-02
-1.009433960491037396e-01
-1.078528946949290912e-01
-1.149128381551918210e-01
-1.221228200361679228e-01
-1.294876577293280207e-01
-1.370071056289248190e-01
-1.446853034657351600e-01
-1.525215214625745830e-01
-1.605184194368121098e-01
-1.686736905177781409e-01
-1.769872387021678151e-01
-1.854536120611669503e-01
-1.940682358264211871e-01
-2.028205792282733455e-01
-2.116996306449436815e-01
-2.206878254816047047e-01
-2.297660237444461018e-01
-2.389083324712828471e-01
-2.480869332644033420e-01
-2.572680359573951137e-01
-2.664169666331872577e-01
-2.754955343684741820e-01
-2.844677582287431505e-01
-2.932988310153632483e-01
-3.019616443842778608e-01
-3.104372055589692536e-01
-3.187216497314011576e-01
-3.268273935264005559e-01
-3.347896661437061994e-01
-3.426670353253484791e-01
-3.505459337825413968e-01
-3.585388787111014608e-01
-3.667855057738051983e-01
-3.754473021397188859e-01
-3.847046237468703112e-01
-3.947481002880977030e-01
-4.057725577686142060e-01
-4.179664397324813763e-01
-4.315040422534366371e-01
-4.465337740936092814e-01
-4.631685568805323783e-01
-4.814716174397517534e-01
-5.014431161466745834e-01
-5.230019101481957478e-01
-5.459687383070104261e-01
-5.700474421479384546e-01
-5.948120084592574131e-01
-6.196977896956923360e-01
-6.440046579382396885e-01
-6.669100827062948156e-01
-6.874980592481279018e-01
-7.048001308434095336e-01
-7.178512617476826563e-01
-7.257526776097620314e-01
-7.277379127505128054e-01
-7.232277213290672080e-01
-7.118663107662541734e-01
-6.935285168672180589e-01
-6.683020355250164357e-01
-6.364492000469681443e-01
-5.983601709433514770e-01
-5.544972366376441641e-01
-5.053284656082723814e-01
-4.512425983557477593e-01
-3.924532062353591755e-01
-3.289109601257678150e-01
-2.602588970532906387e-01
-1.858544345725476887e-01
-1.048625040723436541e-01
-1.638771696252661059e-02
8.039846707515607704e-02
1.861722212436234258e-01
3.014166075996627114e-01
4.264202588301486685e-01
5.613221909687808875e-01
7.062255524111833438e-01
8.613599461104968213e-01
1.027203731990994129e+00
1.204455489253177802e+00
1.393840298530790278e+00
1.595870087821481320e+00
1.810729618867526369e+00
2.038359709824135280e+00
2.278652227750626480e+00
2.531572419081726366e+00
2.797067859428807424e+00
3.074773046641098517e+00
3.363689661470402825e+00
3.662073197134418479e+00
3.967639220913838471e+00
4.277992671237711875e+00
4.591074480823181148e+00
4.905486445574183563e+00
5.220698068437968686e+00
5.537166744323030798e+00
5.856316956543309971e+00
6.180293188769610424e+00
6.511544317941797999e+00
6.852455095574441657e+00
7.205198325625474354e+00
7.571728670162883645e+00
7.953646158882975215e+00
8.351771088246209729e+00
8.765660740883504332e+00
9.193568392973816117e+00
9.633128399123961572e+00
1.008243776740243902e+01
1.054079611314170961e+01
1.100861931310350883e+01
1.148673372142059179e+01
1.197568400102159103e+01
1.247550429364832780e+01
1.298592090095428375e+01
1.350667696580114807e+01
1.403770182428002045e+01
1.457901387988550823e+01
1.513041732242180615e+01
1.569121284926268345e+01
1.626017180562763542e+01
1.683581931355217876e+01
1.741677227584153798e+01
1.800182012536646425e+01
1.858972665497179833e+01
1.917908725437860085e+01
1.976858055270810155e+01
2.035752461621638076e+01
2.094615777960649439e+01
2.153507808114079580e+01
2.212396717792461232e+01
2.271056287067318635e+01
2.329093088639899634e+01
2.386111509903957995e+01
2.441899244994030482e+01
2.496485207526899330e+01
2.550023920635459262e+01
2.602603600758172320e+01
2.654125727427530990e+01
2.704323408289877761e+01
2.752862690177603611e+01
2.799423860864831681e+01
2.843715451989653786e+01
2.885455792151874732e+01
2.924378540311660402e+01
2.960272880715832144e+01
2.993017671103007871e+01
3.022566526235279127e+01
3.048882834833187871e+01
3.071866637945581147e+01
3.091322239626654778e+01
3.106984291740010917e+01
3.118576458010949182e+01
3.125855423446643044e+01
3.128611437145320906e+01
3.126639901442285918e+01
3.119725764327699835e+01
3.107665452848129917e+01
3.090305490794764864e+01
3.067552544023578776e+01
3.039335571875130881e+01
3.005551738246077775e+01
2.966048278365610713e+01
2.920659582658288400e+01
2.869265504286045143e+01
2.811817396027259974e+01
2.748309663176047479e+01
2.678724508323307418e+01
2.602999469091048468e+01
2.521045523811466182e+01
2.432800425039067704e+01
2.338274975925867238e+01
2.237558506629852673e+01
2.130784102232041732e+01
2.018084889737679077e+01
1.899576484274916766e+01
1.775376331491963811e+01
1.645639905327823271e+01
1.510580986444949758e+01
1.370457512221594243e+01
1.225532468557105403e+01
1.076038855803176375e+01
9.221739390269704018e+00
7.641250769810881138e+00
6.026907762239716249e+00
4.355479036194310538e+00
2.662301010918099564e+00
9.184584116080714011e-01
-8.376045344962221861e-01
-2.636966652843284464e+00
-4.442846604378132724e+00
-6.284913910867203413e+00
-8.128234603910527767e+00
-1.000517840860902652e+01
-1.187994964957874799e+01
-1.378398150721909587e+01
-1.568253680875614009e+01
-1.760895658211609316e+01
-1.953094663528088404e+01
-2.148259358704012811e+01
-2.342804333608876277e+01
-2.539453697945259592e+01
-2.733524066662641872e+01
-2.925970657282891807e+01
-3.109826919816100599e+01
-3.283830371016915706e+01
-3.439919640119228461e+01
-3.577816063204602415e+01
-3.692772576303559617e+01
-3.789531291672142288e+01
-3.868759560396733832e+01
-3.939538933386234021e+01
-4.004775920615361429e+01
-4.073163921202763049e+01
-4.144817853224117243e+01
-4.224134527899013847e+01
-4.306640844605203711e+01
-4.392983213294940015e+01
-4.476515410604076806e+01
-4.557497918183116781e+01
-4.630441499085441137e+01
-4.697668227910060068e+01
-4.755877248865817819e+01
-4.809095368508076263e+01
-4.854857759019705554e+01
-4.897028126135899129e+01
-4.932144834516373066e+01
-4.962558828269595779e+01
-4.983188043487280083e+01
-4.995117379418400105e+01
-4.992732218391472543e+01
-4.977523151310845151e+01
-4.945252164002738482e+01
-4.899594603362379530e+01
-4.838948876501967788e+01
-4.769605712345799020e+01
-4.692105666968393507e+01
-4.614038883124680979e+01
-4.536148924485655698e+01
-4.465074737604231814e+01
-4.399659599303004143e+01
-4.344062632071461394e+01
-4.294512235066531503e+01
-4.252851467013340425e+01
-4.213628439514161528e+01
-4.177817286198796864e+01
-4.139893001266909778e+01
-4.101361010572634314e+01
-4.057541430288074480e+01
-4.010803022853224320e+01
-3.957125880862474787e+01
-3.899225514946726889e+01
-3.833124492498427571e+01
-3.761391248230154360e+01
-3.679913156166026056e+01
-3.591361162748410152e+01
-3.492141986362480566e+01
-3.385939539046376012e+01
-3.270612551913018251e+01
-3.151554599323139882e+01
-3.028323853960887391e+01
-2.907696420189756736e+01
-2.790015727115837763e+01
-2.682056138076563911e+01
-2.583316289627032347e+01
-2.498965790968009060e+01
-2.426347998801907124e+01
-2.368222109080932114e+01
-2.319592611144867078e+01
-2.281246900147527867e+01
-2.246801344688503832e+01
-2.216343340599121348e+01
-2.183466562963462820e+01
-2.148803875260443874e+01
-2.106889264646815718e+01
-2.059493697424602487e+01
-2.002313511058218864e+01
-1.938188045957349459e+01
-1.863742629231944647e+01
-1.782627172401384996e+01
-1.692226149589521356e+01
-1.596975782697950308e+01
-1.495132315754960928e+01
-1.392096742377748342e+01
-1.287125668618136842e+01
-1.186534653206604162e+01
-1.090245425869716200e+01
-1.004815796031857644e+01
-9.298453745897973022e+00
-8.709314325227637710e+00
-8.260936430747392478e+00
-7.988473500354643875e+00
-7.848312649344393321e+00
-7.851379412616779518e+00
-7.932139165758485433e+00
-8.084348756350209442e+00
-8.231876456334930481e+00
-8.365393205841769486e+00
-8.413180325572284346e+00
-8.376930316663560916e+00
-8.201020612328420611e+00
-7.906434285102477588e+00
-7.458136797119095718e+00
-6.897334236995561696e+00
-6.207590379529165148e+00
-5.446257158253843045e+00
-4.610142897340324453e+00
-3.766733166049334613e+00
-2.919745692470200993e+00
-2.140193683825600601e+00
-1.431675775736721334e+00
-8.610689047136474983e-01
-4.234484789674297645e-01
-1.725665083097283059e-01
-8.590570148624010471e-02
-1.957870885481725054e-01
-4.556336406714081022e-01
-8.728260279375490427e-01
-1.377111190873165469e+00
-1.955746504646413086e+00
-2.524046958807048213e+00
-3.062207951418940866e+00
-3.486829412470228817e+00
-3.787856944157738326e+00
-3.899350716708681830e+00
-3.834897016604600140e+00
-3.556290459573119733e+00
-3.106563998388423897e+00
-2.476279139962343834e+00
-1.734388161471770218e+00
-8.927633993331482998e-01
-3.579594355460358202e-02
8.158146495304663404e-01
1.575727226257981783e+00
2.228037837841384317e+00
2.697518602611580718e+00
2.985042828193854803e+00
3.036991614591670441e+00
2.879662652652086763e+00
2.487455208174878862e+00
1.915815980689558273e+00
1.167722322716031158e+00
3.247291920658881281e-01
-5.885280860546799886e-01
-1.475187538211685023e+00
-2.303269056671183534e+00
-2.977645601148424248e+00
-3.477589042712224909e+00
-3.728384931237769706e+00
-3.737689844918349991e+00
-3.465195652082229572e+00
-2.956427746836652659e+00
-2.209480661567567950e+00
-1.305791372505950676e+00
-2.740445408295499874e-01
7.814387169723886473e-01
1.818532336840917196e+00
2.729890973277861121e+00
3.480951572065350774e+00
3.981926995554090354e+00
4.224544137324642179e+00
4.152239681996206855e+00
3.794709170931355402e+00
3.135673451128354827e+00
2.244887873160678282e+00
1.143382723957074631e+00
-6.693433159682626865e-02
-1.340212844928259983e+00
-2.558891504977964360e+00
-3.672001463810261157e+00
-4.568183608310050658e+00
-5.214079627888736468e+00
-5.526664367986427351e+00
-5.510145963092782040e+00
-5.126041940986510781e+00
-4.427164303762651798e+00
-3.424309210785736468e+00
-2.216625198275210096e+00
-8.547457669433242700e-01
5.320431960391260873e-01
1.875227531009727500e+00
3.041577163869987999e+00
3.973206176524399780e+00
4.561609932023884539e+00
4.786163134379876283e+00
4.585634934023119058e+00
3.993403759603666003e+00
3.005190227546563619e+00
1.710274457423224703e+00
1.553088121248720199e-01
-1.528043319895687091e+00
-3.262298233935553071e+00
-4.898763122798982295e+00
-6.358090200734295649e+00
-7.505290926019824838e+00
-8.289702540966686684e+00
-8.618449024891333465e+00
-8.493953752150673608e+00
-7.884164092301261917e+00
-6.856203128700826710e+00
-5.442318573718694097e+00
-3.769089739078481216e+00
-1.919050015901916595e+00
-5.598960968029587093e-02
1.716590102530972217e+00
3.232320371371429246e+00
4.404397197916182449e+00
5.101904391667858363e+00
5.290276610261116730e+00
4.904297877141743811e+00
3.984099611772990102e+00
2.542885936139100522e+00
6.972565482520849400e-01
-1.470694076744393897e+00
-3.788191142887853857e+00
-6.133930431680937545e+00
-8.315943813994636002e+00
-1.021538849637067869e+01
-1.166454414680117679e+01
-1.258923923932979960e+01
-1.288410754094036292e+01
-1.255108692387159408e+01
-1.156981524682771578e+01
-1.003062179662788367e+01
-7.999083888319205471e+00
-5.643171699420463483e+00
-3.092291802956765423e+00
-5.595958346955285378e-01
1.802787765665925690e+00
3.783909489464690523e+00
5.259605385354234386e+00
6.071679292822409479e+00
6.170660403374995440e+00
5.490359131950981464e+00
4.084483112801194693e+00
1.993960421355382095e+00
-6.242257978244651895e-01
-3.637425555483673634e+00
-6.815504759379223287e+00
-9.976980290199207957e+00
-1.287121600108810071e+01
-1.532652166210448286e+01
-1.713212876380032412e+01
-1.818392567514547409e+01
-1.836213263031186216e+01
-1.767112807793841966e+01
-1.611002386486541127e+01
-1.380465488448874112e+01
-1.087004830979924463e+01
-7.534493424497441083e+00
-3.994725422852638985e+00
-5.337802709207153384e-01
2.628534987148555047e+00
5.220598357167204995e+00
7.069068903168044926e+00
7.981942586239370030e+00
7.894227810431175385e+00
6.744225707557120586e+00
4.610464993356686136e+00
1.577879721822455394e+00
-2.135961458522046996e+00
-6.325135434622779940e+00
-1.067849282504812436e+01
-1.493141670067097948e+01
-1.875393128803307263e+01
-2.190453721030576162e+01
-2.411734468386498520e+01
-2.525198870932263162e+01
-2.517423937982232474e+01
-2.389730323889693864e+01
-2.145234647947268058e+01
-1.801888342767415452e+01
-1.378419671657866274e+01
-9.063030742175669729e+00
-4.147302094881297307e+00
5.823597477379962584e-01
4.812914671282783274e+00
8.190680234524393200e+00
1.047775470592614511e+01
1.144041459885215772e+01
1.099864101306479824e+01
9.104395983062772757e+00
5.878438616580183407e+00
1.474227571784240354e+00
-3.800181869078187447e+00
-9.632490718912094962e+00
-1.559667222851180668e+01
-2.131285268861722670e+01
-2.634367405421460262e+01
-3.035586932655178316e+01
-3.301407634294082527e+01
-3.413589990468585711e+01
-3.357584481850983593e+01
-3.136793537090431983e+01
-2.759554050506335443e+01
-2.251909148109359649e+01
-1.643099837857357670e+01
-9.769150993856555942e+00
-2.958986913606850067e+00
3.483759521689535177e+00
9.118818337771358529e+00
1.348266984532290280e+01
1.625376805523410439e+01
1.714823560596130392e+01
1.607443082507109011e+01
1.301346699012310637e+01
8.155147493825552374e+00
1.757854062314663679e+00
-5.736469609762934851e+00
-1.386195884298717829e+01
-2.203029951887845073e+01
-2.970233386881795923e+01
-3.629598320100103592e+01
-4.135828657601632585e+01
-4.446782433972157378e+01
-4.539596884974150726e+01
-4.399430883940635795e+01
-4.033799478047092180e+01
-3.459366150127686979e+01
-2.714279584021619485e+01
-1.843006014149239036e+01
-9.068094155241396948e+00
3.310318660171560623e-01
9.065294832182530627e+00
1.652170798494148585e+01
2.209092769203891748e+01
2.534469347640924752e+01
2.594139665163766040e+01
2.378706530137969821e+01
1.891809956702491036e+01
1.163486456186240048e+01
2.354768778576271870e+00
-8.283585425175260752e+00
-1.959407288388524648e+01
-3.076062869340330508e+01
-4.102566510993699467e+01
-4.961406346441344795e+01
-5.591917830450961446e+01
-5.941608547472083046e+01
-5.982987584799411707e+01
-5.702618934649660787e+01
-5.115394920718972571e+01
-4.250941342309693027e+01
-3.165283449547087002e+01
-1.924748466602136432e+01
-6.152546166504407665e+00
6.760020656324059019e+00
1.853202490753619713e+01
2.831677659670049252e+01
3.531261778653276906e+01
3.895746341420488079e+01
3.884763284119003401e+01
3.490665421834160043e+01
2.726948833100925640e+01
1.641104819443887664e+01
2.987968533708681207e+00
-1.207404912573713318e+01
-2.777497702698826743e+01
-4.298165308765487680e+01
-5.664017924441623109e+01
-6.772200742582128896e+01
-7.542814378566708911e+01
-7.911533092314516580e+01
-7.847141059516206951e+01
-7.340730532164229771e+01
-6.419645308368285441e+01
-5.133197065619378918e+01
-3.563368163934137556e+01
-1.807489032753028368e+01
1.402691335781582893e-01
1.777967159081788395e+01
3.353384196349372814e+01
4.624091273137719327e+01
5.484770565535006881e+01
5.862845228046353441e+01
5.712108471166197887e+01
5.030468758024676390e+01
3.848295051626757868e+01
2.240281323331419117e+01
3.077945101443674503e+00
-1.814967674921103935e+01
-3.983608631728645832e+01
-6.041118309493026572e+01
-7.842526505236196499e+01
-9.252504653478467844e+01
-1.016806521025406482e+02
-1.051257772444121201e+02
-1.025379549502411010e+02
-9.392757641143850833e+01
-7.976888433430963232e+01
-6.084593048372664725e+01
-3.834723349581543062e+01
-1.367842381906370974e+01
1.147899732668361139e+01
3.539669091000848766e+01
5.628512766058531724e+01
7.255979970564476389e+01
8.284366197081612881e+01
8.621993322686580541e+01
8.218978653231681619e+01
7.085684195657404416e+01
5.280455457280925202e+01
2.919740333741515315e+01
1.576113484619440896e+00
-2.811965224168284294e+01
-5.782516975798557723e+01
-8.537785050649154073e+01
-1.088121990016339851e+02
-1.263752438019247393e+02
-1.367800004804461196e+02
-1.391575433781415541e+02
-1.332351339888450639e+02
-1.192122252122710506e+02
-9.787342744280977058e+01
-7.041784426117999374e+01
-3.854145537996305393e+01
-4.238562030936009251e+00
3.015806785664244671e+01
6.224113975003774613e+01
8.956868737920103740e+01
1.099968184492709042e+02
1.217459379671582838e+02
1.236991890515860177e+02
1.153804473466144600e+02
9.713703630782140408e+01
7.000108589087994915e+01
3.576416083610206442e+01
-3.267799983267764219e+00
-4.431004371930725938e+01
-8.444628274764215803e+01
-1.207330742103251850e+02
-1.505620158615108721e+02
-1.717234590792104427e+02
-1.826861016231136432e+02
-1.825522505206215556e+02
-1.712169466422785717e+02
-1.492093210763925981e+02
-1.177698826106155821e+02
-7.865885785042269163e+01
-3.423693226838213377e+01
1.272773633977055852e+01
5.903033468097044079e+01
1.013430637037174620e+02
1.363483030712383197e+02
1.611864214648509233e+02
1.736197256162326994e+02
1.723802016048971382e+02
1.571464200649802478e+02
1.286994919658673098e+02
8.875736182601394830e+01
4.002188775982835978e+01
-1.411746250687554038e+01
-6.971083819619229871e+01
-1.227151902442096798e+02
-1.692142197556092924e+02
-2.058653264286526792e+02
-2.300117409930984991e+02
-2.399792916502630646e+02
-2.350158286670020971e+02
-2.153959223301866359e+02
-1.821820666634591817e+02
-1.372351391795176596e+02
-8.300728423404370915e+01
-2.266102832711305837e+01
4.006982593746397470e+01
1.008414218154441642e+02
1.550988565643401671e+02
1.983898452255992879e+02
2.270184220996191016e+02
2.383416681510154831e+02
2.311256254838069708e+02
2.054437494865776443e+02
1.627623097454913932e+02
1.057674668909318143e+02
3.842044274378952196e+01
-3.440793506403292668e+01
-1.072347769146662131e+02
-1.746359744353100609e+02
-2.316190853899915965e+02
-2.741451849349696772e+02
-2.992670108182974786e+02
-3.054268301651605952e+02
-2.923502668773340361e+02
-2.610274932122691212e+02
-2.133049166620161259e+02
-1.517826879592666955e+02
-7.963202977930609450e+01
-8.565059982481670886e-01
7.968906926975887473e+01
1.562236268608058936e+02
2.226268950745104576e+02
2.731189047571988340e+02
3.032501490108785447e+02
3.102980548750562093e+02
2.934552083634567907e+02
2.534812465325908306e+02
1.927246688500744085e+02
1.150996042709049334e+02
2.623154675014097847e+01
-6.709152085428445389e+01
-1.575718600248801522e+02
-2.383612432890751620e+02
-3.035478469139509912e+02
-3.486818987655792057e+02
-3.709048121769742465e+02
-3.692331930228682495e+02
-3.443631665208959589e+02
-2.984208332026095150e+02
-2.342474828975610421e+02
-1.551323744554487121e+02
-6.476104032050352544e+01
3.217085713663504976e+01
1.296090441313351675e+02
2.200669184050736931e+02
2.956719511715822364e+02
3.494936760647198071e+02
3.768917000151975571e+02
3.757315074451748842e+02
3.460393289979971314e+02
2.892932787741706306e+02
2.086970065002316232e+02
1.096555577524607088e+02
-9.351100790490818326e-02
-1.116034718981493370e+02
-2.159136504226161719e+02
-3.051693274778813247e+02
-3.730500162580003121e+02
-4.152543782617939883e+02
-4.295867036359229587e+02
-4.161616974457974720e+02
-3.771019037652042130e+02
-3.159930987852915791e+02
-2.366981027893025953e+02
-1.428581882584920777e+02
-3.817227967566088864e+01
7.228421352492807728e+01
1.812471264162880971e+02
2.794978072461661895e+02
3.578135954345250411e+02
4.090187792075410016e+02
4.292421388195139116e+02
4.174108411688225715e+02
3.742007142108074049e+02
3.013924318103295263e+02
2.030453568922707746e+02
8.643447056799845996e+01
-3.845443907610604128e+01
-1.609576014993576791e+02
-2.712276916928200876e+02
-3.611559040045834763e+02
-4.247206117174519591e+02
-4.584542666516332474e+02
-4.612747737406230044e+02
-4.345990277087649361e+02
-3.821167114077835549e+02
-3.088831315351237663e+02
-2.194625633024895706e+02
-1.172344500700585286e+02
-5.373505955176597126e+00
1.108278494027177885e+02
2.229784407544300393e+02
3.207011731451267451e+02
3.946065741687866648e+02
4.384676786202797985e+02
4.496276732289308029e+02
4.276491904420640822e+02
3.731413037772902044e+02
2.880296809652442107e+02
1.775941232262692893e+02
5.098931446252959176e+01
-8.024642424518754069e+01
-2.047368350794419598e+02
-3.126058107268281105e+02
-3.962070679976888528e+02
-4.505072649840823260e+02
-4.732069628412195357e+02
-4.642295800633595491e+02
-4.261358869099508979e+02
-3.639919234150198690e+02
-2.838497871652412528e+02
-1.902876743920744502e+02
-8.591713611047248378e+01
2.658611624583602406e+01
1.415085582530409738e+02
2.496771624313050779e+02
3.406078359624804079e+02
4.059172478253155987e+02
4.408049342275741083e+02
4.434271390830364226e+02
4.132301685276632952e+02
3.505051160246491690e+02
2.577804407539546219e+02
1.417261013515347940e+02
1.268542508627797361e+01
-1.173280071967394633e+02
-2.370880040614233053e+02
-3.372783507853491756e+02
-4.112436340106478951e+02
-4.551301236100403571e+02
-4.674771931857758318e+02
-4.488682145431260437e+02
-4.027940174115293530e+02
-3.352407688750330976e+02
-2.525159149825215650e+02
-1.585964627133173508e+02
-5.538188353267901221e+01
5.437540294838845512e+01
1.643019953113282554e+02
2.649244622917794914e+02
3.464913596305589181e+02
4.021363389388562837e+02
4.282842709333687026e+02
4.233345489592786635e+02
3.863406834131731102e+02
3.177108567589530139e+02
2.210412777873305004e+02
1.040621993160528973e+02
-2.257876415152406935e+01
-1.472135504374773518e+02
-2.592529562947333375e+02
-3.502356430011620887e+02
-4.145692178769659790e+02
-4.492246739757509886e+02
-4.531444929726347937e+02
-4.273961682050302784e+02
-3.761980168765938970e+02
-3.059610755878282475e+02
-2.226354861403701761e+02
-1.294067218401642094e+02
-2.795135193287308084e+01
7.834706562692576881e+01
1.824120735863276650e+02
2.748612860506819970e+02
3.470746955660077901e+02
3.936295152455586503e+02
4.117154566590950253e+02
3.996906546218737049e+02
3.565104087198042180e+02
2.832735341122091768e+02
1.846864410835978560e+02
6.901630808879599499e+01
-5.334688653232365141e+01
-1.714290024849067322e+02
-2.754460851224939120e+02
-3.578212496039030839e+02
-4.137887326993836723e+02
-4.407570970052669281e+02
-4.378962936575210847e+02
-4.067418771949905363e+02
-3.520353291920264951e+02
-2.801705158966770455e+02
-1.964254670567195262e+02
-1.034100218722630871e+02
-3.087753046815237212e+00
1.002910813264620629e+02
1.990804253936729538e+02
2.842292540075014813e+02
3.482240072759135501e+02
3.866849565065823526e+02
3.972239488267418892e+02
3.782439005719692204e+02
3.290410004707723601e+02
2.516634051810119672e+02
1.517164345737455733e+02
3.769629887971245807e+01
-8.041319043313069415e+01
-1.923757572807730867e+02
-2.892086549993865674e+02
-3.641052931509703967e+02
-4.128737310118821711e+02
-4.331910882205278881e+02
-4.245020835374650119e+02
-3.888294806484545347e+02
-3.312201817492535838e+02
-2.577596296385497112e+02
-1.730401765041084445e+02
-7.941665900708721892e+01
2.059209111904908696e+01
1.218833702959692573e+02
2.163974278997957299e+02
2.954649135091601693e+02
3.524374318771016306e+02
3.836187381127226672e+02
3.869213338991388582e+02
3.609746939511500159e+02
3.056837431427547926e+02
2.240648543738830085e+02
1.224444388005778137e+02
9.471386999056903733e+00
-1.052199842148314701e+02
-2.120298558639877342e+02
-3.026726996530016436e+02
-3.709828403017660321e+02
-4.132186592588263352e+02
-4.273366554957972880e+02
-4.131685255856825165e+02
-3.732274507460404607e+02
-3.127156138438869561e+02
-2.373018068824139846e+02
-1.510026538379830754e+02
-5.613282292333087753e+01
4.416202897454923004e+01
1.440137220625642840e+02
2.350468767860005528e+02
3.089342081816382688e+02
3.596790730774123404e+02
3.840712746734409393e+02
3.802992274821940555e+02
3.473376177261591238e+02
2.858115694104176328e+02
1.996484790327302790e+02
9.579626462547753363e+01
-1.692318131472302412e+01
-1.291064106585926083e+02
-2.316396215698266019e+02
-3.168170041329693163e+02
-3.790387558151830376e+02
-4.149887545656495718e+02
-4.229700171315719786e+02
-4.032998688802872493e+02
-3.589893125348246485e+02
-2.953286188810655517e+02
-2.175607925680800463e+02
-1.292385425902956513e+02
-3.275574413725291834e+01
6.810831947421513632e+01
1.667952856159051862e+02
2.546832236280342840e+02
3.237719277924621792e+02
3.686170012138121592e+02
3.864137598755303316e+02
3.756160489851386046e+02
3.355960658310077633e+02
2.677333574573365240e+02
1.768036176665925723e+02
7.032030300186727345e+01
-4.269193403552048949e+01
-1.529588505630748614e+02
-2.517285174591310692e+02
-3.317975872320112103e+02
-3.881036909908801817e+02
-4.177614757560590988e+02
-4.194816069467910324e+02
-3.941422216415600701e+02
-3.452651050010077824e+02
-2.782003146683713908e+02
-1.977810856119954224e+02
-1.071852938790973440e+02
-8.970404423946092720e+00
9.244181953376710226e+01
1.898608865718921379e+02
2.745005718904297964e+02
3.387347125852804766e+02
3.776596850763950215e+02
3.888473448433388739e+02
3.710002987769632909e+02
3.239133874374570041e+02
2.497347136443988802e+02
1.540364795884736395e+02
4.485056685362360440e+01
-6.859393619574564127e+01
-1.771001660915619595e+02
-2.722139911295477077e+02
-3.472083197633302802e+02
-3.975500273090235055e+02
-4.207848345002846600e+02
-4.160773927273444883e+02
-3.849246915924692871e+02
-3.313612622771146903e+02
-2.607618464625894603e+02
-1.775540885231781658e+02
-8.461705550158637834e+01
1.524099285207523735e+01
1.169311426461174506e+02
2.126900024964076010e+02
2.936816412508896974e+02
3.527471789446819912e+02
3.855467924790232246e+02
3.900074951305743980e+02
3.650626613886953464e+02
3.109621245874474198e+02
2.306395076113260529e+02
1.304151353218920804e+02
1.878339626471461088e+01
-9.485329816959938398e+01
-2.013739927857524776e+02
-2.926180203619005056e+02
-3.623474563850903678e+02
-4.065518184832851034e+02
-4.231990315151812752e+02
-4.119491803706042106e+02
-3.749593457633714593e+02
-3.167477642822340727e+02
-2.426477872057872105e+02
-1.566708202565229158e+02
-6.147984468553386250e+01
3.976348505208602546e+01
1.412757277080852418e+02
2.348017189346198847e+02
3.116023562243688048e+02
3.650924001658173665e+02
3.915100599376610262e+02
3.891034575567168758e+02
3.570294022756042978e+02
2.960484632136137861e+02
2.098990552818873994e+02
1.055944783691235216e+02
-7.977994378878065618e+00
-1.212990261980141895e+02
-2.253595067102481266e+02
-3.123308263647982699e+02
-3.764952526040678435e+02
-4.143496420437229517e+02
-4.242745316832583171e+02
-4.064696828604867846e+02
-3.637701663513681183e+02
-3.011071670211590572e+02
-2.236763157326910800e+02
-1.350640078107527415e+02
-3.782186303786761528e+01
6.442252107597755639e+01
1.651811935112754099e+02
2.558221168119526965e+02
3.278676799317892119e+02
3.753940927516352986e+02
3.952006430159784713e+02
3.858097615011499784e+02
3.466181863069037945e+02
2.789757156176727904e+02
1.874358308208336439e+02
7.963641237693627772e+01
-3.522406408116830789e+01
-1.475804256904168597e+02
-2.485934019923973324e+02
-3.308268283099947098e+02
-3.891112624632652910e+02
-4.204242270305936131e+02
-4.235590006169658750e+02
-3.993020419016467031e+02
-3.511531672365881604e+02
-2.843454814749986781e+02
-2.038269959583504942e+02
-1.127733711346024847e+02
-1.375612733048717473e+01
8.902350873544037313e+01
1.883964618365032493e+02
2.755022040239190346e+02
3.422864993268016178e+02
3.835353194779498835e+02
3.965584805394847763e+02
3.801059386393269506e+02
3.338632504139640105e+02
2.598572777011622748e+02
1.634456281335098993e+02
5.280914339941421076e+01
-6.262996308533661249e+01
-1.733360718369848428e+02
-2.707072862053007043e+02
-3.477638930565710780e+02
-3.998961431374923450e+02
-4.245290600589312930e+02
-4.208853440337616689e+02
-3.903809443715935572e+02
-3.371313570096168633e+02
-2.665315611905890023e+02
-1.831812416586342351e+02
-8.989759890311472645e+01
1.057766045338087224e+01
1.133839383944932706e+02
2.107348415966463335e+02
2.937124424303348178e+02
3.548240732379342717e+02
3.895675886225055820e+02
3.956901793227171993e+02
3.721385439386687040e+02
3.189674270740684960e+02
2.389593912146664252e+02
1.382386754326392975e+02
2.543962450524691121e+01
-8.987799039298613479e+01
-1.982803895568234793e+02
-2.914716063077410695e+02
-3.629830438745584615e+02
-4.087550147558507092e+02
-4.266296357778559241e+02
-4.162930352647048835e+02
-3.798195089317085262e+02
-3.218564112729564499e+02
-2.478082712423540670e+02
-1.618551950383497342e+02
-6.654944939780375535e+01
3.504325342956099121e+01
1.373520729516992560e+02
2.320754681354746936e+02
3.104158930318658349e+02
3.655421380118652905e+02
3.936254995651261197e+02
3.927707352427366914e+02
3.621183374644959940e+02
3.021940371715121501e+02
2.165899650051914023e+02
1.121357361913244404e+02
-2.171379005201288237e+00
-1.167138117563147262e+02
-2.222250746586240666e+02
-3.107794859680290074e+02
-3.764574274508005374e+02
-4.157220985924416823e+02
-4.268142738281892434e+02
-4.099300975359827248e+02
-3.678088274022227893e+02
-3.055172550020998870e+02
-2.283221035099361416e+02
-1.399547167256266675e+02
-4.282990658673054440e+01
5.952174650442134407e+01
1.608089490220459084e+02
2.523475864959400496e+02
3.256292380182430861e+02
3.745402266883706943e+02
3.958588139916696491e+02
3.879753350682337896e+02
3.502535776074894329e+02
2.837984568315980596e+02
1.930326923371137582e+02
8.541396141129803254e+01
-2.978409223701908104e+01
-1.429568775628735011e+02
-2.450632413460959924e+02
-3.286051468643140083e+02
-3.882304440640437520e+02
-4.208883661480933824e+02
-4.252177304773591686e+02
-4.019756910480267038e+02
-3.545459686766786831e+02
-2.882828239909916306e+02
-2.081872009993896881e+02
-1.175585055897652182e+02
-1.882238543817629761e+01
8.391037168622949594e+01
1.836580330842882631e+02
2.715067137375880293e+02
3.393847506863667149e+02
3.819107527140547518e+02
3.963891091179075374e+02
3.814417279228546249e+02
3.367155292929259076e+02
2.639941386515728254e+02
1.685187957895644786e+02
5.829031284165614579e+01
-5.722122697840154615e+01
-1.684857068136893758e+02
-2.667394604605216273e+02
-3.449610414416538902e+02
-3.983657537796151473e+02
-4.243511843807913806e+02
-4.219727938939100227e+02
-3.925950085108257213e+02
-3.401971519735397465e+02
-2.702792547332699655e+02
-1.874780590388878636e+02
-9.472089078721694477e+01
5.400817320184046366e+00
1.081134483490239973e+02
2.058110540501569403e+02
2.895130740143586081e+02
3.517036160357852168e+02
3.877142031674542295e+02
3.952913959502453736e+02
3.732586220680427687e+02
3.216293855683094307e+02
2.429451384128562950e+02
1.432256036566323019e+02
3.092859802929399393e+01
-8.435213693962327852e+01
-1.932144975227398049e+02
-2.872208925987914654e+02
-3.598659355709501710e+02
-4.069167274427989582e+02
-4.261884544004315103e+02
-4.171885650384980977e+02
-3.819219617654241006e+02
-3.248878946205377360e+02
-2.515899955718130059e+02
-1.662380174950235414e+02
-7.148300335168005404e+01
2.976843643616257395e+01
1.320328277887182367e+02
2.271771778500494747e+02
3.063187924893263698e+02
3.625842894995037113e+02
3.919732215104870647e+02
3.925952259558248443e+02
3.634721492040198427e+02
3.050819013765193404e+02
2.207753097696635223e+02
1.172899611921882297e+02
3.456975572579267464e+00
-1.110723978924228277e+02
-2.170719160509606240e+02
-3.064770345979417243e+02
-3.733271399484082167e+02
-4.139138215669295278e+02
-4.264518220876393002e+02
-4.109474533886150880e+02
-3.700595629349114688e+02
-3.087082416284261512e+02
-2.322664397203962494e+02
-1.444926718647238886e+02
-4.788452915108939578e+01
5.420181865092308726e+01
1.555619557821260059e+02
2.476585379234132915e+02
3.218647689352283123e+02
3.720032916269935868e+02
3.946793296053103859e+02
3.882970382765932982e+02
3.521014701788418506e+02
2.871368238829370512e+02
1.975845021109971640e+02
9.082608781311182611e+01
-2.401381461858636612e+01
-1.372868071743579321e+02
-2.399872796513857338e+02
-3.244698013848084770e+02
-3.853349692970842852e+02
-4.193647145168822590e+02
-4.251715715966834637e+02
-4.033121995133668065e+02
-3.570883938843871306e+02
-2.917233234783244598e+02
-2.123404860137096648e+02
-1.222619956630276192e+02
-2.397240596093320164e+01
7.861025729178334132e+01
1.785846238733619202e+02
2.671516262486721871e+02
3.360844141778813992e+02
3.799228894019857989e+02
3.958050011690072552e+02
3.823760997677136402e+02
3.391560717788401007e+02
2.678509796391551845e+02
1.734644391475291059e+02
6.394099407854389483e+01
-5.137691417755490875e+01
-1.628991674985711597e+02
-2.618849020176413092e+02
-3.411520350767381160e+02
-3.958652811940596621e+02
-4.232614525471784077e+02
-4.223666010987698769e+02
-3.943360342876229652e+02
-3.430763767438018590e+02
-2.739833326150042012e+02
-1.918347818429338076e+02
-9.956891323974798524e+01
1.942898018797905024e-01
1.028900475742253775e+02
2.009775018829741384e+02
2.855521907256927534e+02
3.489102559851817205e+02
3.863003294373014569e+02
3.953155576058334191e+02
3.748088904961415437e+02
3.246500305917500100e+02
2.472866891750232980e+02
1.485101992666284332e+02
3.674434272502321619e+01
-7.852212826798040624e+01
-1.878087787671382785e+02
-2.826846660396981861e+02
-3.564710112351426119e+02
-4.048858016144633893e+02
-4.255898873740354134e+02
-4.180547574962630506e+02
-3.840716087528582534e+02
-3.280861922943018953e+02
-2.555304702264130015e+02
-1.707695679337386991e+02
-7.644437406197198470e+01
2.454260650216599515e+01
1.269262527966023981e+02
2.226147641896586720e+02
3.027610206400153174e+02
3.602801428496449034e+02
3.910951953889141350e+02
3.931780480172474199e+02
3.655795496606450570e+02
3.086112521563320570e+02
2.255189366281438197e+02
1.228261753394359630e+02
9.352584841427528772e+00
-1.053341418583592031e+02
-2.119116922622821448e+02
-3.023059121859164406e+02
-3.703736165782773355e+02
-4.123629607441513372e+02
-4.263382814639139724e+02
-4.122607976201467750e+02
-3.725766259530046796e+02
-3.121791681151700573e+02
-2.364026864211093653e+02
-1.491666742304241779e+02
-5.292984838743393539e+01
4.898610563981787891e+01
1.505960019739778772e+02
2.433731967629378232e+02
3.186887027208872496e+02
3.701412649677121181e+02
3.942735976714985782e+02
3.893665416063391831e+02
3.546860550708768187e+02
2.910857175837933255e+02
2.026377210909935229e+02
9.652735837378043016e+01
-1.811114175653142411e+01
-1.316941844243561945e+02
-2.351043039309151936e+02
-3.206720109585126579e+02
-3.828108796135833245e+02
-4.182673664010700350e+02
-4.255035281087834278e+02
-4.050209422148663521e+02
-3.599158363375459544e+02
-2.954160343692306583e+02
-2.166351453271590799e+02
-1.270517170311240989e+02
-2.907822950823720021e+01
7.342646083812633151e+01
1.737723324249999450e+02
2.631366226455944570e+02
3.332584010076742516e+02
3.784515783082807729e+02
3.958094335420730658e+02
3.838645581011503509e+02
3.421429027842758614e+02
2.721378697532680917e+02
1.787470145581895622e+02
6.973762372291184874e+01
-4.551940639727376947e+01
-1.574831494266810523e+02
-2.572872968986664546e+02
-3.377139134899654209e+02
-3.937407854223624213e+02
-4.225773028308443600e+02
-4.230946561161239856e+02
-3.963841897889205370e+02
-3.461601151109805983e+02
-2.778556939315636782e+02
-1.962606201095896949e+02
-1.044554452117577057e+02
-4.953888734245879277e+00
9.775560672220797187e+01
1.963278976564624827e+02
2.817990225115115663e+02
3.464065579207717747e+02
3.851791020337825557e+02
3.956837184776092045e+02
3.766657836743095231e+02
3.279813973728087149e+02
2.518486153603540743e+02
1.539619342748666213e+02
4.258669536137290379e+01
-7.274353300103337006e+01
-1.825847432968013777e+02
-2.783687388748609237e+02
-3.533719933415736705e+02
-4.031293244679251302e+02
-4.252804731610198132e+02
-4.191340281972030652e+02
-3.864112028265033132e+02
-3.313837724448027302e+02
-2.595532692910214791e+02
-1.753098000379733321e+02
-8.141484099445233369e+01
1.936767171384758512e+01
1.218580442120954785e+02
2.181381686031967320e+02
2.992662038323692286e+02
3.580819619058877379e+02
3.902999393776676698e+02
3.938831421181540691e+02
3.677740880244133450e+02
3.122485796622892167e+02
