0.000000000000000000e+00
-3.623865552795137204e-25
-3.623766694340279687e-25
-3.623756656974545479e-25
-3.623756656217854970e-25
-3.623756656308644460e-25
-3.623756655921218970e-25
-3.623756656607070333e-25
-3.623756656111161409e-25
-3.623756656405896873e-25
-3.623756656157062626e-25
-3.623756656239116724e-25
-3.623756656380220127e-25
-3.623756656297495630e-25
-3.623756656150353584e-25
-3.623756656315542224e-25
-3.623756656347152920e-25
-3.623756656239477637e-25
-3.623756656131877201e-25
-3.623756656394934010e-25
-3.623756656174478310e-25
-3.623756656227067907e-25
-3.623756656682770332e-25
-3.623756656276010716e-25
-3.623756656261026377e-25
-3.623756656147745456e-25
-3.623756656680600260e-25
-3.623756656427879994e-25
-3.623756656084662735e-25
-3.623756656297311500e-25
-3.623756656324852966e-25
-3.623756656233951896e-25
-3.623756656212391676e-25
-3.623756656268905404e-25
-3.623756656270552473e-25
-3.623756656243520695e-25
-3.623756656233050989e-25
-3.623756656445306698e-25
-3.623756656115166814e-25
-3.623756656473225607e-25
-3.623756656220437843e-25
-3.623756655985973097e-25
-3.623756656730411374e-25
-3.623756656332416537e-25
-3.623756656363622239e-25
-3.623756656082999135e-25
-3.623756656302454747e-25
-3.623756656053831723e-25
-3.623756656376598594e-25
-3.623756656234852802e-25
-3.623756656339499350e-25
-3.623756656049790502e-25
-3.623756656494921743e-25
-3.623756656159096783e-25
-3.623756656419950918e-25
-3.623756656189818511e-25
-3.623756656030949072e-25
-3.623756656466900438e-25
-3.623756656287773006e-25
-3.623756656218166751e-25
-3.623756656231276728e-25
-3.623756656412256940e-25
