0.000000000000000000e+00
1.890458712858299445e-23
1.890462678880133933e-23
1.890460915143233516e-23
1.890460915125626667e-23
1.890460915132056621e-23
1.890460915130592543e-23
1.890460915134997121e-23
1.890460915127403721e-23
1.890460915132424551e-23
1.890460915128499576e-23
1.890460915136466195e-23
1.890460915125971675e-23
1.890460915132536223e-23
1.890460915126992298e-23
1.890460915129928389e-23
1.890460915128483119e-23
1.890460915133771374e-23
1.890460915126461268e-23
1.890460915129116122e-23
1.890460915134019697e-23
1.890460915129925156e-23
1.890460915126632303e-23
1.890460915132030761e-23
1.890460915130177300e-23
1.890460915130081791e-23
1.890460915126326674e-23
1.890460915132364601e-23
1.890460915131102120e-23
1.890460915133519818e-23
1.890460915127017865e-23
1.890460915128591852e-23
1.890460915130981632e-23
1.890460915130620755e-23
1.890460915130724199e-23
1.890460915130861731e-23
1.890460915135005937e-23
1.890460915125857064e-23
1.890460915126275834e-23
1.890460915126475962e-23
1.890460915128867505e-23
1.890460915127896547e-23
1.890460915125875872e-23
1.890460915122630332e-23
1.890460915132745461e-23
1.890460915125533216e-23
1.890460915130761814e-23
1.890460915132780138e-23
1.890460915130533475e-23
1.890460915124335681e-23
1.890460915135847003e-23
1.890460915132989964e-23
1.890460915131899105e-23
1.890460915132060736e-23
1.890460915125602570e-23
1.890460915131044521e-23
1.890460915129987164e-23
1.890460915128823718e-23
1.890460915126561773e-23
1.890460915136213757e-23
1.890460915129580443e-23
1.890460915130048583e-23
