0.000000000000000000e+00
0.000000000000000000e+00
4.184650890717395377e+00
1.229808686834397413e+01
1.796616964194563337e+01
1.733922975640614439e+01
1.481094009866423811e+01
1.450992988834419606e+01
1.436985998021454058e+01
1.430210543744679796e+01
1.427037421642481441e+01
1.425598403770427680e+01
1.424955685722495424e+01
1.424666361986579943e+01
1.424531887145145426e+01
1.424466175671342860e+01
1.424432222128477932e+01
1.424413790129413826e+01
1.424403408093382772e+01
1.424397413357007380e+01
1.424393895582970337e+01
