-2.499999999999995652e-07
-9.999999999999976254e-07
-2.249999999999991587e-06
-3.999999999999943068e-06
-6.249999999999933384e-06
-8.999999999999800328e-06
-1.224999999999975905e-05
-1.599999999999960286e-05
-2.024999999999978071e-05
-2.500000000000234917e-05
-3.025000000002161973e-05
-3.600000000014695774e-05
-4.225000000085662511e-05
-4.900000000441158318e-05
-5.625000002047506840e-05
-6.400000008696686202e-05
-7.225000034307206846e-05
-8.100000127333022702e-05
-9.025000448690777819e-05
-1.000000150624128561e-04
-1.102500480588276252e-04
-1.210001447891541229e-04
-1.322504083076966972e-04
-1.440010674613190482e-04
-1.562525601560385048e-04
-1.690055603678058266e-04
-1.822607268360944104e-04
-1.960177346598780072e-04
-2.102730164208079888e-04
-2.250159769697237481e-04
-2.402247926716863553e-04
-2.558654117058694602e-04
-2.718998318037396363e-04
-2.883089880204597498e-04
-3.051279290384842531e-04
-3.224765292465166006e-04
-3.405566814213197035e-04
-3.595930147231199241e-04
-3.797286813327247434e-04
-4.009348665650921246e-04
-4.230085628499217804e-04
-4.456811209275931521e-04
-4.687639285153007498e-04
-4.922079637280379503e-04
-5.160249878277085389e-04
-5.401604943731401140e-04
-5.644656531282213167e-04
-5.887999381642137261e-04
-6.131319291049258571e-04
-6.375071068720161672e-04
-6.619323899487748264e-04
-6.863425731573888963e-04
-7.106894689917740444e-04
-7.350090378264934662e-04
-7.593637963765924792e-04
-7.837627524230911941e-04
-8.081895410069296409e-04
-8.326757376744000315e-04
-8.572856106371357478e-04
-8.820524824111285449e-04
-9.069904463485683370e-04
-9.321445120547717242e-04
-9.575701080719647160e-04
-9.832931001042045406e-04
-1.009343619862645373e-03
-1.035785218257806797e-03
-1.062663093377307771e-03
-1.089984889808457607e-03
-1.117789564414594598e-03
-1.146153976054051617e-03
-1.175108911365855841e-03
-1.204647201749371212e-03
-1.234816852470058211e-03
-1.265695217562691011e-03
-1.297294292194992428e-03
-1.329605358769962286e-03
-1.362685542649880307e-03
-1.396595390128057721e-03
-1.431330553493613328e-03
-1.466897309193423028e-03
-1.503353428959657533e-03
-1.540728233498155596e-03
-1.579015349888317340e-03
-1.618244802287537205e-03
-1.658456114176891242e-03
-1.699648526625712006e-03
-1.741834944916275264e-03
-1.785056845757109238e-03
-1.829319266388790407e-03
-1.874616727897555121e-03
-1.920987502961072832e-03
-1.968453372331219892e-03
-2.016997576774062079e-03
-2.066638966364410350e-03
-2.117410290715448368e-03
-2.169298463422345263e-03
-2.222301148674317526e-03
-2.276445138591059406e-03
-2.331722656727007893e-03
-2.388126620564340764e-03
-2.445694477482670583e-03
-2.504448284301807621e-03
-2.564404520365975732e-03
-2.625623967038402586e-03
-2.688140684098140869e-03
-2.751925062123912469e-03
-2.816932373657438180e-03
-2.883067499875207208e-03
-2.950178125921118933e-03
-3.018164413049471625e-03
-3.087013878275445423e-03
-3.156796981817637082e-03
-3.227711260252074093e-03
-3.300003010224553546e-03
-3.373830088244328916e-03
-3.449250344718489056e-03
-3.526218759944909319e-03
-3.604599058201909002e-03
-3.684291955946146589e-03
-3.765283737033117174e-03
-3.847572800823501320e-03
-3.931140866417294315e-03
-4.015908067661495655e-03
-4.101708362062735612e-03
-4.188410411798616957e-03
-4.275988362387842488e-03
-4.364464581433134469e-03
-4.453875176045257733e-03
-4.544217043560341666e-03
-4.635422224978937543e-03
-4.727466139737414828e-03
-4.820415653619358927e-03
-4.914361849979858102e-03
-5.009383601469109826e-03
-5.105507169586736595e-03
-5.202713614972175049e-03
-5.301043949093012589e-03
-5.400601127610699451e-03
-5.501461430971528455e-03
-5.603652587190789680e-03
-5.707158146823573634e-03
-5.811968428662298188e-03
-5.918142129829224128e-03
-6.025734716032607810e-03
-6.134728531788415269e-03
-6.245077458600828239e-03
-6.356749311907420111e-03
-6.469749320657470527e-03
-6.584095385563416142e-03
-6.699742000877277268e-03
-6.816608348630568900e-03
-6.934654796807613111e-03
-7.053869014062939119e-03
-7.174228863072206093e-03
-7.295676237058390350e-03
-7.418130060841078913e-03
-7.541551152810506940e-03
-7.665930134520935677e-03
-7.791226963312935551e-03
-7.917379739120544713e-03
-8.044334662483842296e-03
-8.172066072036198586e-03
-8.300565897577428381e-03
-8.429797475313296692e-03
-8.559710221737220487e-03
-8.690283502229525364e-03
-8.821515886476255508e-03
-8.953403520712497829e-03
-9.085930001367727854e-03
-9.219078666062233487e-03
-9.352855268277757844e-03
-9.487265687691134874e-03
-9.622291825692146430e-03
-9.757901859095681127e-03
-9.894067129204464281e-03
-1.003078048493068718e-02
-1.016805621819560738e-02
-1.030593235728181380e-02
-1.044449008982060306e-02
-1.058384336818034462e-02
-1.072410574662731840e-02
-1.086534140906876035e-02
-1.100752299406185068e-02
-1.115054526788019848e-02
-1.129425667877514972e-02
-1.143850778244167969e-02
-1.158321846662787279e-02
-1.172841223520343715e-02
-1.187422850034253706e-02
-1.202086669584641505e-02
-1.216848187842277905e-02
-1.231715663376778055e-02
-1.246691191684228157e-02
-1.261774292850025188e-02
-1.276967333660239054e-02
-1.292275348912402810e-02
-1.307705920548952322e-02
-1.323264105970098359e-02
-1.338943626704659426e-02
-1.354732063248757258e-02
-1.370618728890007909e-02
-1.386597611662204917e-02
-1.402668725828517225e-02
-1.418832228778379480e-02
-1.435086735569083248e-02
-1.451427815162243014e-02
-1.467845703057630256e-02
-1.484338111543753898e-02
-1.500913289444131757e-02
-1.517579080975618375e-02
-1.534339613548182588e-02
-1.551193792116162089e-02
-1.568141650798108439e-02
-1.585187921027875549e-02
-1.602337006569084371e-02
-1.619597564837364431e-02
-1.636975129806424872e-02
-1.654464646856700777e-02
-1.672063038808963703e-02
-1.689770844494796476e-02
-1.707591014220015760e-02
-1.725525919604721167e-02
-1.743568644516103536e-02
-1.761710954644509636e-02
-1.779946205831665559e-02
-1.798270959383817258e-02
-1.816687194548866069e-02
-1.835186099917002905e-02
-1.853754732840096758e-02
-1.872388574545861759e-02
-1.891082485128109739e-02
-1.909832960793267018e-02
-1.928635502646275021e-02
-1.947482973044901977e-02
-1.966370178606194688e-02
-1.985289816191754958e-02
-2.004243164364726687e-02
-2.023232972081381864e-02
-2.042249744941881939e-02
-2.061289458168343719e-02
-2.080352475994119710e-02
-2.099439279324512644e-02
-2.118553821128528816e-02
-2.137693806026944379e-02
-2.156859266929195967e-02
-2.176054782285679126e-02
-2.195286093581913511e-02
-2.214560147831473938e-02
-2.233869964913397232e-02
-2.253208347933055231e-02
-2.272576094494442936e-02
-2.291966306290032715e-02
-2.311375022073797539e-02
-2.330802650380286306e-02
-2.350255084046758494e-02
-2.369749637138332185e-02
-2.389300726502330621e-02
-2.408918676493282743e-02
-2.428602923028601313e-02
-2.448341126706368026e-02
-2.468121954681848015e-02
-2.487925717645435297e-02
-2.507735261996379278e-02
-2.527546391360776384e-02
-2.547358222662670507e-02
-2.567177677813526487e-02
-2.587008232265358698e-02
-2.606845308073070522e-02
-2.626685053776471601e-02
-2.646523534501900310e-02
-2.666365597076003277e-02
-2.686218356834641982e-02
-2.706085556049715735e-02
-2.725971824963125539e-02
-2.745872197410581875e-02
-2.765776906995746909e-02
-2.785675551069820982e-02
-2.805558200371789657e-02
-2.825424525918709615e-02
-2.845273587332669898e-02
-2.865098272717338246e-02
-2.884887296651894584e-02
-2.904627772633633365e-02
-2.924315176564708241e-02
-2.943950613043870568e-02
-2.963537028928230760e-02
-2.983076785258744618e-02
-3.002569184311837738e-02
-3.022014409205268232e-02
-3.041412613325370634e-02
-3.060768924783078410e-02
-3.080094929449826713e-02
-3.099399603370868450e-02
-3.118686185069697789e-02
-3.137953708540845710e-02
-3.157203462093617630e-02
-3.176442030601912825e-02
-3.195678369168889615e-02
-3.214916397541911497e-02
-3.234151772011367026e-02
-3.253382217215290695e-02
-3.272607783169799445e-02
-3.291829174974496980e-02
-3.311049415353575776e-02
-3.330267254041643227e-02
-3.349478312875751873e-02
-3.368677352800615588e-02
-3.387863253524348722e-02
-3.407040089123077042e-02
-3.426209837724553814e-02
-3.445373109180340648e-02
-3.464525668940687114e-02
-3.483667080647748909e-02
-3.502805792720661143e-02
-3.521944625144161206e-02
-3.541084714258917188e-02
-3.560225953272565247e-02
-3.579366712370803810e-02
-3.598511756382182653e-02
-3.617669519872226958e-02
-3.636851473941498519e-02
-3.656064311499945124e-02
-3.675313169136230906e-02
-3.694607765957268891e-02
-3.713954238538180047e-02
-3.733354417265275643e-02
-3.752795950054821361e-02
-3.772262980132335547e-02
-3.791753590921744660e-02
-3.811267651039761811e-02
-3.830809475237029194e-02
-3.850391140270513490e-02
-3.870027343367161976e-02
-3.889727914216163651e-02
-3.909494048426775947e-02
-3.929325819997851049e-02
-3.949211247264967917e-02
-3.969131041323221282e-02
-3.989073124308476631e-02
-4.009034037424705210e-02
-4.029018643366726743e-02
-4.049018539233310843e-02
-4.069018251350324522e-02
-4.089013964089172060e-02
-4.109002225570053402e-02
-4.128976616293397045e-02
-4.148935255850276504e-02
-4.168889717130966344e-02
-4.188849622556398838e-02
-4.208815246296284535e-02
-4.228789152298382398e-02
-4.248766361468402780e-02
-4.268742930510292799e-02
-4.288721458353227101e-02
-4.308706757868470405e-02
-4.328704892297637052e-02
-4.348707842411675406e-02
-4.368704245478139542e-02
-4.388689921992545984e-02
-4.408664250076312074e-02
-4.428626933820289935e-02
-4.448577319100743832e-02
-4.468520305002277732e-02
-4.488453107961425104e-02
-4.508373547849735957e-02
-4.528285543148752312e-02
-4.548188603500551153e-02
-4.568094023503008194e-02
-4.588015088357003807e-02
-4.607953838222389464e-02
-4.627906901626701458e-02
-4.647875299115308834e-02
-4.667870730222858228e-02
-4.687900524190880686e-02
-4.707967710344612006e-02
-4.728070348982310600e-02
-4.748205595882988572e-02
-4.768374429505576467e-02
-4.788572169162988446e-02
-4.808801635292813542e-02
-4.829062824209822552e-02
-4.849345459144420445e-02
-4.869644790305081156e-02
-4.889954485624186525e-02
-4.910269346771165000e-02
-4.930591796289972989e-02
-4.950924036919517046e-02
-4.971258648288282012e-02
-4.991589326962970335e-02
-5.011919119805605116e-02
-5.032248315107661074e-02
-5.052576766301321992e-02
-5.072900265051397128e-02
-5.093210428091637237e-02
-5.113504996566983068e-02
-5.133788763348280659e-02
-5.154073994323965513e-02
-5.174373587445841444e-02
-5.194694047341572724e-02
-5.215040268296144282e-02
-5.235422885218214695e-02
-5.255840039710729661e-02
-5.276279628347394640e-02
-5.296736697024179846e-02
-5.317196891251697866e-02
-5.337653785225188185e-02
-5.358119239002719081e-02
-5.378604269829139611e-02
-5.399118672419133541e-02
-5.419670235639567624e-02
-5.440262149267183212e-02
-5.460888487195308949e-02
-5.481550443825008306e-02
-5.502250646180027738e-02
-5.522984282102434694e-02
-5.543751853071685054e-02
-5.564550905856870122e-02
-5.585387104796281366e-02
-5.606254517088032907e-02
-5.627134503662344078e-02
-5.648027280692122926e-02
-5.668932289495422910e-02
-5.689856934223103124e-02
-5.710817670441692417e-02
-5.731817732374316215e-02
-5.752852680623785769e-02
-5.773929343955501448e-02
-5.795061375301775036e-02
-5.816249057611765083e-02
-5.837504805437958993e-02
-5.858841098694710786e-02
-5.880256760228057961e-02
-5.901758081155509400e-02
-5.923342429738912007e-02
-5.945006458012754708e-02
-5.966751785220300586e-02
-5.988580036451856409e-02
-6.010497958547092456e-02
-6.032503493995815952e-02
-6.054587245868153778e-02
-6.076745804870838097e-02
-6.098978028207212299e-02
-6.121286255949344446e-02
-6.143684747370730531e-02
-6.166170863346481096e-02
-6.188727164406618297e-02
-6.211363438762012440e-02
-6.234087045153360179e-02
-6.256889230354993614e-02
-6.279778094593591042e-02
-6.302753393004224824e-02
-6.325810071224256814e-02
-6.348951113855891282e-02
-6.372163406496400562e-02
-6.395446160665564650e-02
-6.418802701342492256e-02
-6.442226497916214711e-02
-6.465707961029722173e-02
-6.489232512121743957e-02
-6.512797106041838535e-02
-6.536392407565663754e-02
-6.560020999146522203e-02
-6.583681324017635894e-02
-6.607367741548697548e-02
-6.631075665961669308e-02
-6.654788251210472239e-02
-6.678533138149242432e-02
-6.702292658253947155e-02
-6.726041963553362757e-02
-6.749796484489524462e-02
-6.773534451050318428e-02
-6.797273268179324091e-02
-6.821015037175599816e-02
-6.844769205344794494e-02
-6.868562068856838565e-02
-6.892381972641548060e-02
-6.916233949222500010e-02
-6.940117091016663464e-02
-6.964037235452555374e-02
-6.987965261800242744e-02
-7.011901732576505952e-02
-7.035859973774671872e-02
-7.059813832602687689e-02
-7.083793226314803737e-02
-7.107790547621679889e-02
-7.131811225385202568e-02
-7.155853350960918180e-02
-7.179880596015840444e-02
-7.203935933787418422e-02
-7.228014489195951076e-02
-7.252103446809390896e-02
-7.276210549987181808e-02
-7.300322282401301710e-02
-7.324447188491942096e-02
-7.348569459060608211e-02
-7.372672641453389963e-02
-7.396759018664296470e-02
-7.420834678846226218e-02
-7.444891089537913897e-02
-7.468919046046425259e-02
-7.492955833433169455e-02
-7.516945709020973754e-02
-7.540900382249489386e-02
-7.564880402531357073e-02
-7.588794739340318229e-02
-7.612742642299803741e-02
-7.636678682796935180e-02
-7.660594056272335139e-02
-7.684544700065304434e-02
-7.708418568957345340e-02
-7.732354723068733671e-02
-7.756261461011498826e-02
-7.780152551039801190e-02
-7.804069932332120818e-02
-7.827909734181369428e-02
-7.851806176561634820e-02
-7.875603179740382764e-02
-7.899436784575908366e-02
-7.923201716125938265e-02
-7.946933660535059063e-02
-7.970709209995059663e-02
-7.994312472160419736e-02
-8.018045530990669523e-02
-8.041564812564747089e-02
-8.065183956687077549e-02
-8.088747826841323485e-02
-8.112181825246499167e-02
-8.135764635177830661e-02
-8.159113082886793045e-02
-8.182586807586317290e-02
-8.205959602631796024e-02
-8.229308573330348930e-02
-8.252710633101714710e-02
-8.275879916519766899e-02
-8.299325216457505150e-02
-8.322342271921906454e-02
-8.345703853893758628e-02
-8.368772410890019942e-02
-8.391864890414352240e-02
-8.415122905834650224e-02
-8.437901200485638242e-02
-8.461309410719471125e-02
-8.483987949599088030e-02
-8.507184132402154098e-02
-8.530065630819409772e-02
-8.552920029267488400e-02
-8.575881803438493989e-02
-8.598653578029691325e-02
-8.621394432816667508e-02
-8.644492394463876295e-02
-8.666793051081025934e-02
-8.690305455552163605e-02
-8.712212141106680241e-02
-8.736062181819026495e-02
-8.757650727512883426e-02
-8.781708950860390994e-02
-8.803284989150858553e-02
-8.826944434831082709e-02
-8.849104293371248819e-02
-8.872121476661240513e-02
-8.894643327977590219e-02
-8.917454674854620456e-02
-8.939821170856260268e-02
-8.962662334790533203e-02
-8.985078120329909046e-02
-9.007033422122807942e-02
-9.031055367094407982e-02
-9.049846722855921233e-02
-9.077287454115294529e-02
-9.090626362531699367e-02
-9.120322854161902471e-02
-9.124643338641762191e-02
-9.161889661086404513e-02
-9.161055813871699094e-02
-9.214733726567338190e-02
-9.258288258306891783e-02
-9.325980016178278542e-02
-9.399884239080115444e-02
-9.474007157368816157e-02
-9.151159261960821467e-02
-8.569982478397125680e-02
-9.718787238145723539e-02
-8.696241645813955479e-02
7.931845995227482238e-02
-2.684200345230975393e-01
3.399688073213039008e+00
8.696520368843991378e+00
-3.842796849720607089e+00
2.864101761165622051e+01
-2.737098681507260167e+01
3.602396855230771848e+02
-3.086929425687815751e+02
1.281921009714450975e+03
-1.478141579359601110e+03
1.377325286558874041e+03
-2.300029232880429845e+03
2.710332728730211329e+03
1.197125137433487726e+04
-1.584395745386674753e+04
3.154807729771693121e+05
-3.194727877289701719e+05
3.188255822373143747e+05
-3.498943209246316692e+05
4.000171450419268222e+05
-3.683334266145226429e+05
3.571510559167304309e+05
-3.500398777177361771e+05
5.141033012182181119e+05
-5.320974974902244285e+05
5.233830518361573922e+05
-5.110753236255169031e+05
5.114510038437596522e+05
-5.106908994469635654e+05
3.886570222185474122e+05
-3.916743927932969527e+05
3.924831394873651443e+05
-3.999658794519117218e+05
3.906660345059705433e+05
-5.456328368684614543e+05
6.438070408757305704e+05
-6.395200664254521253e+05
5.871847535854888847e+05
-6.371649094937235350e+05
6.537101258613266982e+05
-6.213779022791380994e+05
6.323721135728904046e+05
-6.215150067494147224e+05
6.134607349321036600e+05
-5.932279441792176804e+05
5.885826872653963510e+05
-5.329451673530421685e+05
5.446018499809855130e+05
-5.234416299125528312e+05
5.319884451847156743e+05
-1.794984794023662806e+06
1.809537673082950991e+06
-1.799919506459659897e+06
1.798367568537694635e+06
-1.845663754177070921e+06
1.851600992851987714e+06
-1.437598964776196051e+06
1.490200197508498328e+06
-1.470724398052410688e+06
1.484852795725532575e+06
-1.554528517618028447e+06
1.394054168921314180e+06
-1.398933326515655033e+06
1.402057801507872064e+06
-1.406868401464192197e+06
1.410773797747743782e+06
-1.409998727182261646e+06
1.409920579987752717e+06
-1.390674321716196137e+06
1.390824085597669007e+06
-1.389046057140542194e+06
1.388880905395384645e+06
-1.406610713593268301e+06
1.398936293559355196e+06
-2.089119924243474146e+06
2.185260825088878162e+06
-1.883263138435672037e+06
1.889016473500442924e+06
-1.875054805549787590e+06
1.879433767009941163e+06
-1.874154828798366245e+06
1.877015445484734373e+06
-1.871833255144463154e+06
1.875177195487394463e+06
-1.869860786027983064e+06
1.873732176231098361e+06
-1.868228043656846508e+06
1.872602592095365515e+06
-1.866901993100365857e+06
1.871706254495804664e+06
-1.865811337823818671e+06
1.870966252330324845e+06
-1.864884170333330054e+06
1.870335212294209516e+06
-1.864081582653696183e+06
1.869793946834767703e+06
-1.863399456902592909e+06
1.869350349944208981e+06
-1.862873112676720368e+06
1.869054817918115295e+06
-1.862605153778109932e+06
1.869045929161780979e+06
-1.862843110316390172e+06
1.869663718178838724e+06
-1.864187941810894758e+06
1.871659502139044693e+06
-1.867912566422303207e+06
1.874400086213152623e+06
-1.872209068680539494e+06
1.881302046409829520e+06
-1.084552675583862513e+08
1.084540040610564798e+08
-1.084569477731656581e+08
1.084544578949830681e+08
-1.084299493943552822e+08
1.084278781855900139e+08
-1.084375845155632496e+08
1.084300085590867400e+08
-1.084313202468382418e+08
1.084302133294203430e+08
-1.084311237411893904e+08
1.084251356849199235e+08
-1.084237074328561723e+08
1.083934030734306574e+08
-1.083679697362792194e+08
1.083157399534744471e+08
-1.083138751820406318e+08
1.082704563361541182e+08
-1.082637357485984862e+08
1.080663737604766190e+08
-1.081342177271756232e+08
1.080487957010718733e+08
-1.081147987555207014e+08
1.083526851272841394e+08
-1.084846047323604822e+08
1.085931447894206941e+08
-1.085011376189048439e+08
1.083893154299701154e+08
-1.083273068913201392e+08
1.090730813032616377e+08
-1.090244213854265809e+08
1.090595870926307589e+08
-1.090404734077971876e+08
1.084346718584413379e+08
-1.086893561515678465e+08
1.087720276542512476e+08
-1.088294431914147139e+08
1.104281058106270880e+08
-1.100390045580867380e+08
1.106587054005975723e+08
-1.104940066427100301e+08
1.104912098417389691e+08
-1.104593034631264210e+08
1.106845531583917439e+08
-1.106703118057302833e+08
1.106943679587282985e+08
-1.106999760527364463e+08
1.106417247432694435e+08
-1.103363123591277897e+08
1.128041577627178133e+08
-1.128359764625560492e+08
1.128103335408069193e+08
-1.128413876957729012e+08
1.128434137111948133e+08
-1.128274104169477075e+08
1.128447059665449113e+08
-1.129643500004390180e+08
1.130127167671872377e+08
-1.129884722022605687e+08
1.130459164917985797e+08
-1.130409782220682800e+08
1.131065941889106035e+08
-1.127336751159398556e+08
1.127579189908821136e+08
-1.126641751770751774e+08
1.125557194297127873e+08
-1.125675360177623481e+08
1.128639718683837652e+08
-1.128821975088164806e+08
1.129023422332522422e+08
-1.130678907613850087e+08
1.131061261606252640e+08
-1.130922274313723147e+08
1.131173230282299966e+08
-1.131083027101572454e+08
1.131229902725052983e+08
-1.131124069759841561e+08
1.131285517414456159e+08
-1.131062792229183167e+08
1.131211114249538779e+08
-1.128598372761017680e+08
1.128746233063855320e+08
-1.129291665457288474e+08
1.135230976269591451e+08
-1.132670999144927859e+08
1.135921635499746799e+08
-1.137438725747002810e+08
1.136599740875602365e+08
-1.136012047293794155e+08
1.136618258368597180e+08
-1.135920149886074364e+08
1.136577401792174876e+08
-1.135834926671886593e+08
1.136596075046346784e+08
-1.135831106270640939e+08
1.136710818502517194e+08
-1.135967704862048179e+08
1.136786422953812033e+08
-1.136044239099920690e+08
1.136895876724390090e+08
-1.136164740704500228e+08
1.137204831748477519e+08
-1.136609656730936468e+08
1.140048479487069398e+08
-1.139966955164207518e+08
1.139832249906920046e+08
-1.139321831903294325e+08
1.139714104617564827e+08
-1.139344535641065389e+08
1.139643159405874610e+08
-1.139346403598194271e+08
1.139709087019814998e+08
-1.139397587075558007e+08
1.139757715078580081e+08
-1.139372017661853135e+08
1.139820403040583581e+08
-1.139443038653678894e+08
1.139795661228964776e+08
-1.139354024498002678e+08
1.139196762996553630e+08
-1.138523980389608592e+08
1.139201748441145420e+08
-1.138503017027004510e+08
1.139183484530380517e+08
-1.138466372245011777e+08
1.139145799417930543e+08
-1.138419880128795654e+08
1.139096118775259107e+08
-1.138370139111815095e+08
1.139043349347418398e+08
-1.138321589397335649e+08
1.138993371819842309e+08
-1.138275740375640541e+08
1.138947987057435662e+08
-1.138232437470021248e+08
1.138906791996229589e+08
-1.138190873720866889e+08
1.138868626878269166e+08
-1.138149973257326484e+08
1.138832097195325941e+08
-1.138108354439349920e+08
1.138795617741104662e+08
-1.138064050648890734e+08
1.138757386897632480e+08
-1.138014005951556861e+08
1.138716760016844273e+08
-1.137955555353015065e+08
1.138734605248787850e+08
-1.138004641311524957e+08
1.138688565737271309e+08
-1.137968120308947861e+08
1.138647450031176656e+08
-1.137943363737275302e+08
1.138628343378750086e+08
-1.137923597090343535e+08
1.138635474622033536e+08
-1.137925858751288503e+08
1.138683183954694718e+08
-1.137996476267812103e+08
1.138688980666249096e+08
-1.137989179636275023e+08
1.138700471653011143e+08
-1.137984346144260764e+08
1.138732539401924312e+08
-1.138012104962470233e+08
1.138756711042756438e+08
-1.138023854831586629e+08
1.138792159436047673e+08
-1.138055718129796833e+08
1.138815402109150738e+08
-1.138064266481278241e+08
1.138851452108619660e+08
-1.138095565754932761e+08
1.138875943086117357e+08
-1.138105325149776936e+08
1.138911996566260606e+08
-1.138135653761412799e+08
1.138937715501524955e+08
-1.138147442886453420e+08
1.138973543826263398e+08
-1.138177575950700492e+08
1.138999991863793731e+08
-1.138192063170262277e+08
1.139034729889609069e+08
-1.138222774335598648e+08
1.139062105721200407e+08
-1.138244251963079721e+08
1.139093754527225643e+08
-1.138278621846879125e+08
1.139125391986778975e+08
-1.138322913632051945e+08
1.139169148184534013e+08
-1.138387313076762110e+08
1.139235969646053761e+08
-1.138462420737717450e+08
1.139312381554748714e+08
-1.138530102279843092e+08
1.139461038906335682e+08
-1.138729076568184346e+08
1.139368234082382768e+08
-1.138590393959696740e+08
1.141517211446596384e+08
-1.141256247198960781e+08
1.142311405475513488e+08
-1.145273744261870235e+08
1.139712873560691327e+08
-1.135495502852293253e+08
1.135856499577542096e+08
-1.136941716269433945e+08
1.267859569981105477e+08
-1.162520488110217601e+08
1.162081415111282170e+08
-1.163206300231988877e+08
1.162243610261517763e+08
-1.163213610178521872e+08
1.162270045366373658e+08
-1.163208454899891764e+08
1.162275402846924663e+08
-1.163196283253007531e+08
1.162269364305840433e+08
-1.163179191073921919e+08
1.162255783821310699e+08
-1.163158224996186644e+08
1.162236616945420206e+08
-1.163133970540883988e+08
1.162212973359471709e+08
-1.163106758738220185e+08
1.162185502200004458e+08
-1.163076759695100784e+08
1.162154567844175249e+08
-1.163044035383852720e+08
1.162120344545971155e+08
-1.163008581757137775e+08
1.162082882725891769e+08
-1.162970362811709940e+08
1.162042167172787338e+08
-1.162929339818149507e+08
1.161998167598316967e+08
-1.162885498160772026e+08
1.161950874863460362e+08
-1.162838856600870639e+08
1.161900325543648452e+08
-1.162789461811386347e+08
1.161846602751187384e+08
-1.162737377835613787e+08
1.161789822673553675e+08
-1.162682665995686054e+08
1.161730107303252369e+08
-1.162625365776960105e+08
1.161667559298861474e+08
-1.162565481960116327e+08
1.161602240771126151e+08
-1.162502971978291869e+08
1.161534168083794713e+08
-1.162437759767527878e+08
1.161463301001460403e+08
-1.162369719630784690e+08
1.161389550677704662e+08
-1.162298693451420069e+08
1.161312781304806918e+08
-1.162224487515423149e+08
1.161232819219229221e+08
-1.162146881586539000e+08
1.161149458659867346e+08
-1.162065630534860790e+08
1.161062464843181372e+08
-1.161980465682058334e+08
1.160971580795446932e+08
-1.161891096409599185e+08
1.160876527864915133e+08
-1.161797210708505958e+08
1.160777007934239507e+08
-1.161698473355048895e+08
1.160672704658815563e+08
-1.161594522734960318e+08
1.160563281026866138e+08
-1.161484969211957455e+08
1.160448380832900405e+08
-1.161369390512786806e+08
1.160327625978106707e+08
-1.161247328136161715e+08
1.160200615590622276e+08
-1.161118282813933194e+08
1.160066922990399599e+08
-1.160981706846940219e+08
1.159926098578391075e+08
-1.160837001142091900e+08
1.159777669201982319e+08
-1.160683510017772019e+08
1.159621142233981639e+08
-1.160520515996863097e+08
1.159456015629899800e+08
-1.160347245972808599e+08
1.159281796340513974e+08
-1.160162871510624588e+08
1.159098021465461999e+08
-1.159966530933707952e+08
1.158904319560295492e+08
-1.159757369325026125e+08
1.158700480523479879e+08
-1.159534610242732763e+08
1.158486586285471916e+08
-1.159297684680327773e+08
1.158263201391741782e+08
-1.159046446371596456e+08
1.158031666422185898e+08
