0.000000000000000000e+00
5.000000000000000104e-04
1.000000000000000021e-03
1.500000000000000031e-03
2.000000000000000042e-03
2.500000000000000052e-03
3.000000000000000062e-03
3.500000000000000073e-03
4.000000000000000083e-03
4.500000000000000527e-03
5.000000000000000971e-03
5.500000000000001416e-03
6.000000000000001860e-03
6.500000000000002304e-03
7.000000000000002748e-03
7.500000000000003192e-03
8.000000000000003636e-03
8.500000000000004080e-03
9.000000000000004524e-03
9.500000000000004968e-03
1.000000000000000541e-02
1.050000000000000586e-02
1.100000000000000630e-02
1.150000000000000674e-02
1.200000000000000719e-02
1.250000000000000763e-02
1.300000000000000808e-02
1.350000000000000852e-02
1.400000000000000897e-02
1.450000000000000941e-02
1.500000000000000985e-02
1.550000000000001030e-02
1.600000000000001074e-02
1.650000000000001119e-02
1.700000000000001163e-02
1.750000000000001207e-02
1.800000000000001252e-02
1.850000000000001296e-02
1.900000000000001341e-02
1.950000000000001385e-02
2.000000000000001429e-02
2.050000000000001474e-02
2.100000000000001518e-02
2.150000000000001563e-02
2.200000000000001607e-02
2.250000000000001651e-02
2.300000000000001696e-02
2.350000000000001740e-02
2.400000000000001785e-02
2.450000000000001829e-02
2.500000000000001874e-02
2.550000000000001918e-02
2.600000000000001962e-02
2.650000000000002007e-02
2.700000000000002051e-02
2.750000000000002096e-02
2.800000000000002140e-02
2.850000000000002184e-02
2.900000000000002229e-02
2.950000000000002273e-02
3.000000000000002318e-02
3.050000000000002362e-02
3.100000000000002406e-02
3.150000000000002104e-02
3.200000000000002148e-02
3.250000000000002193e-02
3.300000000000002237e-02
3.350000000000002282e-02
3.400000000000002326e-02
3.450000000000002370e-02
3.500000000000002415e-02
3.550000000000002459e-02
3.600000000000002504e-02
3.650000000000002548e-02
3.700000000000002592e-02
3.750000000000002637e-02
3.800000000000002681e-02
3.850000000000002726e-02
3.900000000000002770e-02
3.950000000000002814e-02
4.000000000000002859e-02
4.050000000000002903e-02
4.100000000000002948e-02
4.150000000000002992e-02
4.200000000000003036e-02
4.250000000000003081e-02
4.300000000000003125e-02
4.350000000000003170e-02
4.400000000000003214e-02
4.450000000000003259e-02
4.500000000000003303e-02
4.550000000000003347e-02
4.600000000000003392e-02
4.650000000000003436e-02
4.700000000000003481e-02
4.750000000000003525e-02
4.800000000000003569e-02
4.850000000000003614e-02
4.900000000000003658e-02
4.950000000000003703e-02
5.000000000000003747e-02
5.050000000000003791e-02
5.100000000000003836e-02
5.150000000000003880e-02
5.200000000000003925e-02
5.250000000000003969e-02
5.300000000000004013e-02
5.350000000000004058e-02
5.400000000000004102e-02
5.450000000000004147e-02
5.500000000000004191e-02
5.550000000000004236e-02
5.600000000000004280e-02
5.650000000000004324e-02
5.700000000000004369e-02
5.750000000000004413e-02
5.800000000000004458e-02
5.850000000000004502e-02
5.900000000000004546e-02
5.950000000000004591e-02
6.000000000000004635e-02
6.050000000000004680e-02
6.100000000000004724e-02
6.150000000000004768e-02
6.200000000000004813e-02
6.250000000000004163e-02
6.300000000000004208e-02
6.350000000000004252e-02
6.400000000000004297e-02
6.450000000000004341e-02
6.500000000000004385e-02
6.550000000000004430e-02
6.600000000000004474e-02
6.650000000000004519e-02
6.700000000000004563e-02
6.750000000000004607e-02
6.800000000000004652e-02
6.850000000000004696e-02
6.900000000000004741e-02
6.950000000000004785e-02
7.000000000000004829e-02
7.050000000000004874e-02
7.100000000000004918e-02
7.150000000000004963e-02
7.200000000000005007e-02
7.250000000000005052e-02
7.300000000000005096e-02
7.350000000000005140e-02
7.400000000000005185e-02
7.450000000000005229e-02
7.500000000000005274e-02
7.550000000000005318e-02
7.600000000000005362e-02
7.650000000000005407e-02
7.700000000000005451e-02
7.750000000000005496e-02
7.800000000000005540e-02
7.850000000000005584e-02
7.900000000000005629e-02
7.950000000000005673e-02
8.000000000000005718e-02
8.050000000000005762e-02
8.100000000000005806e-02
8.150000000000005851e-02
8.200000000000005895e-02
8.250000000000005940e-02
8.300000000000005984e-02
8.350000000000006029e-02
8.400000000000006073e-02
8.450000000000006117e-02
8.500000000000006162e-02
8.550000000000006206e-02
8.600000000000006251e-02
8.650000000000006295e-02
8.700000000000006339e-02
8.750000000000006384e-02
8.800000000000006428e-02
8.850000000000006473e-02
8.900000000000006517e-02
8.950000000000006561e-02
9.000000000000006606e-02
9.050000000000006650e-02
9.100000000000006695e-02
9.150000000000006739e-02
9.200000000000006783e-02
9.250000000000006828e-02
9.300000000000006872e-02
9.350000000000006917e-02
9.400000000000006961e-02
9.450000000000007006e-02
9.500000000000007050e-02
9.550000000000007094e-02
9.600000000000007139e-02
9.650000000000007183e-02
9.700000000000007228e-02
9.750000000000007272e-02
9.800000000000007316e-02
9.850000000000007361e-02
9.900000000000007405e-02
9.950000000000007450e-02
1.000000000000000749e-01
1.005000000000000754e-01
1.010000000000000758e-01
1.015000000000000763e-01
1.020000000000000767e-01
1.025000000000000772e-01
1.030000000000000776e-01
1.035000000000000780e-01
1.040000000000000785e-01
1.045000000000000789e-01
1.050000000000000794e-01
1.055000000000000798e-01
1.060000000000000803e-01
1.065000000000000807e-01
1.070000000000000812e-01
1.075000000000000816e-01
1.080000000000000820e-01
1.085000000000000825e-01
1.090000000000000829e-01
1.095000000000000834e-01
1.100000000000000838e-01
1.105000000000000843e-01
1.110000000000000847e-01
1.115000000000000852e-01
1.120000000000000856e-01
1.125000000000000860e-01
1.130000000000000865e-01
1.135000000000000869e-01
1.140000000000000874e-01
1.145000000000000878e-01
1.150000000000000883e-01
1.155000000000000887e-01
1.160000000000000892e-01
1.165000000000000896e-01
1.170000000000000900e-01
1.175000000000000905e-01
1.180000000000000909e-01
1.185000000000000914e-01
1.190000000000000918e-01
1.195000000000000923e-01
1.200000000000000927e-01
1.205000000000000931e-01
1.210000000000000936e-01
1.215000000000000940e-01
1.220000000000000945e-01
1.225000000000000949e-01
1.230000000000000954e-01
1.235000000000000958e-01
1.240000000000000963e-01
1.245000000000000967e-01
1.250000000000000833e-01
1.255000000000000837e-01
1.260000000000000842e-01
1.265000000000000846e-01
1.270000000000000850e-01
1.275000000000000855e-01
1.280000000000000859e-01
1.285000000000000864e-01
1.290000000000000868e-01
1.295000000000000873e-01
1.300000000000000877e-01
1.305000000000000882e-01
1.310000000000000886e-01
1.315000000000000890e-01
1.320000000000000895e-01
1.325000000000000899e-01
1.330000000000000904e-01
1.335000000000000908e-01
1.340000000000000913e-01
1.345000000000000917e-01
1.350000000000000921e-01
1.355000000000000926e-01
1.360000000000000930e-01
1.365000000000000935e-01
1.370000000000000939e-01
1.375000000000000944e-01
1.380000000000000948e-01
1.385000000000000953e-01
1.390000000000000957e-01
1.395000000000000961e-01
1.400000000000000966e-01
1.405000000000000970e-01
1.410000000000000975e-01
1.415000000000000979e-01
1.420000000000000984e-01
1.425000000000000988e-01
1.430000000000000993e-01
1.435000000000000997e-01
1.440000000000001001e-01
1.445000000000001006e-01
1.450000000000001010e-01
1.455000000000001015e-01
1.460000000000001019e-01
1.465000000000001024e-01
1.470000000000001028e-01
1.475000000000001033e-01
1.480000000000001037e-01
1.485000000000001041e-01
1.490000000000001046e-01
1.495000000000001050e-01
1.500000000000001055e-01
1.505000000000001059e-01
1.510000000000001064e-01
1.515000000000001068e-01
1.520000000000001072e-01
1.525000000000001077e-01
1.530000000000001081e-01
1.535000000000001086e-01
1.540000000000001090e-01
1.545000000000001095e-01
1.550000000000001099e-01
1.555000000000001104e-01
1.560000000000001108e-01
1.565000000000001112e-01
1.570000000000001117e-01
1.575000000000001121e-01
1.580000000000001126e-01
1.585000000000001130e-01
1.590000000000001135e-01
1.595000000000001139e-01
1.600000000000001144e-01
1.605000000000001148e-01
1.610000000000001152e-01
1.615000000000001157e-01
1.620000000000001161e-01
1.625000000000001166e-01
1.630000000000001170e-01
1.635000000000001175e-01
1.640000000000001179e-01
1.645000000000001183e-01
1.650000000000001188e-01
1.655000000000001192e-01
1.660000000000001197e-01
1.665000000000001201e-01
1.670000000000001206e-01
1.675000000000001210e-01
1.680000000000001215e-01
1.685000000000001219e-01
1.690000000000001223e-01
1.695000000000001228e-01
1.700000000000001232e-01
1.705000000000001237e-01
1.710000000000001241e-01
1.715000000000001246e-01
1.720000000000001250e-01
1.725000000000001255e-01
1.730000000000001259e-01
1.735000000000001263e-01
1.740000000000001268e-01
1.745000000000001272e-01
1.750000000000001277e-01
1.755000000000001281e-01
1.760000000000001286e-01
1.765000000000001290e-01
1.770000000000001295e-01
1.775000000000001299e-01
1.780000000000001303e-01
1.785000000000001308e-01
1.790000000000001312e-01
1.795000000000001317e-01
1.800000000000001321e-01
1.805000000000001326e-01
1.810000000000001330e-01
1.815000000000001334e-01
1.820000000000001339e-01
1.825000000000001343e-01
1.830000000000001348e-01
1.835000000000001352e-01
1.840000000000001357e-01
1.845000000000001361e-01
1.850000000000001366e-01
1.855000000000001370e-01
1.860000000000001374e-01
1.865000000000001379e-01
1.870000000000001383e-01
1.875000000000001388e-01
1.880000000000001392e-01
1.885000000000001397e-01
1.890000000000001401e-01
1.895000000000001406e-01
1.900000000000001410e-01
1.905000000000001414e-01
1.910000000000001419e-01
1.915000000000001423e-01
1.920000000000001428e-01
1.925000000000001432e-01
1.930000000000001437e-01
1.935000000000001441e-01
1.940000000000001446e-01
1.945000000000001450e-01
1.950000000000001454e-01
1.955000000000001459e-01
1.960000000000001463e-01
1.965000000000001468e-01
1.970000000000001472e-01
1.975000000000001477e-01
1.980000000000001481e-01
1.985000000000001485e-01
1.990000000000001490e-01
1.995000000000001494e-01
2.000000000000001499e-01
2.005000000000001503e-01
2.010000000000001508e-01
2.015000000000001512e-01
2.020000000000001517e-01
2.025000000000001521e-01
2.030000000000001525e-01
2.035000000000001530e-01
2.040000000000001534e-01
2.045000000000001539e-01
2.050000000000001543e-01
2.055000000000001548e-01
2.060000000000001552e-01
2.065000000000001557e-01
2.070000000000001561e-01
2.075000000000001565e-01
2.080000000000001570e-01
2.085000000000001574e-01
2.090000000000001579e-01
2.095000000000001583e-01
2.100000000000001588e-01
2.105000000000001592e-01
2.110000000000001597e-01
2.115000000000001601e-01
2.120000000000001605e-01
2.125000000000001610e-01
2.130000000000001614e-01
2.135000000000001619e-01
2.140000000000001623e-01
2.145000000000001628e-01
2.150000000000001632e-01
2.155000000000001636e-01
2.160000000000001641e-01
2.165000000000001645e-01
2.170000000000001650e-01
2.175000000000001654e-01
2.180000000000001659e-01
2.185000000000001663e-01
2.190000000000001668e-01
2.195000000000001672e-01
2.200000000000001676e-01
2.205000000000001681e-01
2.210000000000001685e-01
2.215000000000001690e-01
2.220000000000001694e-01
2.225000000000001699e-01
2.230000000000001703e-01
2.235000000000001708e-01
2.240000000000001712e-01
2.245000000000001716e-01
2.250000000000001721e-01
2.255000000000001725e-01
2.260000000000001730e-01
2.265000000000001734e-01
2.270000000000001739e-01
2.275000000000001743e-01
2.280000000000001747e-01
2.285000000000001752e-01
2.290000000000001756e-01
2.295000000000001761e-01
2.300000000000001765e-01
2.305000000000001770e-01
2.310000000000001774e-01
2.315000000000001779e-01
2.320000000000001783e-01
2.325000000000001787e-01
2.330000000000001792e-01
2.335000000000001796e-01
2.340000000000001801e-01
2.345000000000001805e-01
2.350000000000001810e-01
2.355000000000001814e-01
2.360000000000001819e-01
2.365000000000001823e-01
2.370000000000001827e-01
2.375000000000001832e-01
2.380000000000001836e-01
2.385000000000001841e-01
2.390000000000001845e-01
2.395000000000001850e-01
2.400000000000001854e-01
2.405000000000001859e-01
2.410000000000001863e-01
2.415000000000001867e-01
2.420000000000001872e-01
2.425000000000001876e-01
2.430000000000001881e-01
2.435000000000001885e-01
2.440000000000001890e-01
2.445000000000001894e-01
2.450000000000001898e-01
2.455000000000001903e-01
2.460000000000001907e-01
2.465000000000001912e-01
2.470000000000001916e-01
2.475000000000001921e-01
2.480000000000001925e-01
2.485000000000001930e-01
2.490000000000001934e-01
2.495000000000001938e-01
2.500000000000001665e-01
2.505000000000001670e-01
2.510000000000001674e-01
2.515000000000001679e-01
2.520000000000001683e-01
2.525000000000001688e-01
2.530000000000001692e-01
2.535000000000001696e-01
2.540000000000001701e-01
2.545000000000001705e-01
2.550000000000001710e-01
2.555000000000001714e-01
2.560000000000001719e-01
2.565000000000001723e-01
2.570000000000001728e-01
2.575000000000001732e-01
2.580000000000001736e-01
2.585000000000001741e-01
2.590000000000001745e-01
2.595000000000001750e-01
2.600000000000001754e-01
2.605000000000001759e-01
2.610000000000001763e-01
2.615000000000001767e-01
2.620000000000001772e-01
2.625000000000001776e-01
2.630000000000001781e-01
2.635000000000001785e-01
2.640000000000001790e-01
2.645000000000001794e-01
2.650000000000001799e-01
2.655000000000001803e-01
2.660000000000001807e-01
2.665000000000001812e-01
2.670000000000001816e-01
2.675000000000001821e-01
2.680000000000001825e-01
2.685000000000001830e-01
2.690000000000001834e-01
2.695000000000001839e-01
2.700000000000001843e-01
2.705000000000001847e-01
2.710000000000001852e-01
2.715000000000001856e-01
2.720000000000001861e-01
2.725000000000001865e-01
2.730000000000001870e-01
2.735000000000001874e-01
2.740000000000001878e-01
2.745000000000001883e-01
2.750000000000001887e-01
2.755000000000001892e-01
2.760000000000001896e-01
2.765000000000001901e-01
2.770000000000001905e-01
2.775000000000001910e-01
2.780000000000001914e-01
2.785000000000001918e-01
2.790000000000001923e-01
2.795000000000001927e-01
2.800000000000001932e-01
2.805000000000001936e-01
2.810000000000001941e-01
2.815000000000001945e-01
2.820000000000001950e-01
2.825000000000001954e-01
2.830000000000001958e-01
2.835000000000001963e-01
2.840000000000001967e-01
2.845000000000001972e-01
2.850000000000001976e-01
2.855000000000001981e-01
2.860000000000001985e-01
2.865000000000001990e-01
2.870000000000001994e-01
2.875000000000001998e-01
2.880000000000002003e-01
2.885000000000002007e-01
2.890000000000002012e-01
2.895000000000002016e-01
2.900000000000002021e-01
2.905000000000002025e-01
2.910000000000002029e-01
2.915000000000002034e-01
2.920000000000002038e-01
2.925000000000002043e-01
2.930000000000002047e-01
2.935000000000002052e-01
2.940000000000002056e-01
2.945000000000002061e-01
2.950000000000002065e-01
2.955000000000002069e-01
2.960000000000002074e-01
2.965000000000002078e-01
2.970000000000002083e-01
2.975000000000002087e-01
2.980000000000002092e-01
2.985000000000002096e-01
2.990000000000002101e-01
2.995000000000002105e-01
3.000000000000002109e-01
3.005000000000002114e-01
3.010000000000002118e-01
3.015000000000002123e-01
3.020000000000002127e-01
3.025000000000002132e-01
3.030000000000002136e-01
3.035000000000002141e-01
3.040000000000002145e-01
3.045000000000002149e-01
3.050000000000002154e-01
3.055000000000002158e-01
3.060000000000002163e-01
3.065000000000002167e-01
3.070000000000002172e-01
3.075000000000002176e-01
3.080000000000002180e-01
3.085000000000002185e-01
3.090000000000002189e-01
3.095000000000002194e-01
3.100000000000002198e-01
3.105000000000002203e-01
3.110000000000002207e-01
3.115000000000002212e-01
3.120000000000002216e-01
3.125000000000002220e-01
3.130000000000002225e-01
3.135000000000002229e-01
3.140000000000002234e-01
3.145000000000002238e-01
3.150000000000002243e-01
3.155000000000002247e-01
3.160000000000002252e-01
3.165000000000002256e-01
3.170000000000002260e-01
3.175000000000002265e-01
3.180000000000002269e-01
3.185000000000002274e-01
3.190000000000002278e-01
3.195000000000002283e-01
3.200000000000002287e-01
3.205000000000002292e-01
3.210000000000002296e-01
3.215000000000002300e-01
3.220000000000002305e-01
3.225000000000002309e-01
3.230000000000002314e-01
3.235000000000002318e-01
3.240000000000002323e-01
3.245000000000002327e-01
3.250000000000002331e-01
3.255000000000002336e-01
3.260000000000002340e-01
3.265000000000002345e-01
3.270000000000002349e-01
3.275000000000002354e-01
3.280000000000002358e-01
3.285000000000002363e-01
3.290000000000002367e-01
3.295000000000002371e-01
3.300000000000002376e-01
3.305000000000002380e-01
3.310000000000002385e-01
3.315000000000002389e-01
3.320000000000002394e-01
3.325000000000002398e-01
3.330000000000002403e-01
3.335000000000002407e-01
3.340000000000002411e-01
3.345000000000002416e-01
3.350000000000002420e-01
3.355000000000002425e-01
3.360000000000002429e-01
3.365000000000002434e-01
3.370000000000002438e-01
3.375000000000002442e-01
3.380000000000002447e-01
3.385000000000002451e-01
3.390000000000002456e-01
3.395000000000002460e-01
3.400000000000002465e-01
3.405000000000002469e-01
3.410000000000002474e-01
3.415000000000002478e-01
3.420000000000002482e-01
3.425000000000002487e-01
3.430000000000002491e-01
3.435000000000002496e-01
3.440000000000002500e-01
3.445000000000002505e-01
3.450000000000002509e-01
3.455000000000002514e-01
3.460000000000002518e-01
3.465000000000002522e-01
3.470000000000002527e-01
3.475000000000002531e-01
3.480000000000002536e-01
3.485000000000002540e-01
3.490000000000002545e-01
3.495000000000002549e-01
3.500000000000002554e-01
3.505000000000002558e-01
3.510000000000002562e-01
3.515000000000002567e-01
3.520000000000002571e-01
3.525000000000002576e-01
3.530000000000002580e-01
3.535000000000002585e-01
3.540000000000002589e-01
3.545000000000002593e-01
3.550000000000002598e-01
3.555000000000002602e-01
3.560000000000002607e-01
3.565000000000002611e-01
3.570000000000002616e-01
3.575000000000002620e-01
3.580000000000002625e-01
3.585000000000002629e-01
3.590000000000002633e-01
3.595000000000002638e-01
3.600000000000002642e-01
3.605000000000002647e-01
3.610000000000002651e-01
3.615000000000002656e-01
3.620000000000002660e-01
3.625000000000002665e-01
3.630000000000002669e-01
3.635000000000002673e-01
3.640000000000002678e-01
3.645000000000002682e-01
3.650000000000002687e-01
3.655000000000002691e-01
3.660000000000002696e-01
3.665000000000002700e-01
3.670000000000002705e-01
3.675000000000002709e-01
3.680000000000002713e-01
3.685000000000002718e-01
3.690000000000002722e-01
3.695000000000002727e-01
3.700000000000002731e-01
3.705000000000002736e-01
3.710000000000002740e-01
3.715000000000002744e-01
3.720000000000002749e-01
3.725000000000002753e-01
3.730000000000002758e-01
3.735000000000002762e-01
3.740000000000002767e-01
3.745000000000002771e-01
3.750000000000002776e-01
3.755000000000002780e-01
3.760000000000002784e-01
3.765000000000002789e-01
3.770000000000002793e-01
3.775000000000002798e-01
3.780000000000002802e-01
3.785000000000002807e-01
3.790000000000002811e-01
3.795000000000002816e-01
3.800000000000002820e-01
3.805000000000002824e-01
3.810000000000002829e-01
3.815000000000002833e-01
3.820000000000002838e-01
3.825000000000002842e-01
3.830000000000002847e-01
3.835000000000002851e-01
3.840000000000002855e-01
3.845000000000002860e-01
3.850000000000002864e-01
3.855000000000002869e-01
3.860000000000002873e-01
3.865000000000002878e-01
3.870000000000002882e-01
3.875000000000002887e-01
3.880000000000002891e-01
3.885000000000002895e-01
3.890000000000002900e-01
3.895000000000002904e-01
3.900000000000002909e-01
3.905000000000002913e-01
3.910000000000002918e-01
3.915000000000002922e-01
3.920000000000002927e-01
3.925000000000002931e-01
3.930000000000002935e-01
3.935000000000002940e-01
3.940000000000002944e-01
3.945000000000002949e-01
3.950000000000002953e-01
3.955000000000002958e-01
3.960000000000002962e-01
3.965000000000002967e-01
3.970000000000002971e-01
3.975000000000002975e-01
3.980000000000002980e-01
3.985000000000002984e-01
3.990000000000002989e-01
3.995000000000002993e-01
4.000000000000002998e-01
4.005000000000003002e-01
4.010000000000003006e-01
4.015000000000003011e-01
4.020000000000003015e-01
4.025000000000003020e-01
4.030000000000003024e-01
4.035000000000003029e-01
4.040000000000003033e-01
4.045000000000003038e-01
4.050000000000003042e-01
4.055000000000003046e-01
4.060000000000003051e-01
4.065000000000003055e-01
4.070000000000003060e-01
4.075000000000003064e-01
4.080000000000003069e-01
4.085000000000003073e-01
4.090000000000003078e-01
4.095000000000003082e-01
4.100000000000003086e-01
4.105000000000003091e-01
4.110000000000003095e-01
4.115000000000003100e-01
4.120000000000003104e-01
4.125000000000003109e-01
4.130000000000003113e-01
4.135000000000003118e-01
4.140000000000003122e-01
4.145000000000003126e-01
4.150000000000003131e-01
4.155000000000003135e-01
4.160000000000003140e-01
4.165000000000003144e-01
4.170000000000003149e-01
4.175000000000003153e-01
4.180000000000003157e-01
4.185000000000003162e-01
4.190000000000003166e-01
4.195000000000003171e-01
4.200000000000003175e-01
4.205000000000003180e-01
4.210000000000003184e-01
4.215000000000003189e-01
4.220000000000003193e-01
4.225000000000003197e-01
4.230000000000003202e-01
4.235000000000003206e-01
4.240000000000003211e-01
4.245000000000003215e-01
4.250000000000003220e-01
4.255000000000003224e-01
4.260000000000003229e-01
4.265000000000003233e-01
4.270000000000003237e-01
4.275000000000003242e-01
4.280000000000003246e-01
4.285000000000003251e-01
4.290000000000003255e-01
4.295000000000003260e-01
4.300000000000003264e-01
4.305000000000003268e-01
4.310000000000003273e-01
4.315000000000003277e-01
4.320000000000003282e-01
4.325000000000003286e-01
4.330000000000003291e-01
4.335000000000003295e-01
4.340000000000003300e-01
4.345000000000003304e-01
4.350000000000003308e-01
4.355000000000003313e-01
4.360000000000003317e-01
4.365000000000003322e-01
4.370000000000003326e-01
4.375000000000003331e-01
4.380000000000003335e-01
4.385000000000003340e-01
4.390000000000003344e-01
4.395000000000003348e-01
4.400000000000003353e-01
4.405000000000003357e-01
4.410000000000003362e-01
4.415000000000003366e-01
4.420000000000003371e-01
4.425000000000003375e-01
4.430000000000003380e-01
4.435000000000003384e-01
4.440000000000003388e-01
4.445000000000003393e-01
4.450000000000003397e-01
4.455000000000003402e-01
4.460000000000003406e-01
4.465000000000003411e-01
4.470000000000003415e-01
4.475000000000003419e-01
4.480000000000003424e-01
4.485000000000003428e-01
4.490000000000003433e-01
4.495000000000003437e-01
4.500000000000003442e-01
4.505000000000003446e-01
4.510000000000003451e-01
4.515000000000003455e-01
4.520000000000003459e-01
4.525000000000003464e-01
4.530000000000003468e-01
4.535000000000003473e-01
4.540000000000003477e-01
4.545000000000003482e-01
4.550000000000003486e-01
4.555000000000003491e-01
4.560000000000003495e-01
4.565000000000003499e-01
4.570000000000003504e-01
4.575000000000003508e-01
4.580000000000003513e-01
4.585000000000003517e-01
4.590000000000003522e-01
4.595000000000003526e-01
4.600000000000003531e-01
4.605000000000003535e-01
4.610000000000003539e-01
4.615000000000003544e-01
4.620000000000003548e-01
4.625000000000003553e-01
4.630000000000003557e-01
4.635000000000003562e-01
4.640000000000003566e-01
4.645000000000003570e-01
4.650000000000003575e-01
4.655000000000003579e-01
4.660000000000003584e-01
4.665000000000003588e-01
4.670000000000003593e-01
4.675000000000003597e-01
4.680000000000003602e-01
4.685000000000003606e-01
4.690000000000003610e-01
4.695000000000003615e-01
4.700000000000003619e-01
4.705000000000003624e-01
4.710000000000003628e-01
4.715000000000003633e-01
4.720000000000003637e-01
4.725000000000003642e-01
4.730000000000003646e-01
4.735000000000003650e-01
4.740000000000003655e-01
4.745000000000003659e-01
4.750000000000003664e-01
4.755000000000003668e-01
4.760000000000003673e-01
4.765000000000003677e-01
4.770000000000003681e-01
4.775000000000003686e-01
4.780000000000003690e-01
4.785000000000003695e-01
4.790000000000003699e-01
4.795000000000003704e-01
4.800000000000003708e-01
4.805000000000003713e-01
4.810000000000003717e-01
4.815000000000003721e-01
4.820000000000003726e-01
4.825000000000003730e-01
4.830000000000003735e-01
4.835000000000003739e-01
4.840000000000003744e-01
4.845000000000003748e-01
4.850000000000003753e-01
4.855000000000003757e-01
4.860000000000003761e-01
4.865000000000003766e-01
4.870000000000003770e-01
4.875000000000003775e-01
4.880000000000003779e-01
4.885000000000003784e-01
4.890000000000003788e-01
4.895000000000003793e-01
4.900000000000003797e-01
4.905000000000003801e-01
4.910000000000003806e-01
4.915000000000003810e-01
4.920000000000003815e-01
4.925000000000003819e-01
4.930000000000003824e-01
4.935000000000003828e-01
4.940000000000003832e-01
4.945000000000003837e-01
4.950000000000003841e-01
4.955000000000003846e-01
4.960000000000003850e-01
4.965000000000003855e-01
4.970000000000003859e-01
4.975000000000003864e-01
4.980000000000003868e-01
4.985000000000003872e-01
4.990000000000003877e-01
4.995000000000003881e-01
