-3.999999970505024258e-06
-1.599999850637696396e-05
-3.599997080398248297e-05
-6.399968276034243930e-05
-9.999782719540371162e-05
-1.439903825021617077e-04
-1.959755412741361145e-04
-2.559968184444775890e-04
-3.242716198546853742e-04
-4.013364260042650341e-04
-4.878022943211594744e-04
-5.832013360841783794e-04
-6.844880905268492782e-04
-7.865712818607919913e-04
-8.863215150044648823e-04
-9.863133616948996721e-04
-1.092486986132521496e-03
-1.208048223425772652e-03
-1.332959178007260938e-03
-1.469023471801691755e-03
-1.620038673572097047e-03
-1.787132281992196174e-03
-1.969841938264941389e-03
-2.169988065980986598e-03
-2.389097747067799732e-03
-2.626317294743558527e-03
-2.882017811355793921e-03
-3.157456254084290825e-03
-3.451832934917751453e-03
-3.764872224525498291e-03
-4.097511916832534233e-03
-4.448968896564878955e-03
-4.818521523240582895e-03
-5.206302503153367386e-03
-5.610877097879905795e-03
-6.031578519046433551e-03
-6.469948052751762699e-03
-6.927591004628770761e-03
-7.406519602003620861e-03
-7.906803926140357555e-03
-8.423689483031413308e-03
-8.951658986458404035e-03
-9.487805044342451782e-03
-1.003238045640846357e-02
-1.058803873308108122e-02
-1.115532448726975351e-02
-1.173311773064658788e-02
-1.232306706403494059e-02
-1.292803736601610791e-02
-1.354954530204618285e-02
-1.418725045927747910e-02
-1.484046463224402389e-02
-1.551066096863100083e-02
-1.619818473609821799e-02
-1.690059062861637429e-02
-1.761674779419179077e-02
-1.834666908662858920e-02
-1.908937414951587114e-02
-1.984301118328570673e-02
-2.060621779031024392e-02
-2.137836427483855509e-02
-2.215620941750608489e-02
-2.293545624121306678e-02
-2.371523197401587124e-02
-2.449651552891990436e-02
-2.528126554000348705e-02
-2.607226005738325775e-02
-2.686979104046694281e-02
-2.766993664245025880e-02
-2.846755508970282358e-02
-2.926119765767682887e-02
-3.005135606262238426e-02
-3.083691398854923257e-02
-3.161699527264798942e-02
-3.239126703710133032e-02
-3.316063422294440038e-02
-3.392835923708192175e-02
-3.469670113680389106e-02
-3.546559955065296116e-02
-3.623588410797042719e-02
-3.701059926955177493e-02
-3.779092281185371383e-02
-3.857515903145061070e-02
-3.936308173794580978e-02
-4.015552800233671699e-02
-4.095295932445735393e-02
-4.175579917945595326e-02
-4.256346312085433625e-02
-4.337497721974465509e-02
-4.418809088321294654e-02
-4.499827110631982041e-02
-4.580286905796784186e-02
-4.660473418176819954e-02
-4.740844979399587433e-02
-4.821587251429684806e-02
-4.902787193227797075e-02
-4.984423843183975050e-02
-5.066316568972455137e-02
-5.148472968706892944e-02
-5.231005370614578986e-02
-5.313841910173362770e-02
-5.396779321251012063e-02
-5.479747567840199951e-02
-5.562991842633290690e-02
-5.646787265268048139e-02
-5.731159135653946662e-02
-5.816180174699847605e-02
-5.902193569563252140e-02
-5.989431955830654131e-02
-6.077895097846520295e-02
-6.167559592814729486e-02
-6.258321120523302472e-02
-6.350198160822201343e-02
-6.443421994612641424e-02
-6.538053739300572764e-02
-6.633987109453418074e-02
-6.731074679904409941e-02
-6.828908716767305431e-02
-6.926863152850101790e-02
-7.024585271857688995e-02
-7.122234033864145719e-02
-7.220080358389437125e-02
-7.318078112517503730e-02
-7.416103346826251330e-02
-7.514228729742213064e-02
-7.612487009407674365e-02
-7.710873087565993378e-02
-7.809365676587058658e-02
-7.907722318163790121e-02
-8.005701449595685470e-02
-8.103236036115045449e-02
-8.200296810923257684e-02
-8.296894839545666811e-02
-8.392993310765010928e-02
-8.488554532037269340e-02
-8.583846847220857890e-02
-8.679102472839772542e-02
-8.774081332364912222e-02
-8.868476714095198388e-02
-8.962295538861196620e-02
-9.055688049594513844e-02
-9.148724228265033009e-02
-9.241516432105022216e-02
-9.334127755103556467e-02
-9.426196708406631153e-02
-9.517156361541191656e-02
-9.606572708956914730e-02
-9.694204379678013350e-02
-9.780086569446763689e-02
-9.864272206168453461e-02
-9.946566854451038830e-02
-1.002691249675861790e-01
-1.010558186100858763e-01
-1.018286040719197511e-01
-1.025885262283094540e-01
-1.033345132363629321e-01
-1.040665274514842448e-01
-1.047856658434102028e-01
-1.054908834413649243e-01
-1.061816054849831076e-01
-1.068587826668242341e-01
-1.075232299461258006e-01
-1.081771529948159227e-01
-1.088242878329057084e-01
-1.094652826767240350e-01
-1.100967161117406973e-01
-1.107175010230605078e-01
-1.113302928268838782e-01
-1.119377474350465584e-01
-1.125424664398145674e-01
-1.131467186698611599e-01
-1.137503067616788682e-01
-1.143508943892989210e-01
-1.149446371291466817e-01
-1.155290326437893866e-01
-1.161048837199832595e-01
-1.166710081784335107e-01
-1.172240555734013756e-01
-1.177634703118501797e-01
-1.182918830971259605e-01
-1.188126776436405491e-01
-1.193274576281778410e-01
-1.198371822726880115e-01
-1.203433479451944399e-01
-1.208469597781331450e-01
-1.213483767196623792e-01
-1.218463302571515944e-01
-1.223389859186085338e-01
-1.228280760231334756e-01
-1.233173685205644909e-01
-1.238078244615456736e-01
-1.242982972268927011e-01
-1.247867301759979924e-01
-1.252696277598563668e-01
-1.257458227802087380e-01
-1.262185954306110081e-01
-1.266898521405817879e-01
-1.271591865565728507e-01
-1.276270545195042627e-01
-1.280921265605828863e-01
-1.285512549998722720e-01
-1.290019293174015091e-01
-1.294426494406459016e-01
-1.298710307686853083e-01
-1.302815442499190568e-01
-1.306703720293605209e-01
-1.310392807357232403e-01
-1.313900256861488813e-01
-1.317222385014621966e-01
-1.320368701037552273e-01
-1.323363776213695442e-01
-1.326224577685854722e-01
-1.328939251578114267e-01
-1.331482937737432648e-01
-1.333846067339273245e-01
-1.336049468839433096e-01
-1.338128808580984486e-01
-1.340091807311065975e-01
-1.341918549096343394e-01
-1.343577958733860322e-01
-1.345039175681110866e-01
-1.346296667684984127e-01
-1.347365119239894438e-01
-1.348250859838261428e-01
-1.348960422084945210e-01
-1.349501165725720264e-01
-1.349866601008335998e-01
-1.350062495660334094e-01
-1.350098879600050983e-01
-1.349955508414282801e-01
-1.349607628889578359e-01
-1.349030285568701970e-01
-1.348186384582222286e-01
-1.347078282840173669e-01
-1.345734287745017910e-01
-1.344162925119134766e-01
-1.342378610067932465e-01
-1.340426469807483589e-01
-1.338350812991193350e-01
-1.336135611555511749e-01
-1.333753919125660048e-01
-1.331238059342507718e-01
-1.328639217592016419e-01
-1.325988885189283983e-01
-1.323301785633991534e-01
-1.320571293658771850e-01
-1.317774548583697525e-01
-1.314896982476174703e-01
-1.311940603975834674e-01
-1.308909230812207170e-01
-1.305799729767903039e-01
-1.302612080265689865e-01
-1.299348572944344082e-01
-1.296023112455012283e-01
-1.292657441185885991e-01
-1.289265655171278890e-01
-1.285851046838502321e-01
-1.282390036993629745e-01
-1.278849506641298595e-01
-1.275208443767541777e-01
-1.271453623386987197e-01
-1.267577805745827568e-01
-1.263593050126391448e-01
-1.259522207317140818e-01
-1.255391780558900161e-01
-1.251225727493192885e-01
-1.247001907099991036e-01
-1.242693704088437268e-01
-1.238323172291382890e-01
-1.233936565452293799e-01
-1.229570380049583855e-01
-1.225214788874323113e-01
-1.220840521674984164e-01
-1.216451170479447424e-01
-1.212038713543933943e-01
-1.207565444564152185e-01
-1.203019170134994736e-01
-1.198388878529363100e-01
-1.193634277494736995e-01
-1.188728280429700856e-01
-1.183690052413155502e-01
-1.178537406072589361e-01
-1.173271115337587989e-01
-1.167904889661961626e-01
-1.162431543922984312e-01
-1.156818730298082437e-01
-1.151036767219651147e-01
-1.145069303654815962e-01
-1.138897524079071355e-01
-1.132516863801780876e-01
-1.125955002496837887e-01
-1.119238335034986598e-01
-1.112371762174660106e-01
-1.105333012271434573e-01
-1.098107061008388730e-01
-1.090715326702130367e-01
-1.083203874177176562e-01
-1.075604466773568552e-01
-1.067919720207140127e-01
-1.060141523785778223e-01
-1.052279633142867848e-01
-1.044358385498108388e-01
-1.036370514048245706e-01
-1.028292223358842766e-01
-1.020106401799752011e-01
-1.011791785712603253e-01
-1.003320752290195877e-01
-9.946805603569261467e-02
-9.858928875991788965e-02
-9.769999070592760848e-02
-9.680145984517653235e-02
-9.589404993385158837e-02
-9.498053816604498656e-02
-9.405996580527339890e-02
-9.312959520909583344e-02
-9.218888946965279885e-02
-9.123915063641518941e-02
-9.028305444969775273e-02
-8.932281966812120888e-02
-8.836043276778508815e-02
-8.739576532869114400e-02
-8.642641432271949697e-02
-8.545353631580619724e-02
-8.448305375286914443e-02
-8.351766362623833095e-02
-8.255641471731813008e-02
-8.160039637516369737e-02
-8.065235140396254110e-02
-7.971426986112799262e-02
-7.878792900728974480e-02
-7.787414252262470082e-02
-7.697005225078816515e-02
-7.607302410821578653e-02
-7.518106660964413157e-02
-7.428987121509551816e-02
-7.339690238513203735e-02
-7.250409293426438029e-02
-7.161346952151956269e-02
-7.072550864197729714e-02
-6.984163400306563074e-02
-6.896278575478730077e-02
-6.808811862255592651e-02
-6.721488452119628310e-02
-6.634112564770824894e-02
-6.546938175030916907e-02
-6.460277014482640467e-02
-6.374064132176424091e-02
-6.288154857477878945e-02
-6.202461931667625078e-02
-6.116866104009702904e-02
-6.031467709969617202e-02
-5.946479918645865975e-02
-5.861931476613718023e-02
-5.777586004885874871e-02
-5.693285865468344920e-02
-5.609386645159027823e-02
-5.526203326504103286e-02
-5.443676678854707934e-02
-5.361809258432525399e-02
-5.280626098297475784e-02
-5.199870025689901087e-02
-5.119036383197485274e-02
-5.037675516512539475e-02
-4.955587948146541327e-02
-4.872662099157377968e-02
-4.788908450463727484e-02
-4.704553964581084657e-02
-4.619690862221801503e-02
-4.534294570786451956e-02
-4.448370019275223186e-02
-4.361770602265360036e-02
-4.274454737902044776e-02
-4.186766466165346007e-02
-4.099093769282191602e-02
-4.011395455287259521e-02
-3.923422832797551774e-02
-3.835253161737164213e-02
-3.747184719737105263e-02
-3.659325835829209395e-02
-3.571694180195551099e-02
-3.484349352847461445e-02
-3.397102496610769629e-02
-3.309846211334570298e-02
-3.222941438200819381e-02
-3.136734041943580603e-02
-3.051352309524057657e-02
-2.967027659938656012e-02
-2.883977580337365038e-02
-2.802231460253394243e-02
-2.721534666215862791e-02
-2.641371536309376766e-02
-2.561553404251584731e-02
-2.482178916686781159e-02
-2.403189113828013701e-02
-2.324612389897836445e-02
-2.246749395767845547e-02
-2.169691575951118029e-02
-2.093229602003848083e-02
-2.017407064354480306e-02
-1.942516430361483637e-02
-1.868889942107524599e-02
-1.796760133709650320e-02
-1.726130523000962008e-02
-1.656936538043973436e-02
-1.589275299684989040e-02
-1.523510342192808432e-02
-1.459934824871553932e-02
-1.398427533486230716e-02
-1.338758255917131199e-02
-1.280833795747001423e-02
-1.224564503803569036e-02
-1.169866861043570259e-02
-1.116783458589010181e-02
-1.065597068125756844e-02
-1.016496381346145700e-02
-9.695769222142663554e-03
-9.250642724130304223e-03
-8.827290375071039988e-03
-8.419807353450848089e-03
-8.025555874659112687e-03
-7.644079657319383624e-03
-7.274087386917660498e-03
-6.913733815270183859e-03
-6.562575030124492489e-03
-6.220795422320919005e-03
-5.885660541338241618e-03
-5.555321506268219404e-03
-5.232841988819432813e-03
-4.921282571943168954e-03
-4.620289445909610965e-03
-4.327921027346307709e-03
-4.043522631350035534e-03
-3.769496189897075713e-03
-3.509283396227504560e-03
-3.263870191491346964e-03
-3.032886075037244476e-03
-2.815127996737959264e-03
-2.607931571865045300e-03
-2.409250835609494726e-03
-2.217048475273151673e-03
-2.029111631995618708e-03
-1.845468163630909018e-03
-1.669175780545783996e-03
-1.503311009900721099e-03
-1.347746290836341482e-03
-1.201332866745277814e-03
-1.062882942044455483e-03
-9.291931363551111543e-04
-7.990882422377609817e-04
-6.741050324687759701e-04
-5.527401450626031210e-04
-4.323861828177742012e-04
-3.130143251642709653e-04
-1.940949940114897253e-04
-7.479513701604025553e-05
4.217398016405607717e-05
1.531668715702077870e-04
2.575755126251084992e-04
3.577514618155457765e-04
4.541127712142389058e-04
5.410611062070970608e-04
6.136957440558460548e-04
6.715568565437135800e-04
7.123473571014290497e-04
7.335287961178142517e-04
7.359732998915668838e-04
7.216145595093720810e-04
6.931768724493671914e-04
6.529327927035689667e-04
6.011302846128127684e-04
5.354100995191958881e-04
4.527758184709796178e-04
3.524289582684597623e-04
2.347430187573665760e-04
1.004338681342477492e-04
-5.055489623477445486e-05
-2.189309407940035661e-04
-4.047337985883138066e-04
-6.075338236789523541e-04
-8.257938086873828050e-04
-1.057227323262803888e-03
-1.300928542361354853e-03
-1.558286893168896138e-03
-1.831596410764718469e-03
-2.121789470911092899e-03
-2.428103318485458524e-03
-2.748874276404154882e-03
-3.082978444532775714e-03
-3.432742745021998432e-03
-3.802609524888778039e-03
-4.194128960994083881e-03
-4.607435893945657952e-03
-5.045910087559356272e-03
-5.512368270777973957e-03
-6.002949653657742128e-03
-6.511352608042444284e-03
-7.035809135294229452e-03
-7.575604892157322516e-03
-8.128643539487955677e-03
-8.695086062396004470e-03
-9.274900297352527134e-03
-9.865671905416952686e-03
-1.046579631970997321e-02
-1.107561011019888610e-02
-1.169597491292937927e-02
-1.232671016252473786e-02
-1.296567163304749616e-02
-1.361054798025530289e-02
-1.425914040906266222e-02
-1.490946791719121277e-02
-1.556264202196275259e-02
-1.622099416356806781e-02
-1.688420278361133994e-02
-1.754990521802086284e-02
-1.821604554742573684e-02
-1.888191469519704888e-02
-1.954779872081490247e-02
-2.021488598708312892e-02
-2.088488700264283862e-02
-2.155978382495355242e-02
-2.224368528307213433e-02
-2.294013731502600462e-02
-2.364712780414690227e-02
-2.436026922327842389e-02
-2.507751454396082297e-02
-2.579862358425676766e-02
-2.652363562614663481e-02
-2.725016996514252610e-02
-2.797496998178163746e-02
-2.869859832362875104e-02
-2.942084471675010526e-02
-3.014037129210385413e-02
-3.086047847164532371e-02
-3.158375788685004876e-02
-3.230802948480840375e-02
-3.303108047823263144e-02
-3.375270590955651434e-02
-3.447416756648130631e-02
-3.519682486848312725e-02
-3.592293856253288287e-02
-3.665535775352728176e-02
-3.739276189247190546e-02
-3.813320383303415995e-02
-3.887766309665344894e-02
-3.962634878908367214e-02
-4.037788588386278382e-02
-4.113346737824351979e-02
-4.189792977460492229e-02
-4.267579258593631047e-02
-4.347004695917265626e-02
-4.428056758587613911e-02
-4.510528271909999137e-02
-4.594416897695240837e-02
-4.679840119480725008e-02
-4.766729547751227120e-02
-4.854741094180275995e-02
-4.943493648702180360e-02
-5.032833326824216746e-02
-5.122751832010642020e-02
-5.213230562586933931e-02
-5.304368004268350534e-02
-5.396322034341677343e-02
-5.489013366266960736e-02
-5.582073085151697395e-02
-5.675334755969264899e-02
-5.769055878896724859e-02
-5.863385472893574424e-02
-5.958367606800759469e-02
-6.054147829478373488e-02
-6.150785908671049795e-02
-6.248186518677564111e-02
-6.346117268419887436e-02
-6.444343784948609877e-02
-6.542693064963885086e-02
-6.641064983604293148e-02
-6.739610912812701859e-02
-6.838782886044114662e-02
-6.938662640546860993e-02
-7.038893761586914599e-02
-7.139496894599575705e-02
-7.240764327088967944e-02
-7.342654072448727420e-02
-7.444832824953066808e-02
-7.546982689636283492e-02
-7.648635486544065609e-02
-7.749422586481766184e-02
-7.849289440045441324e-02
-7.948218807855786383e-02
-8.046153434993136289e-02
-8.143077618194537182e-02
-8.238880262185438452e-02
-8.333185795474407076e-02
-8.425866818429229854e-02
-8.517124883959596715e-02
-8.607149189112052456e-02
-8.696011493893686384e-02
-8.783882144837928951e-02
-8.871084445881398384e-02
-8.957664726290683055e-02
-9.043327971528944409e-02
-9.127779465975442708e-02
-9.211012900737106102e-02
-9.293073671199658659e-02
-9.374072513113758387e-02
-9.454187144629541684e-02
-9.533357016449016397e-02
-9.611543929411645037e-02
-9.689001727193652380e-02
-9.766180791893087909e-02
-9.843291532272498146e-02
-9.919933285717243143e-02
-9.995717922884472806e-02
-1.007066374750388016e-01
-1.014453141011565640e-01
-1.021716695900092703e-01
-1.028880259682907056e-01
-1.035951004255585006e-01
-1.042922140468730829e-01
-1.049772058338944436e-01
-1.056491298525228800e-01
-1.063089373798517673e-01
-1.069573649980693347e-01
-1.075966934709404743e-01
-1.082307634485607933e-01
-1.088628656333557321e-01
-1.094958461159214608e-01
-1.101313275887764592e-01
-1.107663461375672370e-01
-1.113993104549054342e-01
-1.120329199906371365e-01
-1.126681884846341963e-01
-1.133019898857328400e-01
-1.139321672259289847e-01
-1.145598177115687288e-01
-1.151860216619688265e-01
-1.158138279999305215e-01
-1.164472094619564413e-01
-1.170847079279624114e-01
-1.177210822683087826e-01
-1.183550275897864851e-01
-1.189855194359114993e-01
-1.196102619761018615e-01
-1.202282925180111345e-01
-1.208396889287010889e-01
-1.214448861326400814e-01
-1.220404861207785158e-01
-1.226226577448748523e-01
-1.231909908482744787e-01
-1.237455026707371813e-01
-1.242847310973611702e-01
-1.248103740771274034e-01
-1.253270216799436398e-01
-1.258367274900072663e-01
-1.263391168655363939e-01
-1.268333616222485360e-01
-1.273203232765909576e-01
-1.278004793091489788e-01
-1.282732558908412090e-01
-1.287353109492847536e-01
-1.291809940239951882e-01
-1.296081135862182931e-01
-1.300193149664134185e-01
-1.304175455608238277e-01
-1.308022927822077019e-01
-1.311733219552610463e-01
-1.315291515701915159e-01
-1.318666447306047207e-01
-1.321839144026049351e-01
-1.324814529329109702e-01
-1.327585674081862843e-01
-1.330138711275487273e-01
-1.332487737137968697e-01
-1.334628865203917880e-01
-1.336525116413056768e-01
-1.338151635482621726e-01
-1.339527369629523734e-01
-1.340647534591923040e-01
-1.341515074778675265e-01
-1.342168313912859845e-01
-1.342655572995444802e-01
-1.342979702563308897e-01
-1.343137491953828033e-01
-1.343199433676588728e-01
-1.343197778801863418e-01
-1.343113925370225670e-01
-1.342913751092366936e-01
-1.342568545512148326e-01
-1.342061231489053152e-01
-1.341421403639897758e-01
-1.340671344854206248e-01
-1.339816197477148862e-01
-1.338861815563497093e-01
-1.337789889479375216e-01
-1.336613801108558208e-01
-1.335319554182614332e-01
-1.333900635301754900e-01
-1.332370129846443541e-01
-1.330751700821085903e-01
-1.329043475546720643e-01
-1.327241380314406194e-01
-1.325355760009570560e-01
-1.323350729296744466e-01
-1.321226911553955441e-01
-1.318990502154287758e-01
-1.316659960601066770e-01
-1.314228487849641025e-01
-1.311710091924319366e-01
-1.309145868801487034e-01
-1.306539199806918405e-01
-1.303941721958969402e-01
-1.301407565406423050e-01
-1.298935976555131433e-01
-1.296445848120016398e-01
-1.293913765439747843e-01
-1.291348934190950093e-01
-1.288748034708381007e-01
-1.286086977100185658e-01
-1.283360889227189161e-01
-1.280592043793513934e-01
-1.277725724890597103e-01
-1.274762023736890348e-01
-1.271690338914150953e-01
-1.268493842233453517e-01
-1.265158151784587237e-01
-1.261706700327474839e-01
-1.258152885984406277e-01
-1.254470193911851605e-01
-1.250654956983040522e-01
-1.246693415120743303e-01
-1.242594124044968662e-01
-1.238318508517092104e-01
-1.233886076784754815e-01
-1.229280162711830215e-01
-1.224468683294554910e-01
-1.219470165134617090e-01
-1.214316381520236104e-01
-1.209070671644897899e-01
-1.203748708932435157e-01
-1.198369520449198422e-01
-1.192890103403549673e-01
-1.187285148542476382e-01
-1.181542520808999408e-01
-1.175679134836823542e-01
-1.169685009462237135e-01
-1.163508841453659154e-01
-1.157177914155671505e-01
-1.150693155569476739e-01
-1.144037456297342104e-01
-1.137153570415045944e-01
-1.130079743168081186e-01
-1.122828544214446028e-01
-1.115378410127673553e-01
-1.107761182211591394e-01
-1.100002376211473565e-01
-1.092102535381557771e-01
-1.084038906384594547e-01
-1.075880617497149278e-01
-1.067624755235271616e-01
-1.059262066906640348e-01
-1.050770911056438800e-01
-1.042148602706548799e-01
-1.033398464584873722e-01
-1.024523364142497228e-01
-1.015612910374213973e-01
-1.006716120663654068e-01
-9.978415618069641502e-02
-9.889619067709370936e-02
-9.801176692740924679e-02
-9.712953261549159278e-02
-9.624865491032597031e-02
-9.537063756917588120e-02
-9.449309929961745291e-02
-9.361643767597800647e-02
-9.273928471091216763e-02
-9.186396231802977652e-02
-9.098577219518162729e-02
-9.010220237105906471e-02
-8.921546294321040793e-02
-8.832815373170449513e-02
-8.743853651847839636e-02
-8.654452683425808979e-02
-8.565159196446545109e-02
-8.475963360936056290e-02
-8.387067403811268584e-02
-8.298690817899459504e-02
-8.211216361526181562e-02
-8.124362843866989037e-02
-8.037420789230827201e-02
-7.950415501047079780e-02
-7.863489065481951701e-02
-7.776719125479623906e-02
-7.690210977305542150e-02
-7.604610785818496921e-02
-7.519664089147901076e-02
-7.435182543858470661e-02
-7.351322407461080566e-02
-7.268307985551869521e-02
-7.185872848840825500e-02
-7.103420853634366539e-02
-7.021380395383912398e-02
-6.939629061399459065e-02
-6.857778988656200447e-02
-6.775578251956049236e-02
-6.693007747955537212e-02
-6.609685069477157227e-02
-6.525568450183136249e-02
-6.440849678828441949e-02
-6.355126255328742702e-02
-6.268240094555613262e-02
-6.180203867478067936e-02
-6.091600188719752118e-02
-6.002607689984101880e-02
-5.913399763947665977e-02
-5.824323592214550316e-02
-5.735291673284109715e-02
-5.645720545303661159e-02
-5.555287668785126309e-02
-5.464548561746542660e-02
-5.373429560536605726e-02
-5.281912245359710739e-02
-5.190085413273803211e-02
-5.098301991845946568e-02
-5.006529301090369838e-02
-4.914630982116973551e-02
-4.823051469108417810e-02
-4.731632627661819246e-02
-4.640191836123110092e-02
-4.548760756662814653e-02
-4.457717566153251987e-02
-4.366826621292376615e-02
-4.275693313693972736e-02
-4.184294975005817263e-02
-4.093005603576364143e-02
-4.001841745965275393e-02
-3.910244644521789631e-02
-3.818410385256368333e-02
-3.726161838382755637e-02
-3.633424551907362549e-02
-3.540655701419533063e-02
-3.448529361725252707e-02
-3.357450417883756089e-02
-3.267478136716956555e-02
-3.178855208265540799e-02
-3.091491349914445713e-02
-3.005206649992111373e-02
-2.920019919322913715e-02
-2.836422439719871180e-02
-2.754198742039841094e-02
-2.673049793457890969e-02
-2.593448048879489279e-02
-2.515628136780281854e-02
-2.439400573213888410e-02
-2.364655358180157985e-02
-2.291698345614771176e-02
-2.220488265429468658e-02
-2.150932695791689039e-02
-2.083043918207675912e-02
-2.016843314193515063e-02
-1.952057272511893357e-02
-1.888443012120648301e-02
-1.826486489406829727e-02
-1.766284225647987011e-02
-1.707283788710979230e-02
-1.648964271931152234e-02
-1.591276785660678331e-02
-1.534249107410334823e-02
-1.477768147589385989e-02
-1.422176135073486593e-02
-1.368101861806698960e-02
-1.315700761721817595e-02
-1.264683342906987654e-02
-1.215291579992937472e-02
-1.167631710157492585e-02
-1.121509816938997921e-02
-1.076879593637907265e-02
-1.033659573371707545e-02
-9.916948801087344112e-03
-9.508725186521059872e-03
-9.112222607450209608e-03
-8.727654426032080762e-03
-8.352665379737245557e-03
-7.984300914854011721e-03
-7.626378569256202569e-03
-7.279465034347331991e-03
-6.937445261814408244e-03
-6.598911999196058198e-03
-6.265619123625446735e-03
-5.937040167620963316e-03
-5.613916777560251474e-03
-5.299241071496200127e-03
-4.991447577895673574e-03
-4.683118200582410059e-03
-4.370986739203414941e-03
-4.057389856555699420e-03
-3.741934245234581052e-03
-3.423069538351583736e-03
-3.106049692864160626e-03
-2.795724006275308697e-03
-2.491231861778379995e-03
-2.193067387895288305e-03
-1.905689379576367857e-03
-1.632070531109777473e-03
-1.369855525643714220e-03
-1.117349412046434419e-03
-8.773023796610360595e-04
-6.502788970106532663e-04
-4.334640739642133846e-04
-2.270274755436482218e-04
-3.140231798532556594e-05
1.531180630432859169e-04
3.257383295393723025e-04
4.858481774515586429e-04
6.349887053926797729e-04
7.775068624389848849e-04
9.135121405907057485e-04
1.036445280065292343e-03
1.143743284143712048e-03
1.236153615436440777e-03
1.311757417202470688e-03
1.371919573183350916e-03
1.421072606318950996e-03
1.459976308962469740e-03
1.486846489637966024e-03
1.501747847024929037e-03
1.505044362457001999e-03
1.494098387737549877e-03
1.464484747513575833e-03
1.415738978752973136e-03
1.347461947288530922e-03
1.253956561994298401e-03
1.133597513478361253e-03
9.905394254430702292e-04
8.241298401622351895e-04
6.307217058832527770e-04
4.132545970645422275e-04
1.772544335386637437e-04
-7.827737958091199994e-05
-3.575388610388259233e-04
-6.586405644511373562e-04
-9.766879809094532270e-04
-1.310747822283316651e-03
-1.656452772930734922e-03
-2.010671475533462767e-03
-2.377249704848164759e-03
-2.759217506576126539e-03
-3.156931765163630346e-03
-3.569052627317267651e-03
-3.994799690587829376e-03
-4.434305480670542796e-03
-4.884334792736757906e-03
-5.341975753796129357e-03
-5.808019301246956402e-03
-6.281711677386934457e-03
-6.760232671499037498e-03
-7.245047841712278121e-03
-7.739041555550271907e-03
-8.242016935020628210e-03
-8.754884443638925179e-03
-9.280093103524150733e-03
-9.818772597715321598e-03
-1.036907514959127530e-02
-1.092993626118984006e-02
-1.150171565283717758e-02
-1.208096609791552319e-02
-1.266456413969834112e-02
-1.325702338144231149e-02
-1.386163058790026471e-02
-1.447069880711499348e-02
-1.507797600825238477e-02
-1.568329346778135278e-02
-1.628581735402508807e-02
-1.688416093774883220e-02
-1.747921246791425687e-02
-1.807596201500875910e-02
-1.867418473541089530e-02
-1.927229221951017729e-02
-1.987351065954795146e-02
-2.047960103974739640e-02
-2.108764355398178025e-02
-2.169629919207219718e-02
-2.230789481616008915e-02
-2.292161924785188210e-02
-2.353558070046345846e-02
-2.415123603483266407e-02
-2.477320229963126536e-02
-2.540152145539920775e-02
-2.603714374584272309e-02
-2.668566716233322297e-02
-2.734783834546946832e-02
-2.802119325035661371e-02
-2.870490837026681147e-02
-2.939914901950756512e-02
-3.010476029774750845e-02
-3.082514897489057118e-02
-3.156183345585884120e-02
-3.231259615871991814e-02
-3.307168339172543436e-02
-3.383504304736612012e-02
-3.460500557606672328e-02
-3.538095575160170314e-02
