0.000000000000000000e+00
2.000000000000000042e-03
4.000000000000000083e-03
6.000000000000000125e-03
8.000000000000000167e-03
1.000000000000000021e-02
1.200000000000000025e-02
1.400000000000000029e-02
1.600000000000000033e-02
1.800000000000000211e-02
2.000000000000000389e-02
2.200000000000000566e-02
2.400000000000000744e-02
2.600000000000000921e-02
2.800000000000001099e-02
3.000000000000001277e-02
3.200000000000001454e-02
3.400000000000001632e-02
3.600000000000001810e-02
3.800000000000001987e-02
4.000000000000002165e-02
4.200000000000002343e-02
4.400000000000002520e-02
4.600000000000002698e-02
4.800000000000002875e-02
5.000000000000003053e-02
5.200000000000003231e-02
5.400000000000003408e-02
5.600000000000003586e-02
5.800000000000003764e-02
6.000000000000003941e-02
6.200000000000004119e-02
6.400000000000004297e-02
6.600000000000004474e-02
6.800000000000004652e-02
7.000000000000004829e-02
7.200000000000005007e-02
7.400000000000005185e-02
7.600000000000005362e-02
7.800000000000005540e-02
8.000000000000005718e-02
8.200000000000005895e-02
8.400000000000006073e-02
8.600000000000006251e-02
8.800000000000006428e-02
9.000000000000006606e-02
9.200000000000006783e-02
9.400000000000006961e-02
9.600000000000007139e-02
9.800000000000007316e-02
1.000000000000000749e-01
1.020000000000000767e-01
1.040000000000000785e-01
1.060000000000000803e-01
1.080000000000000820e-01
1.100000000000000838e-01
1.120000000000000856e-01
1.140000000000000874e-01
1.160000000000000892e-01
1.180000000000000909e-01
1.200000000000000927e-01
1.220000000000000945e-01
1.240000000000000963e-01
1.260000000000000842e-01
1.280000000000000859e-01
1.300000000000000877e-01
1.320000000000000895e-01
1.340000000000000913e-01
1.360000000000000930e-01
1.380000000000000948e-01
1.400000000000000966e-01
1.420000000000000984e-01
1.440000000000001001e-01
1.460000000000001019e-01
1.480000000000001037e-01
1.500000000000001055e-01
1.520000000000001072e-01
1.540000000000001090e-01
1.560000000000001108e-01
1.580000000000001126e-01
1.600000000000001144e-01
1.620000000000001161e-01
1.640000000000001179e-01
1.660000000000001197e-01
1.680000000000001215e-01
1.700000000000001232e-01
1.720000000000001250e-01
1.740000000000001268e-01
1.760000000000001286e-01
1.780000000000001303e-01
1.800000000000001321e-01
1.820000000000001339e-01
1.840000000000001357e-01
1.860000000000001374e-01
1.880000000000001392e-01
1.900000000000001410e-01
1.920000000000001428e-01
1.940000000000001446e-01
1.960000000000001463e-01
1.980000000000001481e-01
2.000000000000001499e-01
2.020000000000001517e-01
2.040000000000001534e-01
2.060000000000001552e-01
2.080000000000001570e-01
2.100000000000001588e-01
2.120000000000001605e-01
2.140000000000001623e-01
2.160000000000001641e-01
2.180000000000001659e-01
2.200000000000001676e-01
2.220000000000001694e-01
2.240000000000001712e-01
2.260000000000001730e-01
2.280000000000001747e-01
2.300000000000001765e-01
2.320000000000001783e-01
2.340000000000001801e-01
2.360000000000001819e-01
2.380000000000001836e-01
2.400000000000001854e-01
2.420000000000001872e-01
2.440000000000001890e-01
2.460000000000001907e-01
2.480000000000001925e-01
2.500000000000001665e-01
2.520000000000001683e-01
2.540000000000001701e-01
2.560000000000001719e-01
2.580000000000001736e-01
2.600000000000001754e-01
2.620000000000001772e-01
2.640000000000001790e-01
2.660000000000001807e-01
2.680000000000001825e-01
2.700000000000001843e-01
2.720000000000001861e-01
2.740000000000001878e-01
2.760000000000001896e-01
2.780000000000001914e-01
2.800000000000001932e-01
2.820000000000001950e-01
2.840000000000001967e-01
2.860000000000001985e-01
2.880000000000002003e-01
2.900000000000002021e-01
2.920000000000002038e-01
2.940000000000002056e-01
2.960000000000002074e-01
2.980000000000002092e-01
3.000000000000002109e-01
3.020000000000002127e-01
3.040000000000002145e-01
3.060000000000002163e-01
3.080000000000002180e-01
3.100000000000002198e-01
3.120000000000002216e-01
3.140000000000002234e-01
3.160000000000002252e-01
3.180000000000002269e-01
3.200000000000002287e-01
3.220000000000002305e-01
3.240000000000002323e-01
3.260000000000002340e-01
3.280000000000002358e-01
3.300000000000002376e-01
3.320000000000002394e-01
3.340000000000002411e-01
3.360000000000002429e-01
3.380000000000002447e-01
3.400000000000002465e-01
3.420000000000002482e-01
3.440000000000002500e-01
3.460000000000002518e-01
3.480000000000002536e-01
3.500000000000002554e-01
3.520000000000002571e-01
3.540000000000002589e-01
3.560000000000002607e-01
3.580000000000002625e-01
3.600000000000002642e-01
3.620000000000002660e-01
3.640000000000002678e-01
3.660000000000002696e-01
3.680000000000002713e-01
3.700000000000002731e-01
3.720000000000002749e-01
3.740000000000002767e-01
3.760000000000002784e-01
3.780000000000002802e-01
3.800000000000002820e-01
3.820000000000002838e-01
3.840000000000002855e-01
3.860000000000002873e-01
3.880000000000002891e-01
3.900000000000002909e-01
3.920000000000002927e-01
3.940000000000002944e-01
3.960000000000002962e-01
3.980000000000002980e-01
4.000000000000002998e-01
4.020000000000003015e-01
4.040000000000003033e-01
4.060000000000003051e-01
4.080000000000003069e-01
4.100000000000003086e-01
4.120000000000003104e-01
4.140000000000003122e-01
4.160000000000003140e-01
4.180000000000003157e-01
4.200000000000003175e-01
4.220000000000003193e-01
4.240000000000003211e-01
4.260000000000003229e-01
4.280000000000003246e-01
4.300000000000003264e-01
4.320000000000003282e-01
4.340000000000003300e-01
4.360000000000003317e-01
4.380000000000003335e-01
4.400000000000003353e-01
4.420000000000003371e-01
4.440000000000003388e-01
4.460000000000003406e-01
4.480000000000003424e-01
4.500000000000003442e-01
4.520000000000003459e-01
4.540000000000003477e-01
4.560000000000003495e-01
4.580000000000003513e-01
4.600000000000003531e-01
4.620000000000003548e-01
4.640000000000003566e-01
4.660000000000003584e-01
4.680000000000003602e-01
4.700000000000003619e-01
4.720000000000003637e-01
4.740000000000003655e-01
4.760000000000003673e-01
4.780000000000003690e-01
4.800000000000003708e-01
4.820000000000003726e-01
4.840000000000003744e-01
4.860000000000003761e-01
4.880000000000003779e-01
4.900000000000003797e-01
4.920000000000003815e-01
4.940000000000003832e-01
4.960000000000003850e-01
4.980000000000003868e-01
5.000000000000003331e-01
5.020000000000003348e-01
5.040000000000003366e-01
5.060000000000003384e-01
5.080000000000003402e-01
5.100000000000003419e-01
5.120000000000003437e-01
5.140000000000003455e-01
5.160000000000003473e-01
5.180000000000003491e-01
5.200000000000003508e-01
5.220000000000003526e-01
5.240000000000003544e-01
5.260000000000003562e-01
5.280000000000003579e-01
5.300000000000003597e-01
5.320000000000003615e-01
5.340000000000003633e-01
5.360000000000003650e-01
5.380000000000003668e-01
5.400000000000003686e-01
5.420000000000003704e-01
5.440000000000003721e-01
5.460000000000003739e-01
5.480000000000003757e-01
5.500000000000003775e-01
5.520000000000003793e-01
5.540000000000003810e-01
5.560000000000003828e-01
5.580000000000003846e-01
5.600000000000003864e-01
5.620000000000003881e-01
5.640000000000003899e-01
5.660000000000003917e-01
5.680000000000003935e-01
5.700000000000003952e-01
5.720000000000003970e-01
5.740000000000003988e-01
5.760000000000004006e-01
5.780000000000004023e-01
5.800000000000004041e-01
5.820000000000004059e-01
5.840000000000004077e-01
5.860000000000004095e-01
5.880000000000004112e-01
5.900000000000004130e-01
5.920000000000004148e-01
5.940000000000004166e-01
5.960000000000004183e-01
5.980000000000004201e-01
6.000000000000004219e-01
6.020000000000004237e-01
6.040000000000004254e-01
6.060000000000004272e-01
6.080000000000004290e-01
6.100000000000004308e-01
6.120000000000004325e-01
6.140000000000004343e-01
6.160000000000004361e-01
6.180000000000004379e-01
6.200000000000004396e-01
6.220000000000004414e-01
6.240000000000004432e-01
6.260000000000004450e-01
6.280000000000004468e-01
6.300000000000004485e-01
6.320000000000004503e-01
6.340000000000004521e-01
6.360000000000004539e-01
6.380000000000004556e-01
6.400000000000004574e-01
6.420000000000004592e-01
6.440000000000004610e-01
6.460000000000004627e-01
6.480000000000004645e-01
6.500000000000004663e-01
6.520000000000004681e-01
6.540000000000004698e-01
6.560000000000004716e-01
6.580000000000004734e-01
6.600000000000004752e-01
6.620000000000004770e-01
6.640000000000004787e-01
6.660000000000004805e-01
6.680000000000004823e-01
6.700000000000004841e-01
6.720000000000004858e-01
6.740000000000004876e-01
6.760000000000004894e-01
6.780000000000004912e-01
6.800000000000004929e-01
6.820000000000004947e-01
6.840000000000004965e-01
6.860000000000004983e-01
6.880000000000005000e-01
6.900000000000005018e-01
6.920000000000005036e-01
6.940000000000005054e-01
6.960000000000005071e-01
6.980000000000005089e-01
7.000000000000005107e-01
7.020000000000005125e-01
7.040000000000005143e-01
7.060000000000005160e-01
7.080000000000005178e-01
7.100000000000005196e-01
7.120000000000005214e-01
7.140000000000005231e-01
7.160000000000005249e-01
7.180000000000005267e-01
7.200000000000005285e-01
7.220000000000005302e-01
7.240000000000005320e-01
7.260000000000005338e-01
7.280000000000005356e-01
7.300000000000005373e-01
7.320000000000005391e-01
7.340000000000005409e-01
7.360000000000005427e-01
7.380000000000005445e-01
7.400000000000005462e-01
7.420000000000005480e-01
7.440000000000005498e-01
7.460000000000005516e-01
7.480000000000005533e-01
7.500000000000005551e-01
7.520000000000005569e-01
7.540000000000005587e-01
7.560000000000005604e-01
7.580000000000005622e-01
7.600000000000005640e-01
7.620000000000005658e-01
7.640000000000005675e-01
7.660000000000005693e-01
7.680000000000005711e-01
7.700000000000005729e-01
7.720000000000005747e-01
7.740000000000005764e-01
7.760000000000005782e-01
7.780000000000005800e-01
7.800000000000005818e-01
7.820000000000005835e-01
7.840000000000005853e-01
7.860000000000005871e-01
7.880000000000005889e-01
7.900000000000005906e-01
7.920000000000005924e-01
7.940000000000005942e-01
7.960000000000005960e-01
7.980000000000005977e-01
8.000000000000005995e-01
8.020000000000006013e-01
8.040000000000006031e-01
8.060000000000006048e-01
8.080000000000006066e-01
8.100000000000006084e-01
8.120000000000006102e-01
8.140000000000006120e-01
8.160000000000006137e-01
8.180000000000006155e-01
8.200000000000006173e-01
8.220000000000006191e-01
8.240000000000006208e-01
8.260000000000006226e-01
8.280000000000006244e-01
8.300000000000006262e-01
8.320000000000006279e-01
8.340000000000006297e-01
8.360000000000006315e-01
8.380000000000006333e-01
8.400000000000006350e-01
8.420000000000006368e-01
8.440000000000006386e-01
8.460000000000006404e-01
8.480000000000006422e-01
8.500000000000006439e-01
8.520000000000006457e-01
8.540000000000006475e-01
8.560000000000006493e-01
8.580000000000006510e-01
8.600000000000006528e-01
8.620000000000006546e-01
8.640000000000006564e-01
8.660000000000006581e-01
8.680000000000006599e-01
8.700000000000006617e-01
8.720000000000006635e-01
8.740000000000006652e-01
8.760000000000006670e-01
8.780000000000006688e-01
8.800000000000006706e-01
8.820000000000006724e-01
8.840000000000006741e-01
8.860000000000006759e-01
8.880000000000006777e-01
8.900000000000006795e-01
8.920000000000006812e-01
8.940000000000006830e-01
8.960000000000006848e-01
8.980000000000006866e-01
9.000000000000006883e-01
9.020000000000006901e-01
9.040000000000006919e-01
9.060000000000006937e-01
9.080000000000006954e-01
9.100000000000006972e-01
9.120000000000006990e-01
9.140000000000007008e-01
9.160000000000007025e-01
9.180000000000007043e-01
9.200000000000007061e-01
9.220000000000007079e-01
9.240000000000007097e-01
9.260000000000007114e-01
9.280000000000007132e-01
9.300000000000007150e-01
9.320000000000007168e-01
9.340000000000007185e-01
9.360000000000007203e-01
9.380000000000007221e-01
9.400000000000007239e-01
9.420000000000007256e-01
9.440000000000007274e-01
9.460000000000007292e-01
9.480000000000007310e-01
9.500000000000007327e-01
9.520000000000007345e-01
9.540000000000007363e-01
9.560000000000007381e-01
9.580000000000007399e-01
9.600000000000007416e-01
9.620000000000007434e-01
9.640000000000007452e-01
9.660000000000007470e-01
9.680000000000007487e-01
9.700000000000007505e-01
9.720000000000007523e-01
9.740000000000007541e-01
9.760000000000007558e-01
9.780000000000007576e-01
9.800000000000007594e-01
9.820000000000007612e-01
9.840000000000007629e-01
9.860000000000007647e-01
9.880000000000007665e-01
9.900000000000007683e-01
9.920000000000007701e-01
9.940000000000007718e-01
9.960000000000007736e-01
9.980000000000007754e-01
1.000000000000000666e+00
1.002000000000000668e+00
1.004000000000000670e+00
1.006000000000000671e+00
1.008000000000000673e+00
1.010000000000000675e+00
1.012000000000000677e+00
1.014000000000000679e+00
1.016000000000000680e+00
1.018000000000000682e+00
1.020000000000000684e+00
1.022000000000000686e+00
1.024000000000000687e+00
1.026000000000000689e+00
1.028000000000000691e+00
1.030000000000000693e+00
1.032000000000000695e+00
1.034000000000000696e+00
1.036000000000000698e+00
1.038000000000000700e+00
1.040000000000000702e+00
1.042000000000000703e+00
1.044000000000000705e+00
1.046000000000000707e+00
1.048000000000000709e+00
1.050000000000000711e+00
1.052000000000000712e+00
1.054000000000000714e+00
1.056000000000000716e+00
1.058000000000000718e+00
1.060000000000000719e+00
1.062000000000000721e+00
1.064000000000000723e+00
1.066000000000000725e+00
1.068000000000000727e+00
1.070000000000000728e+00
1.072000000000000730e+00
1.074000000000000732e+00
1.076000000000000734e+00
1.078000000000000735e+00
1.080000000000000737e+00
1.082000000000000739e+00
1.084000000000000741e+00
1.086000000000000743e+00
1.088000000000000744e+00
1.090000000000000746e+00
1.092000000000000748e+00
1.094000000000000750e+00
1.096000000000000751e+00
1.098000000000000753e+00
1.100000000000000755e+00
1.102000000000000757e+00
1.104000000000000759e+00
1.106000000000000760e+00
1.108000000000000762e+00
1.110000000000000764e+00
1.112000000000000766e+00
1.114000000000000767e+00
1.116000000000000769e+00
1.118000000000000771e+00
1.120000000000000773e+00
1.122000000000000774e+00
1.124000000000000776e+00
1.126000000000000778e+00
1.128000000000000780e+00
1.130000000000000782e+00
1.132000000000000783e+00
1.134000000000000785e+00
1.136000000000000787e+00
1.138000000000000789e+00
1.140000000000000790e+00
1.142000000000000792e+00
1.144000000000000794e+00
1.146000000000000796e+00
1.148000000000000798e+00
1.150000000000000799e+00
1.152000000000000801e+00
1.154000000000000803e+00
1.156000000000000805e+00
1.158000000000000806e+00
1.160000000000000808e+00
1.162000000000000810e+00
1.164000000000000812e+00
1.166000000000000814e+00
1.168000000000000815e+00
1.170000000000000817e+00
1.172000000000000819e+00
1.174000000000000821e+00
1.176000000000000822e+00
1.178000000000000824e+00
1.180000000000000826e+00
1.182000000000000828e+00
1.184000000000000830e+00
1.186000000000000831e+00
1.188000000000000833e+00
1.190000000000000835e+00
1.192000000000000837e+00
1.194000000000000838e+00
1.196000000000000840e+00
1.198000000000000842e+00
1.200000000000000844e+00
1.202000000000000846e+00
1.204000000000000847e+00
1.206000000000000849e+00
1.208000000000000851e+00
1.210000000000000853e+00
1.212000000000000854e+00
1.214000000000000856e+00
1.216000000000000858e+00
1.218000000000000860e+00
1.220000000000000862e+00
1.222000000000000863e+00
1.224000000000000865e+00
1.226000000000000867e+00
1.228000000000000869e+00
1.230000000000000870e+00
1.232000000000000872e+00
1.234000000000000874e+00
1.236000000000000876e+00
1.238000000000000878e+00
1.240000000000000879e+00
1.242000000000000881e+00
1.244000000000000883e+00
1.246000000000000885e+00
1.248000000000000886e+00
1.250000000000000888e+00
1.252000000000000890e+00
1.254000000000000892e+00
1.256000000000000894e+00
1.258000000000000895e+00
1.260000000000000897e+00
1.262000000000000899e+00
1.264000000000000901e+00
1.266000000000000902e+00
1.268000000000000904e+00
1.270000000000000906e+00
1.272000000000000908e+00
1.274000000000000909e+00
1.276000000000000911e+00
1.278000000000000913e+00
1.280000000000000915e+00
1.282000000000000917e+00
1.284000000000000918e+00
1.286000000000000920e+00
1.288000000000000922e+00
1.290000000000000924e+00
1.292000000000000925e+00
1.294000000000000927e+00
1.296000000000000929e+00
1.298000000000000931e+00
1.300000000000000933e+00
1.302000000000000934e+00
1.304000000000000936e+00
1.306000000000000938e+00
1.308000000000000940e+00
1.310000000000000941e+00
1.312000000000000943e+00
1.314000000000000945e+00
1.316000000000000947e+00
1.318000000000000949e+00
1.320000000000000950e+00
1.322000000000000952e+00
1.324000000000000954e+00
1.326000000000000956e+00
1.328000000000000957e+00
1.330000000000000959e+00
1.332000000000000961e+00
1.334000000000000963e+00
1.336000000000000965e+00
1.338000000000000966e+00
1.340000000000000968e+00
1.342000000000000970e+00
1.344000000000000972e+00
1.346000000000000973e+00
1.348000000000000975e+00
1.350000000000000977e+00
1.352000000000000979e+00
1.354000000000000981e+00
1.356000000000000982e+00
1.358000000000000984e+00
1.360000000000000986e+00
1.362000000000000988e+00
1.364000000000000989e+00
1.366000000000000991e+00
1.368000000000000993e+00
1.370000000000000995e+00
1.372000000000000997e+00
1.374000000000000998e+00
1.376000000000001000e+00
1.378000000000001002e+00
1.380000000000001004e+00
1.382000000000001005e+00
1.384000000000001007e+00
1.386000000000001009e+00
1.388000000000001011e+00
1.390000000000001013e+00
1.392000000000001014e+00
1.394000000000001016e+00
1.396000000000001018e+00
1.398000000000001020e+00
1.400000000000001021e+00
1.402000000000001023e+00
1.404000000000001025e+00
1.406000000000001027e+00
1.408000000000001029e+00
1.410000000000001030e+00
1.412000000000001032e+00
1.414000000000001034e+00
1.416000000000001036e+00
1.418000000000001037e+00
1.420000000000001039e+00
1.422000000000001041e+00
1.424000000000001043e+00
1.426000000000001044e+00
1.428000000000001046e+00
1.430000000000001048e+00
1.432000000000001050e+00
1.434000000000001052e+00
1.436000000000001053e+00
1.438000000000001055e+00
1.440000000000001057e+00
1.442000000000001059e+00
1.444000000000001060e+00
1.446000000000001062e+00
1.448000000000001064e+00
1.450000000000001066e+00
1.452000000000001068e+00
1.454000000000001069e+00
1.456000000000001071e+00
1.458000000000001073e+00
1.460000000000001075e+00
1.462000000000001076e+00
1.464000000000001078e+00
1.466000000000001080e+00
1.468000000000001082e+00
1.470000000000001084e+00
1.472000000000001085e+00
1.474000000000001087e+00
1.476000000000001089e+00
1.478000000000001091e+00
1.480000000000001092e+00
1.482000000000001094e+00
1.484000000000001096e+00
1.486000000000001098e+00
1.488000000000001100e+00
1.490000000000001101e+00
1.492000000000001103e+00
1.494000000000001105e+00
1.496000000000001107e+00
1.498000000000001108e+00
1.500000000000001110e+00
1.502000000000001112e+00
1.504000000000001114e+00
1.506000000000001116e+00
1.508000000000001117e+00
1.510000000000001119e+00
1.512000000000001121e+00
1.514000000000001123e+00
1.516000000000001124e+00
1.518000000000001126e+00
1.520000000000001128e+00
1.522000000000001130e+00
1.524000000000001132e+00
1.526000000000001133e+00
1.528000000000001135e+00
1.530000000000001137e+00
1.532000000000001139e+00
1.534000000000001140e+00
1.536000000000001142e+00
1.538000000000001144e+00
1.540000000000001146e+00
1.542000000000001148e+00
1.544000000000001149e+00
1.546000000000001151e+00
1.548000000000001153e+00
1.550000000000001155e+00
1.552000000000001156e+00
1.554000000000001158e+00
1.556000000000001160e+00
1.558000000000001162e+00
1.560000000000001164e+00
1.562000000000001165e+00
1.564000000000001167e+00
1.566000000000001169e+00
1.568000000000001171e+00
1.570000000000001172e+00
1.572000000000001174e+00
1.574000000000001176e+00
1.576000000000001178e+00
1.578000000000001180e+00
1.580000000000001181e+00
1.582000000000001183e+00
1.584000000000001185e+00
1.586000000000001187e+00
1.588000000000001188e+00
1.590000000000001190e+00
1.592000000000001192e+00
1.594000000000001194e+00
1.596000000000001195e+00
1.598000000000001197e+00
1.600000000000001199e+00
1.602000000000001201e+00
1.604000000000001203e+00
1.606000000000001204e+00
1.608000000000001206e+00
1.610000000000001208e+00
1.612000000000001210e+00
1.614000000000001211e+00
1.616000000000001213e+00
1.618000000000001215e+00
1.620000000000001217e+00
1.622000000000001219e+00
1.624000000000001220e+00
1.626000000000001222e+00
1.628000000000001224e+00
1.630000000000001226e+00
1.632000000000001227e+00
1.634000000000001229e+00
1.636000000000001231e+00
1.638000000000001233e+00
1.640000000000001235e+00
1.642000000000001236e+00
1.644000000000001238e+00
1.646000000000001240e+00
1.648000000000001242e+00
1.650000000000001243e+00
1.652000000000001245e+00
1.654000000000001247e+00
1.656000000000001249e+00
1.658000000000001251e+00
1.660000000000001252e+00
1.662000000000001254e+00
1.664000000000001256e+00
1.666000000000001258e+00
1.668000000000001259e+00
1.670000000000001261e+00
1.672000000000001263e+00
1.674000000000001265e+00
1.676000000000001267e+00
1.678000000000001268e+00
1.680000000000001270e+00
1.682000000000001272e+00
1.684000000000001274e+00
1.686000000000001275e+00
1.688000000000001277e+00
1.690000000000001279e+00
1.692000000000001281e+00
1.694000000000001283e+00
1.696000000000001284e+00
1.698000000000001286e+00
1.700000000000001288e+00
1.702000000000001290e+00
1.704000000000001291e+00
1.706000000000001293e+00
1.708000000000001295e+00
1.710000000000001297e+00
1.712000000000001299e+00
1.714000000000001300e+00
1.716000000000001302e+00
1.718000000000001304e+00
1.720000000000001306e+00
1.722000000000001307e+00
1.724000000000001309e+00
1.726000000000001311e+00
1.728000000000001313e+00
1.730000000000001315e+00
1.732000000000001316e+00
1.734000000000001318e+00
1.736000000000001320e+00
1.738000000000001322e+00
1.740000000000001323e+00
1.742000000000001325e+00
1.744000000000001327e+00
1.746000000000001329e+00
1.748000000000001330e+00
1.750000000000001332e+00
1.752000000000001334e+00
1.754000000000001336e+00
1.756000000000001338e+00
1.758000000000001339e+00
1.760000000000001341e+00
1.762000000000001343e+00
1.764000000000001345e+00
1.766000000000001346e+00
1.768000000000001348e+00
1.770000000000001350e+00
1.772000000000001352e+00
1.774000000000001354e+00
1.776000000000001355e+00
1.778000000000001357e+00
1.780000000000001359e+00
1.782000000000001361e+00
1.784000000000001362e+00
1.786000000000001364e+00
1.788000000000001366e+00
1.790000000000001368e+00
1.792000000000001370e+00
1.794000000000001371e+00
1.796000000000001373e+00
1.798000000000001375e+00
1.800000000000001377e+00
1.802000000000001378e+00
1.804000000000001380e+00
1.806000000000001382e+00
1.808000000000001384e+00
1.810000000000001386e+00
1.812000000000001387e+00
1.814000000000001389e+00
1.816000000000001391e+00
1.818000000000001393e+00
1.820000000000001394e+00
1.822000000000001396e+00
1.824000000000001398e+00
1.826000000000001400e+00
1.828000000000001402e+00
1.830000000000001403e+00
1.832000000000001405e+00
1.834000000000001407e+00
1.836000000000001409e+00
1.838000000000001410e+00
1.840000000000001412e+00
1.842000000000001414e+00
1.844000000000001416e+00
1.846000000000001418e+00
1.848000000000001419e+00
1.850000000000001421e+00
1.852000000000001423e+00
1.854000000000001425e+00
1.856000000000001426e+00
1.858000000000001428e+00
1.860000000000001430e+00
1.862000000000001432e+00
1.864000000000001434e+00
1.866000000000001435e+00
1.868000000000001437e+00
1.870000000000001439e+00
1.872000000000001441e+00
1.874000000000001442e+00
1.876000000000001444e+00
1.878000000000001446e+00
1.880000000000001448e+00
1.882000000000001450e+00
1.884000000000001451e+00
1.886000000000001453e+00
1.888000000000001455e+00
1.890000000000001457e+00
1.892000000000001458e+00
1.894000000000001460e+00
1.896000000000001462e+00
1.898000000000001464e+00
1.900000000000001465e+00
1.902000000000001467e+00
1.904000000000001469e+00
1.906000000000001471e+00
1.908000000000001473e+00
1.910000000000001474e+00
1.912000000000001476e+00
1.914000000000001478e+00
1.916000000000001480e+00
1.918000000000001481e+00
1.920000000000001483e+00
1.922000000000001485e+00
1.924000000000001487e+00
1.926000000000001489e+00
1.928000000000001490e+00
1.930000000000001492e+00
1.932000000000001494e+00
1.934000000000001496e+00
1.936000000000001497e+00
1.938000000000001499e+00
1.940000000000001501e+00
1.942000000000001503e+00
1.944000000000001505e+00
1.946000000000001506e+00
1.948000000000001508e+00
1.950000000000001510e+00
1.952000000000001512e+00
1.954000000000001513e+00
1.956000000000001515e+00
1.958000000000001517e+00
1.960000000000001519e+00
1.962000000000001521e+00
1.964000000000001522e+00
1.966000000000001524e+00
1.968000000000001526e+00
1.970000000000001528e+00
1.972000000000001529e+00
1.974000000000001531e+00
1.976000000000001533e+00
1.978000000000001535e+00
1.980000000000001537e+00
1.982000000000001538e+00
1.984000000000001540e+00
1.986000000000001542e+00
1.988000000000001544e+00
1.990000000000001545e+00
1.992000000000001547e+00
1.994000000000001549e+00
1.996000000000001551e+00
1.998000000000001553e+00
