0.000000000000000000e+00
-1.986263883769223161e-04
-6.021638610671727109e-04
-1.238730025809445679e-03
-2.156150487668500974e-03
-3.403447624400707337e-03
-5.012927200969645794e-03
-6.993069264971087801e-03
-9.331013533849153233e-03
-1.199800691379650404e-02
-1.495581712881248124e-02
-1.816202533690177215e-02
-2.157336229187110932e-02
-2.515011177304594253e-02
-2.885846410686837907e-02
-3.267205183893594211e-02
-3.657207881687836448e-02
-4.054616972195539126e-02
-4.458629925522510085e-02
-4.868629291309325979e-02
-5.283938950563542986e-02
-5.703625913402666364e-02
-6.126372885074977959e-02
-6.550431763541232633e-02
-6.973676825031473181e-02
-7.393635330590257737e-02
-7.807671277721399405e-02
-8.213121452461376315e-02
-8.607414958309771158e-02
-8.988233374205725768e-02
-9.353529383727191004e-02
-9.701580122479712409e-02
-1.003094581913056976e-01
-1.034045800978486418e-01
-1.062920218920332532e-01
-1.089640406983242715e-01
-1.114138858377844710e-01
-1.136353994866195344e-01
-1.156224102690235761e-01
-1.173693653854881030e-01
-1.188706337856480083e-01
-1.201208321577782456e-01
-1.211150722983398847e-01
-1.218492278911684074e-01
-1.223201870348688686e-01
-1.225260440321082334e-01
-1.224662946262400492e-01
-1.221418816383182532e-01
-1.215551241823272371e-01
-1.207098022166031154e-01
-1.196109904303646887e-01
-1.182649418736409913e-01
-1.166789551547441905e-01
-1.148612480933693669e-01
-1.128206093243167008e-01
-1.105668813471610556e-01
-1.081104977348011226e-01
-1.054625846489882501e-01
-1.026349938907642895e-01
-9.964034859794553001e-02
-9.649208930034255949e-02
-9.320428095707572469e-02
-8.979217857032691097e-02
-8.627178100931748306e-02
-8.265996448667417562e-02
-7.897409774285360506e-02
-7.523217131009718450e-02
-7.145261343262644671e-02
-6.765411864818260401e-02
-6.385548019666706376e-02
-6.007543401666416011e-02
-5.633252093428322421e-02
-5.264496857899609444e-02
-4.903049372585335103e-02
-4.550651220056450841e-02
-4.208978695730613423e-02
-3.879660125326381270e-02
-3.564217370249294498e-02
-3.264112592230178356e-02
-2.980729648530763137e-02
-2.715365262432361745e-02
-2.469222147405100362e-02
-2.243400506299266656e-02
-2.038919992627851244e-02
-1.856647810525439285e-02
-1.697356385825416966e-02
-1.561704444790591728e-02
-1.450231613258910410e-02
-1.363356180493949070e-02
-1.301374630915125806e-02
-1.264467132390403696e-02
-1.252682826188838278e-02
-1.265960125256397097e-02
-1.304114898936461521e-02
-1.366859404672061268e-02
-1.453782574589853813e-02
-1.564362961202355601e-02
-1.697969123464208169e-02
-1.853861787895017682e-02
-2.031196419181557564e-02
-2.229026338110877067e-02
-2.446331519308169236e-02
-2.681967770219969779e-02
-2.934704846538928671e-02
-3.203239566664783239e-02
-3.486191197896000571e-02
-3.782110288225094819e-02
-4.089486929032493112e-02
-4.406759721602749452e-02
-4.732325188399808674e-02
-5.064567110642590603e-02
-5.401813108472118541e-02
-5.742387870139632061e-02
-6.084613932870558406e-02
-6.426819981735581999e-02
-6.767349969308707192e-02
-7.104572530728556212e-02
-7.436890358002098966e-02
-7.762749147920783299e-02
-8.080629440708686495e-02
-8.389103363322153450e-02
-8.686794331190372809e-02
-8.972394097326631679e-02
-9.244669483211434557e-02
-9.502467269914494086e-02
-9.744717774612439432e-02
-9.970441328686553695e-02
-1.017873733707358036e-01
-1.036878358801035238e-01
-1.053988351936670093e-01
-1.069141481026739671e-01
-1.082284355565406309e-01
-1.093372629783350564e-01
-1.102371024544712835e-01
-1.109253273131503292e-01
-1.114001894982407925e-01
-1.116608016488379596e-01
-1.117071831028070977e-01
-1.115401789168857655e-01
-1.111615319206857577e-01
-1.105737040695359691e-01
-1.097800994120496920e-01
-1.087849407390559658e-01
-1.075932782390927739e-01
-1.062109845920624768e-01
-1.046447464109077213e-01
-1.029020526182841538e-01
-1.009911784482654951e-01
-9.892092692947843102e-02
-9.670115253484685980e-02
-9.434238439252259911e-02
-9.185574488106629243e-02
-8.925299858046764623e-02
-8.654650120891592413e-02
-8.374914410336954662e-02
-8.087429168689828918e-02
-7.793571319763904770e-02
-7.494751142390773668e-02
-7.192404968505280993e-02
-6.887987691585491234e-02
-6.582965044559635492e-02
-6.278805656537794766e-02
-5.976972957044757867e-02
-5.678917027587648825e-02
-5.386066503275434292e-02
-5.099820617659810845e-02
-4.821541474867432203e-02
-4.552546628055502420e-02
-4.294102039432989154e-02
-4.047415490489125051e-02
-3.813627023956424333e-02
-3.593814311731586414e-02
-3.388995343305234442e-02
-3.200069963564145664e-02
-3.027871612452137651e-02
-2.873150832109176017e-02
-2.736569919056505013e-02
-2.618699855052849385e-02
-2.520018469037452191e-02
-2.440909317358823730e-02
-2.381660796674271371e-02
-2.342471015677239851e-02
-2.323428743094992435e-02
-2.324534577025316046e-02
-2.345691505445348865e-02
-2.386702615177923453e-02
-2.447290565199047169e-02
-2.527073983088945486e-02
-2.625582891045690967e-02
-2.742259084920092502e-02
-2.876458702012014979e-02
-3.027455274468930299e-02
-3.194443266213053273e-02
-3.376542101104056115e-02
-3.572800657563981325e-02
-3.782202188163694828e-02
-4.003697714991656664e-02
-4.236142702968811319e-02
-4.478350192164911453e-02
-4.729099556869865995e-02
-4.987132215938794300e-02
-5.251159907986961001e-02
-5.519872097926128290e-02
-5.791943760439357408e-02
-6.066043198798738018e-02
-6.340839600268105558e-02
-6.615010237914822899e-02
-6.887247376320845826e-02
-7.156264953656163441e-02
-7.420805051576835620e-02
-7.679644104914364056e-02
-7.931598779550101674e-02
-8.175531453169047891e-02
-8.410355250692910789e-02
-8.635042022566151443e-02
-8.848615666039155725e-02
-9.050146370031610099e-02
-9.238811770423750735e-02
-9.413840568002627973e-02
-9.574528623174066722e-02
-9.720242818157043274e-02
-9.850423116009755786e-02
-9.964583491344478072e-02
-1.006231214707390409e-01
-1.014327147626657988e-01
-1.020719823090422695e-01
-1.025390297313950178e-01
-1.028326841720153956e-01
-1.029525749725998807e-01
-1.028990255753436250e-01
-1.026731059137205859e-01
-1.022766436522982991e-01
-1.017120498753443514e-01
-1.009825531078923783e-01
-1.000920582497885764e-01
-9.904515192109397681e-02
-9.784709176577191525e-02
-9.650379197801380038e-02
-9.502180598700048220e-02
-9.340830565667140872e-02
-9.167105682431983538e-02
-8.981839129033152014e-02
-8.785917532977022271e-02
-8.580255848455745071e-02
-8.365847632173251114e-02
-8.143719806025558061e-02
-7.914935080380983146e-02
-7.680592486353199355e-02
-7.441812055856568409e-02
-7.199737634162403643e-02
-6.955529433431076325e-02
-6.710357219669153828e-02
-6.465393834601812495e-02
-6.221809019997751045e-02
-5.980763480115561942e-02
-5.743398994105839567e-02
-5.510844451134006700e-02
-5.284199497072931961e-02
-5.064530943000188079e-02
-4.852867801098405265e-02
-4.650214008986716663e-02
-4.457490625106622084e-02
-4.275579584803163719e-02
-4.105308732135708877e-02
-3.947445874826437801e-02
-3.802694740813034047e-02
-3.671691989196367717e-02
-3.555004847865814166e-02
-3.453129018377640302e-02
-3.366486689048039938e-02
-3.295424561947984943e-02
-3.240212909776444411e-02
-3.201049319663527154e-02
-3.178040639570064996e-02
-3.171222606764073637e-02
-3.180553228447326186e-02
-3.205911520995690517e-02
-3.247097471625904480e-02
-3.303849173752730628e-02
-3.375820254640649748e-02
-3.462594328861986342e-02
-3.563686217608327822e-02
-3.678543576419194411e-02
-3.806549712644258926e-02
-3.947026688685516260e-02
-4.099238823915595659e-02
-4.262396556313804291e-02
-4.435660613845222172e-02
-4.618146458717423131e-02
-4.808928983846417343e-02
-5.007047444500264261e-02
-5.211510600200638943e-02
-5.421323878586188638e-02
-5.635437306426799298e-02
-5.852797107406573773e-02
-6.072342458650967917e-02
-6.293009765456451798e-02
-6.513737803580649244e-02
-6.733473298093485548e-02
-6.951176671392750306e-02
-7.165827615826630970e-02
-7.376430231435730789e-02
-7.581996713359961948e-02
-7.781612058369381801e-02
-7.974383937695714297e-02
-8.159457991353455397e-02
-8.336023001274300848e-02
-8.503314639953694909e-02
-8.660618324909442889e-02
-8.807271478786515839e-02
-8.942665539598212976e-02
-9.066247926890498576e-02
-9.177523944405786838e-02
-9.276058463378272778e-02
-9.361477235694896926e-02
-9.433468051587536041e-02
-9.491780218716712458e-02
-9.536225903755227162e-02
-9.566676718669266111e-02
-9.583072612121103229e-02
-9.585410849327044569e-02
-9.573749713288305652e-02
-9.548209085968985266e-02
-9.508970363985985719e-02
-9.456261904398573226e-02
-9.390380145125111488e-02
-9.311676670081160678e-02
-9.220558322953863184e-02
-9.117486205308659997e-02
-9.002974244939210280e-02
-8.877587359608329898e-02
-8.741939297739080572e-02
-8.596690157011380173e-02
-8.442543620612148747e-02
-8.280243943580703481e-02
-8.110572702981737325e-02
-7.934345316618816868e-02
-7.752407338034721096e-02
-7.565630543309617706e-02
-7.374908830989447550e-02
-7.181153958393768355e-02
-6.985291137100210768e-02
-6.788254509920296775e-02
-6.590982532585445974e-02
-6.394413285818394133e-02
-6.199479746864772212e-02
-6.007105053100540715e-02
-5.818197793361205850e-02
-5.633647364730339641e-02
-5.454319433420660307e-02
-5.281051537933588447e-02
-5.114648870842935374e-02
-4.955880272378488521e-02
-4.805474464679486413e-02
-4.664116550457435284e-02
-4.532444794245107933e-02
-4.411047698833796271e-02
-4.300461384306284579e-02
-4.201167272581814160e-02
-4.113590076824567843e-02
-4.038095880480582767e-02
-3.974991414910310911e-02
-3.924522223451819974e-02
-3.886876778807298732e-02
-3.862170585356763941e-02
-3.850462173947489380e-02
-3.851748207043031308e-02
-3.865962518342258569e-02
-3.892976002567441474e-02
-3.932597079181886918e-02
-3.984585264955314843e-02
-4.048631903301173202e-02
-4.124373096075668182e-02
-4.211390522820512849e-02
-4.309213131051076867e-02
-4.417319678539615574e-02
-4.535141523921221163e-02
-4.662065712390143363e-02
-4.797438303584408703e-02
-4.940567887285383930e-02
-5.090729251056723415e-02
-5.247167184600295270e-02
-5.409100414367046944e-02
-5.575725659115146615e-02
-5.746221789938399382e-02
-5.919754072381065713e-02
-6.095478464991539724e-02
-6.272545946965717156e-02
-6.450106846121109183e-02
-6.627315136906332393e-02
-6.803332676825561698e-02
-6.977333349114529792e-02
-7.148507080130592217e-02
-7.316063701783556694e-02
-7.479236632258347284e-02
-7.637286351976740884e-02
-7.789503655918589287e-02
-7.935212667819585564e-02
-8.073773606175776996e-02
-8.204585296246283410e-02
-8.327087426217304189e-02
-8.440762549263128300e-02
-8.545137836331477554e-02
-8.639786587034364862e-02
-8.724329508006123390e-02
-8.798435769478170354e-02
-8.861823997450123114e-02
-8.914262410608343734e-02
-8.955569901123650034e-02
-8.985613455413155037e-02
-9.004316789073289751e-02
-9.011651045726799814e-02
-9.007637662504468234e-02
-8.992348825633864062e-02
-8.965907400828809770e-02
-8.928486501120114216e-02
-8.880298130370219145e-02
-8.821610339625235442e-02
-8.752735792379391644e-02
-8.674032137637792406e-02
-8.585900262201809352e-02
-8.488782880662841535e-02
-8.383162739430187471e-02
-8.269560499872213866e-02
-8.148532433773460204e-02
-8.020667952531837508e-02
-7.886586992785983574e-02
-7.746937261166972344e-02
-7.602391330772138855e-02
-7.453643584994688875e-02
-7.301407013042399141e-02
-7.146409869167760776e-02
-6.989392212130993154e-02
-6.831102343727364634e-02
-6.672293167004418601e-02
-6.513718486930626661e-02
-6.356129278632431656e-02
-6.200269950310417777e-02
-6.046874629066547463e-02
-5.896663497927012720e-02
-5.750339211417318519e-02
-5.608583415371597852e-02
-5.472053394488410327e-02
-5.341378868691137177e-02
-5.217158956773795125e-02
-5.099959323237696768e-02
-4.990309521748767518e-02
-4.888700546342293618e-02
-4.795582599416790132e-02
-4.711363083710371630e-02
-4.636404621084477817e-02
-4.571024144449687548e-02
-4.515490969628400270e-02
-4.470025849207028695e-02
-4.434804124311594181e-02
-4.409942746149023846e-02
-4.395512493947766053e-02
-4.391534488212157916e-02
-4.397979541783444968e-02
-4.414768111355624886e-02
-4.441770645779499066e-02
-4.478808282712169742e-02
-4.525663120694373154e-02
-4.582063159425985716e-02
-4.647693152335136829e-02
-4.722194993469591012e-02
-4.805169082691032600e-02
-4.896177408636639972e-02
-4.994745187579900658e-02
-5.100363616109116621e-02
-5.212492626779574589e-02
-5.330563776041893215e-02
-5.453983228621019780e-02
-5.582134826147470974e-02
-5.714383238763109940e-02
-5.850077197065507023e-02
-5.988552794532394502e-02
-6.129136843864876893e-02
-6.271150267070746409e-02
-6.413911497844744514e-02
-6.556739874293787684e-02
-6.698958999454815433e-02
-6.839900046454175375e-02
-6.978904985060628563e-02
-7.115329707176788754e-02
-7.248547030562701998e-02
-7.377949562592908683e-02
-7.502952408805332873e-02
-7.622995714111564791e-02
-7.737547027580689296e-02
-7.846103484535077444e-02
-7.948193802218361803e-02
-8.043380087465533401e-02
-8.131259456607248248e-02
-8.211465469283286966e-02
-8.283669641188533272e-02
-8.347581642599526119e-02
-8.402951170668042369e-02
-8.449568304015257769e-02
-8.487258998475075145e-02
-8.515901105999655607e-02
-8.535409423251101579e-02
-8.545739448222981760e-02
-8.546888045640183007e-02
-8.538893607803918484e-02
-8.521835922867593283e-02
-8.495835809069093858e-02
-8.461054554673118344e-02
-8.417685502622529459e-02
-8.365967098311903605e-02
-8.306173711346864774e-02
-8.238615534252521910e-02
-8.163637508928510422e-02
-8.081617418697624455e-02
-7.992964362615752327e-02
-7.898116907295150979e-02
-7.797541023385361203e-02
-7.691727926298735918e-02
-7.581191826891217622e-02
-7.466467594083867065e-02
-7.348108322843929785e-02
-7.226682801898534625e-02
-7.102772882174085423e-02
-6.976970753583427998e-02
-6.849876142103025756e-02
-6.722093441543203207e-02
-6.594228796247868229e-02
-6.466887152863365351e-02
-6.340669301211081244e-02
-6.216168925718380811e-02
-6.093969689403495177e-02
-5.974642371952670894e-02
-5.858742082120382832e-02
-5.746805562812663803e-02
-5.639348605078618043e-02
-5.536863585079678657e-02
-5.439817136098852590e-02
-5.348647965893939954e-02
-5.263764828234509391e-02
-5.185544656289313437e-02
-5.114330709889069321e-02
-5.050431523149056384e-02
-4.994119127889208587e-02
-4.945627960125127676e-02
-4.905159905842297607e-02
-4.872865581355280418e-02
-4.848860451786990433e-02
-4.833220793810599075e-02
-4.825982850851134875e-02
-4.827142529610451566e-02
-4.836655399895765928e-02
-4.854436938309537874e-02
-4.880362982771230262e-02
-4.914270396803986640e-02
-4.955957969809186847e-02
-5.005198360963507287e-02
-5.061717907985473913e-02
-5.125211299638031404e-02
-5.195341357155910250e-02
-5.271740393505131017e-02
-5.354012867625545374e-02
-5.441736978909849504e-02
-5.534467110623295799e-02
-5.631736239126789584e-02
-5.733058396780937871e-02
-5.837931154413372042e-02
-5.945838123298319983e-02
-6.056251490813299720e-02
-6.168634600349812841e-02
-6.282444574887548205e-02
-6.397134973749968312e-02
-6.512158466570583393e-02
-6.626969506304260238e-02
-6.741026982178764670e-02
-6.853796832763932312e-02
-6.964754598935847529e-02
-7.073387896955424248e-02
-7.179198793483292096e-02
-7.281706067011270433e-02
-7.380447343490205425e-02
-7.474981097370304861e-02
-7.564888512423563471e-02
-7.649775199324591879e-02
-7.729272768912776037e-02
-7.803040261347492235e-02
-7.870765619955230608e-02
-7.932166223068973232e-02
-7.986990553315846675e-02
-8.035018819068776019e-02
-8.076057191252401790e-02
-8.109957594292771521e-02
-8.136600682772519855e-02
-8.155899819578092680e-02
-8.167801841908009508e-02
-8.172287367931936608e-02
-8.169370863403351002e-02
-8.159100529622360931e-02
-8.141558058899898975e-02
-8.116858269254642599e-02
-8.085148590760911358e-02
-8.046608364921213619e-02
-8.001439325463596819e-02
-7.949882003872120462e-02
-7.892203794786793736e-02
-7.828699199968927602e-02
-7.759688593478691887e-02
-7.685516937835112916e-02
-7.606551752298339186e-02
-7.523181566311122614e-02
-7.435814080779665214e-02
-7.344874212448818107e-02
-7.250802124019331552e-02
-7.154051220610403716e-02
-7.055086095107809818e-02
-6.954380408218381604e-02
-6.852414698796277515e-02
-6.749674130005649253e-02
-6.646646183463041091e-02
-6.543818316792018863e-02
-6.441675601613494617e-02
-6.340698360061194916e-02
-6.241359818685673216e-02
-6.144123798762188282e-02
-6.049442461223054901e-02
-5.957754122684222331e-02
-5.869481156632391783e-02
-5.785027991222883165e-02
-5.704779212711760805e-02
-5.629097781574966125e-02
-5.558323217936907146e-02
-5.492770495845792494e-02
-5.432728253351322423e-02
-5.378457548441455821e-02
-5.330190753156317102e-02
-5.288137280695349302e-02
-5.252463196148124402e-02
-5.223307742753147825e-02
-5.200779388868145142e-02
-5.184954923773830993e-02
-5.175879019510614548e-02
-5.173564029220870802e-02
-5.177989961992155582e-02
-5.189104596918772683e-02
-5.206823733426398787e-02
-5.231031610079452804e-02
-5.261581531626224884e-02
-5.298296723355327281e-02
-5.340978445018768755e-02
-5.389392756960355996e-02
-5.443280818129287574e-02
-5.502359020518003685e-02
-5.566320406081459726e-02
-5.634836289530445463e-02
-5.707558011012424382e-02
-5.784118491716262744e-02
-5.864134949500012656e-02
-5.947210206816063577e-02
-6.032934848700904906e-02
-6.120889226437709052e-02
-6.210645494748861378e-02
-6.301769680263843987e-02
-6.393823778890761478e-02
-6.486367875423375284e-02
-6.578962274520590292e-02
-6.671169628680438668e-02
-6.762557046558217988e-02
-6.852698164312456819e-02
-6.941175163378286717e-02
-7.027580719697311407e-02
-7.111519871600494036e-02
-7.192611795997679025e-02
-7.270491485064045634e-02
-7.344811318008374890e-02
-7.415242745434058591e-02
-7.481476952118258639e-02
-7.543226809525399590e-02
-7.600227770876463729e-02
-7.652238892549170779e-02
-7.699043737012790933e-02
-7.740444542596405797e-02
-7.776281950046119718e-02
-7.806418991308505806e-02
-7.830744758785831983e-02
-7.849175183297861513e-02
-7.861653423196597601e-02
-7.868150062359492714e-02
-7.868663172284717788e-02
-7.863218281973323454e-02
-7.851868268066493350e-02
-7.834693138304378579e-02
-7.811799666338228865e-02
-7.783320850349510767e-02
-7.749415194344462521e-02
-7.710265831603979603e-02
-7.666071489033078612e-02
-7.617062687250164554e-02
-7.563489538845460936e-02
-7.505622157539781902e-02
-7.443749548454225984e-02
-7.378178279201537404e-02
-7.309231020063283735e-02
-7.237244975314276185e-02
-7.162570441818622013e-02
-7.085568683050449956e-02
-7.006610547777102072e-02
-6.926074799895198808e-02
-6.844346362850414756e-02
-6.761814545592967352e-02
-6.678871231240074424e-02
-6.595909032643548775e-02
-6.513319423871857805e-02
-6.431490859201415000e-02
-6.350806893780526485e-02
-6.271644321950892165e-02
-6.194371349646814184e-02
-6.119345816339576832e-02
-6.046913312740914009e-02
-5.977406006122579912e-02
-5.911140714774205940e-02
-5.848417460101339865e-02
-5.789518131828663011e-02
-5.734705221416333543e-02
-5.684220648081513699e-02
-5.638284685648686789e-02
-5.597101329117943475e-02
-5.560839499581077261e-02
-5.529647581865404504e-02
-5.503649966765540580e-02
-5.482946175211465822e-02
-5.467610355098289493e-02
-5.457690959038616341e-02
-5.453210552680609613e-02
-5.454165718967782933e-02
-5.460527053306341028e-02
-5.472239278950104951e-02
-5.489221523408517600e-02
-5.511367781802387067e-02
-5.538547567846017344e-02
-5.570606733431385932e-02
-5.607368429379407104e-02
-5.648634180335910387e-02
-5.694193648424387272e-02
-5.743806726610559132e-02
-5.797217343457400363e-02
-5.854152897972297875e-02
-5.914325470314108629e-02
-5.977433262354720639e-02
-6.043162160319243137e-02
-6.111187384894866542e-02
-6.181175178414918814e-02
-6.252784483782085345e-02
-6.325668598417205635e-02
-6.399476812425987371e-02
-6.473856048006955410e-02
-6.548452232766427406e-02
-6.622913030319173278e-02
-6.696887977355522881e-02
-6.770031088626651816e-02
-6.842002267629658518e-02
-6.912468906693465531e-02
-6.981107430197329433e-02
-7.047604780117382173e-02
-7.111659835535566465e-02
-7.172984756017554420e-02
-7.231306239631682398e-02
-7.286366689326689849e-02
-7.337925284897044154e-02
-7.385758960297710007e-02
-7.429663287211413225e-02
-7.469447413967406080e-02
-7.504951218400450486e-02
-7.536032029853306780e-02
-7.562567711753111210e-02
-7.584457403101549366e-02
-7.601621953318347946e-02
-7.614004209058145012e-02
-7.621569197155429742e-02
-7.624304240406216959e-02
-7.622219017591905232e-02
-7.615345544848911574e-02
-7.603738040304451606e-02
-7.587472643846983333e-02
-7.566646985464883790e-02
-7.541379613842151552e-02
-7.511809305628545930e-02
-7.478094276514581085e-02
-7.440411312049316495e-02
-7.398954832100157475e-02
-7.353927445737909463e-02
-7.305558180345962660e-02
-7.254088553139245721e-02
-7.199773382600438421e-02
-7.142879808096935790e-02
-7.083686067579914036e-02
-7.022480146677950730e-02
-6.959558334902761489e-02
-6.895223744046916070e-02
-6.829784838667105062e-02
-6.763553996657686862e-02
-6.696846088842994815e-02
-6.629977057210373337e-02
-6.563262478244853704e-02
