9.999999999999953371e-01
9.979935270173575512e-01
9.939704891506799811e-01
9.879066581595924434e-01
9.797698237872899396e-01
9.695387117106079033e-01
9.566448414888274465e-01
9.412069968141649756e-01
9.234098787908913142e-01
9.034103786924148061e-01
8.814076776437811400e-01
8.576222371272251843e-01
8.322812024297275846e-01
8.056009094553620020e-01
7.777772222482418618e-01
7.489798924700994398e-01
7.193525008392819275e-01
6.890171217359726263e-01
6.580821571872739195e-01
6.266514441202976071e-01
5.948328414992550828e-01
5.627448959742982204e-01
5.305207142545346199e-01
4.983087334559688775e-01
4.662698206360567643e-01
4.345749728156745872e-01
4.033981642480623520e-01
3.729107082592129641e-01
3.432765375437291100e-01
3.146465140626261703e-01
2.871575119974770218e-01
2.609308279696724853e-01
2.360737177955731791e-01
2.126800804597488992e-01
1.908310963005019345e-01
1.705987646742223030e-01
1.520473190947577991e-01
1.352344411246549083e-01
1.202131552535782577e-01
1.070297221355051842e-01
9.572564658409572769e-02
8.633684162022040032e-02
7.889296090280094320e-02
7.341669909649906067e-02
6.992316894395503302e-02
6.841948887535409529e-02
6.890429598648810383e-02
7.136769505479852171e-02
7.579161232302757123e-02
8.214945588476382787e-02
9.040655967141421334e-02
1.005204789933810822e-01
1.124413051075059955e-01
1.261119765047704899e-01
1.414693786459058078e-01
1.584428832305546930e-01
1.769555820193342566e-01
1.969241910098286641e-01
2.182590218610061250e-01
2.408639646019403724e-01
2.646364953742645354e-01
2.894685080825867840e-01
3.152448407585404788e-01
3.418446613300237247e-01
3.691414584383256314e-01
3.970045449465885445e-01
4.252992033224844426e-01
4.538876058195970842e-01
4.826298239553007963e-01
5.113848546530925798e-01
5.400116280433503446e-01
5.683699632949024139e-01
5.963214566743447742e-01
6.237306366155294102e-01
6.504647697734798895e-01
6.763953125348867168e-01
7.013978122482060762e-01
7.253542226785453240e-01
7.481519229716686592e-01
7.696844849242067133e-01
7.898522515547952150e-01
8.085628282934667066e-01
8.257316103937460960e-01
8.412811782463460730e-01
8.551439546566956817e-01
8.672605648582151217e-01
8.775804213212040628e-01
8.860619919624536100e-01
8.926729438366216574e-01
8.973902058949705385e-01
9.001997595372660532e-01
9.010972697709606072e-01
9.000872795293447526e-01
8.971836215124134872e-01
8.924085877113799858e-01
8.857936538686199679e-01
8.773789396131048690e-01
8.672130813951011152e-01
8.553530334585848216e-01
8.418638370533644277e-01
8.268183474898673779e-01
8.102959576319824775e-01
7.923841605998410698e-01
7.731771323674714314e-01
7.527749465403190676e-01
7.312834004660264675e-01
7.088133897390619387e-01
6.854802832965093407e-01
6.614032500825202110e-01
6.367045529254092839e-01
6.115081101227320959e-01
5.859405326462717722e-01
5.601290585812805922e-01
5.342010344730420135e-01
5.082831957064841699e-01
4.825009453828079109e-01
4.569776407875540958e-01
4.318339012511337449e-01
4.071869532980663675e-01
3.831505969644915521e-01
3.598330484725251188e-01
3.373378427645114530e-01
3.157631303390313060e-01
2.952012769519831714e-01
2.757385362837818099e-01
2.574547969570826211e-01
2.404232599113562407e-01
2.247107307385838026e-01
2.103776640250323848e-01
1.974765789376367042e-01
1.860535832592270788e-01
1.761480689815586309e-01
1.677926936018963866e-01
1.610134072562557361e-01
1.558295063624798305e-01
1.522537565975626284e-01
1.502924998587305550e-01
1.499455119598425146e-01
1.512063212028915138e-01
1.540619746037602822e-01
1.584937486238003068e-01
1.644763703568188351e-01
1.719784075530752798e-01
1.809622876254792512e-01
1.913843289874467279e-01
2.031947928830684091e-01
2.163379542809980016e-01
2.307522005060826387e-01
2.463709881285099934e-01
2.631213040041110451e-01
2.809247584419348187e-01
2.996980547893954849e-01
3.193530740685281977e-01
3.397971901490809965e-01
3.609336632158635094e-01
3.826620821190717114e-01
4.048788512823268126e-01
4.274777106627883905e-01
4.503502822179943355e-01
4.733866401238089883e-01
4.964759022134504485e-01
5.195068382860346112e-01
5.423684891030520205e-01
5.649507890073702798e-01
5.871451850818424356e-01
6.088452461508289115e-01
6.299472553700931066e-01
6.503507805603816472e-01
6.699592168980282869e-01
6.886802971888541514e-01
7.064266880024945294e-01
7.231160717579282471e-01
7.386711498207814142e-01
7.530219288821276002e-01
7.661043083234619910e-01
7.778606312439318993e-01
7.882399906364150333e-01
7.971984465296466649e-01
8.046991849857421109e-01
8.107126337072062539e-01
8.152165492264232816e-01
8.181958322922988636e-01
8.196433368157592936e-01
8.195590486439093825e-01
8.179503826592274818e-01
8.148322816817992198e-01
8.102263436390187978e-01
8.041616967627238655e-01
7.966743754095758634e-01
7.878071864414065706e-01
7.776094952792848014e-01
7.661369806223099488e-01
7.534513541701078898e-01
7.396200452750542054e-01
7.247158512218767612e-01
7.088165545496675213e-01
6.920034502780383345e-01
6.743632990446618569e-01
6.559864262657040257e-01
6.369660531083264354e-01
6.173981117081903669e-01
5.973806633836018509e-01
5.770133440531097779e-01
5.563967899648138982e-01
5.356320612959144523e-01
5.148200756872188810e-01
4.940610575664033388e-01
4.734540048376674748e-01
4.530961740014757266e-01
4.330825863101357420e-01
4.135055589898929407e-01
3.944542659228000847e-01
3.760143316503363198e-01
3.582674616597166795e-01
3.412909897856343799e-01
3.251579461138143223e-01
3.099371853201118854e-01
2.956912238376403490e-01
2.824778268169190198e-01
2.703495472841599967e-01
2.593535663100167143e-01
2.495315852449467575e-01
2.409197661864069806e-01
2.335487091482582600e-01
2.274434494095314840e-01
2.226234562404408590e-01
2.191026688048879900e-01
2.168895842584553924e-01
2.159869632811645679e-01
2.163922401808401619e-01
2.180973769943495566e-01
2.210888151656540956e-01
2.253481952442231429e-01
2.308515306879890816e-01
2.375696810356235089e-01
2.454684059944273744e-01
2.545084448580860470e-01
2.646456184484342056e-01
2.758309499386168429e-01
2.880108089190303033e-01
3.011270809153607786e-01
3.151173634834154025e-01
3.299151898961104057e-01
3.454510461871798110e-01
3.616509194059561172e-01
3.784377284582286505e-01
3.957315519537811799e-01
4.134498187569422556e-01
4.315079994712845979e-01
4.498198173584029846e-01
4.682976968459118261e-01
4.868532398945790152e-01
5.053976979142088544e-01
5.238424396477182610e-01
5.420994140304801201e-01
5.600817488568369251e-01
5.777038364417028671e-01
5.948820607481426492e-01
6.115352146268487887e-01
6.275849057484271798e-01
6.429552972117725806e-01
6.575753006882162355e-01
6.713774767418353440e-01
6.842985806172894314e-01
6.962799234162889706e-01
7.072676620423942184e-01
7.172130415014513760e-01
7.260726008517470742e-01
7.338083530357375484e-01
7.403879428975799204e-01
7.457847864297914020e-01
7.499781610542137766e-01
7.529530541416987743e-01
7.547009458041912255e-01
7.552190634306007455e-01
7.545105753203670274e-01
7.525846399662737829e-01
7.494563983450011069e-01
7.451461934855362346e-01
7.396804051429548554e-01
7.330908721643397685e-01
7.254147281186044127e-01
7.166942368064396218e-01
7.069765665830344270e-01
6.963135447233389508e-01
6.847613836807217025e-01
6.723803817465130450e-01
6.592346002178022246e-01
6.453915190290556714e-01
6.309216725920830937e-01
6.158982677315484322e-01
6.003967860486132402e-01
5.844937611154972235e-01
5.682683375751975685e-01
5.518004336843382873e-01
5.351705244144460139e-01
5.184592392385845017e-01
5.017469479197684823e-01
4.851133402682234474e-01
4.686370087884874636e-01
4.523950461218907426e-01
4.364626665627508451e-01
4.209136163378143225e-01
4.058178033542099161e-01
3.912426331235666077e-01
3.772524619376960153e-01
3.639083052350280956e-01
3.512675884158886763e-01
3.393839384110727275e-01
3.283070093203457884e-01
3.180823316164965719e-01
3.087511779604070195e-01
3.003504453247217154e-01
2.929125570559476532e-01
2.864653881792763035e-01
2.810322031599353232e-01
2.766316667564903131e-01
2.732777852071958669e-01
2.709800490284960950e-01
2.697430844921848703e-01
2.695670620004068652e-01
2.704476039491777173e-01
2.723757670019920085e-01
2.753380518415993183e-01
2.793170243012045861e-01
2.842905641320062626e-01
2.902323224187367545e-01
2.971117845549821057e-01
3.048943706038312329e-01
3.135415430001737280e-01
3.230109412060602758e-01
3.332565361309992591e-01
3.442288055391448109e-01
3.558749297171677206e-01
3.681390067930643828e-01
3.809622874522793357e-01
3.942834287981341057e-01
4.080387667466096047e-01
4.221626058748988441e-01
4.365875252537361750e-01
4.512446985385690224e-01
4.660642264306040783e-01
4.809754794808893119e-01
4.959074490606917296e-01
5.107891041548007216e-01
5.255497514685906202e-01
5.401193961972632351e-01
5.544291007054626963e-01
5.684113383202706871e-01
5.820003394579793543e-01
5.951324273890084005e-01
6.077463410958144907e-01
6.197835428910789535e-01
6.311885087283247708e-01
6.419089994400701826e-01
6.518963114625234700e-01
6.611055059319006499e-01
6.694956153482124472e-01
6.770298272825187036e-01
6.836756448421371646e-01
6.894050306204438927e-01
6.941945013659688302e-01
6.980252327482757702e-01
7.008829191985672669e-01
7.027584552739603030e-01
7.036473436641492718e-01
7.035498344314075059e-01
7.024709602403099717e-01
7.004205312975109177e-01
6.974130960990583272e-01
6.934673133780917542e-01
6.886066602029650152e-01
6.828589146771083529e-01
6.762560193133583253e-01
6.688339265541101142e-01
6.606324003473410533e-01
6.516948011511161098e-01
6.420678503116268310e-01
6.318013766681042087e-01
6.209480477765924045e-01
6.095630876853747049e-01
5.977039826976211501e-01
5.854301764049519852e-01
5.728027554496338825e-01
5.598841277658250792e-01
5.467376953031659603e-01
5.334275234045260383e-01
5.200180091163675300e-01
5.065735507826707451e-01
4.931582213181495700e-01
4.798354475610046577e-01
4.666676980539086195e-01
4.537161814850600439e-01
4.410405578411647487e-01
4.286986640909583035e-01
4.167462559453946058e-01
4.052367669435019137e-01
3.942210858044719601e-01
3.837473526784097588e-01
3.738607746305243618e-01
3.646034604148451486e-01
3.560142743410446564e-01
3.481287088174107036e-01
3.409787749688931169e-01
3.345929105847798013e-01
3.289959045481098410e-01
3.242088307582998152e-01
3.202490237475146828e-01
3.171300216258664539e-01
3.148616688050715484e-01
3.134497703465067842e-01
3.128964311221564820e-01
3.131999864437626235e-01
3.143549917941249605e-01
3.163522353084102789e-01
3.191787694383469987e-01
3.228184087290633664e-01
3.272511188616730182e-01
3.324534313574566413e-01
3.383985052732724208e-01
3.450562368223649146e-01
3.523933820456492949e-01
3.603736841978286698e-01
3.689580250953763962e-01
3.781045900161302264e-01
3.877690462214761769e-01
3.979047343437744355e-01
4.084628724220736862e-01
4.193927725449153043e-01
4.306420698247164225e-01
4.421569630382161109e-01
4.538824659192818856e-01
4.657626678407403298e-01
4.777410024413355494e-01
4.897605225991139011e-01
5.017641800042994538e-01
5.136951074503862680e-01
5.254969018604527253e-01
5.371139060118433894e-01
5.484914869217673017e-01
5.595763089054561767e-01
5.703165994086766277e-01
5.806624058377310993e-01
5.905658417535336602e-01
5.999813209536909442e-01
6.088657781309733119e-01
6.171788749619514514e-01
6.248831906411906889e-01
6.319443960304655938e-01
6.383314107365687384e-01
6.440165489655580444e-01
6.489756238102126762e-01
6.531880612120342100e-01
6.566369880953295546e-01
6.593091223812583834e-01
6.611953315525753716e-01
6.622901912174712358e-01
6.625920845492541122e-01
6.621032267082517242e-01
6.608296599407478267e-01
6.587812240675549047e-01
6.559715033756056135e-01
6.524173440341817232e-01
6.481394008819375552e-01
6.431616994171331925e-01
6.375115317183808195e-01
6.312193274466966209e-01
6.243184497859370907e-01
6.168450440268447021e-01
6.088378323310787987e-01
6.003379056589723817e-01
5.913885038602728628e-01
5.820347867231500105e-01
5.723235971141650280e-01
5.623032171086350672e-01
5.520231181091450612e-01
5.415337061990014300e-01
5.308860642061750124e-01
5.201316920914756947e-01
5.093222473368431702e-01
4.985092870337494708e-01
4.877440133773404130e-01
4.770770242554002172e-01
4.665580705691643182e-01
4.562358218269970123e-01
4.461576414130037915e-01
4.363693727603200623e-01
4.269151374656707243e-01
4.178371461802558584e-01
4.091755229120951354e-01
4.009681431841685684e-01
3.932504863162321063e-01
3.860555019397774457e-01
3.794134907174133153e-01
3.733519991212707057e-01
3.678957172112399254e-01
3.630664359958007958e-01
3.588829432941809672e-01
3.553609879061130905e-01
3.525134535202293362e-01
3.503497094275209167e-01
3.488761365431050643e-01
3.480960331298227906e-01
3.480095918261345012e-01
3.486138971455219338e-01
3.499029387275092162e-01
3.518676388331474225e-01
3.544958929535752534e-01
3.577729488310461003e-01
3.616809445539337919e-01
3.661992519713582750e-01
3.713045460947566601e-01
3.769708981361147293e-01
3.831698943714775818e-01
3.898707630603479024e-01
3.970405049486817606e-01
4.046440419360271545e-01
4.126443743654136798e-01
4.210027471920428366e-01
4.296788246785876453e-01
4.386308734900697393e-01
4.478159539684883339e-01
4.571901190949200777e-01
4.667086203773083697e-01
4.763261197043004436e-01
4.859969060643644090e-01
4.956751159116246641e-01
5.053149558495906302e-01
5.148709262072175274e-01
5.242980440141246090e-01
5.335520638556782158e-01
5.425896951070315888e-01
5.513688141029082779e-01
5.598486698867251032e-01
5.679900822878182209e-01
5.757556311891792733e-01
5.831098359629192096e-01
5.900193241612123884e-01
5.964529886535835379e-01
6.023821324956613044e-01
6.077806056571721793e-01
6.126249114882252877e-01
6.168943177681680545e-01
6.205709508668314500e-01
6.236396075982112430e-01
6.260885515492893294e-01
6.279089465012936966e-01
6.290949733612769545e-01
6.296438697751428615e-01
6.295559455019730244e-01
6.288345793063211397e-01
6.274861987032568367e-01
6.255202433387011540e-01
6.229491119250013531e-01
6.197880920089411383e-01
6.160548000452289452e-01
6.117699350010942227e-01
6.069567094009985508e-01
6.016407624848069124e-01
5.958500362689266305e-01
5.896145962237928639e-01
5.829664916903316563e-01
5.759395758424727951e-01
5.685693257711375015e-01
5.608926560095996994e-01
5.529477278798319295e-01
5.447737552575603326e-01
5.364108069936105450e-01
5.278996063669852967e-01
5.192813282889989779e-01
5.105973952850927366e-01
5.018892734632469654e-01
4.931982697585940434e-01
4.845653317728806364e-01
4.760308515301566734e-01
4.676344744438224454e-01
4.594149147228679397e-01
4.514097783317616575e-01
4.436553944662557369e-01
4.361866563328529178e-01
4.290368718408166249e-01
4.222376246478334871e-01
4.158186458536661800e-01
4.098076965150875828e-01
4.042304610608933313e-01
3.991104437934906990e-01
3.944689090877239734e-01
3.903247801203382217e-01
3.866945864818252532e-01
3.835926870584042692e-01
3.810304623705731975e-01
3.790169026924336548e-01
3.775585029165479112e-01
3.766592301394995901e-01
3.763205091854415762e-01
3.765412212211634579e-01
3.773177138375317652e-01
3.786438212071301379e-01
3.805108940141410101e-01
3.829078400577241581e-01
3.858211767229338673e-01
3.892354627410939405e-01
3.931327019597392614e-01
3.974927830368814030e-01
4.022935439406825076e-01
4.075108696053522106e-01
4.131187960853485164e-01
4.190896374881249997e-01
4.253941156188899009e-01
4.320014902949832480e-01
4.388797029844103692e-01
4.459955243635247979e-01
4.533147067426600008e-01
4.608021414902059854e-01
4.684220214921460679e-01
4.761380083658923179e-01
4.839134038024795470e-01
4.917113241648797262e-01
4.994948773245507234e-01
5.072273406294562914e-01
5.148723388335324502e-01
5.223940207760728871e-01
5.297572335906943763e-01
5.369276932560269611e-01
5.438721503724870399e-01
5.505585501501644163e-01
5.569561857064545540e-01
5.630358438842819613e-01
5.687699429022735620e-01
5.741326657374419273e-01
5.791000689102079324e-01
5.836501969393017575e-01
5.877631861428762594e-01
5.914213512981918441e-01
5.946089698101030274e-01
5.973131441596185587e-01
5.995232330340554139e-01
6.012309694437847352e-01
6.024305080962365500e-01
6.031184529140837247e-01
6.032938703496502075e-01
6.029582899057316370e-01
6.021156927731311503e-01
6.007724884914548147e-01
5.989374785977745752e-01
5.966218061553570928e-01
5.938388907959235574e-01
5.906040423994943778e-01
5.869349450324415907e-01
5.828512491687950492e-01
5.783744913180915992e-01
5.735279797768280119e-01
5.683366699608581873e-01
5.628270314603454061e-01
5.570269205695141945e-01
5.509654027461244885e-01
5.446726299574674579e-01
5.381796790586061974e-01
5.315183971774469773e-01
5.247212436158881221e-01
5.178211297624255582e-01
5.108512575949432089e-01
5.038449575201494612e-01
4.968355264413450434e-01
4.898560670514142679e-01
4.829393294037022666e-01
4.761175558123740270e-01
4.694223300820455913e-01
4.628844319777991045e-01
4.565336977348117831e-01
4.503988872822887179e-01
4.445075587285483576e-01
4.388859505321608956e-01
4.335588624946443148e-01
4.285495822852421477e-01
4.238797632523313985e-01
4.195693505646148069e-01
4.156365039667635486e-01
4.120975304045743637e-01
4.089671085657133887e-01
4.062574787073684468e-01
4.039789876653873679e-01
4.021399856084020841e-01
4.007467880249441228e-01
3.998036527281494390e-01
3.993127675292063028e-01
3.992742471251014003e-01
3.996861378862910374e-01
4.005444302073928875e-01
4.018430792804307816e-01
4.035740355605754170e-01
4.057272857179219372e-01
4.082909040507976539e-01
4.112511136970512515e-01
4.145926997845678641e-01
4.182984153020191664e-01
4.223494325537023864e-01
4.267254012130347052e-01
4.314045390644809519e-01
4.363637326551796369e-01
4.415786454997469579e-01
4.470238330378419889e-01
4.526728571775165966e-01
4.584984200455979875e-01
4.644724904672135057e-01
4.705664277301279119e-01
4.767511160782557655e-01
4.829971006849959059e-01
4.892747260736644566e-01
4.955542764176160131e-01
5.018061170330968546e-01
5.080008362771256669e-01
5.141093869520901860e-01
5.201032262450542287e-01
5.259544532143686224e-01
5.316359428738451909e-01
5.371214810016676777e-01
5.423858777404155784e-01
5.474050903034042292e-01
5.521563406891289993e-01
5.566182194908386727e-01
5.607707842189157965e-01
5.645956502152933432e-01
5.680760736982261028e-01
5.711967509459698888e-01
5.739446124579297148e-01
5.763083326324103250e-01
5.782784382504748688e-01
5.798473583536863929e-01
5.810094585125264999e-01
5.817610642072590377e-01
5.821004745097880795e-01
5.820279669211618767e-01
5.815457933229054577e-01
5.806581660389560362e-01
5.793712327754717561e-01
5.776930397492988645e-01
5.756334831412195374e-01
5.732042496593795500e-01
5.704187473083714988e-01
5.672920274984445399e-01
5.638403252385396636e-01
5.600817304406445762e-01
5.560356584528917123e-01
5.517227886748906629e-01
5.471649611963559368e-01
5.423850645957543071e-01
5.374069176230923395e-01
5.322551461374104287e-01
5.269550572297211355e-01
5.215325122578379213e-01
5.160137996459884802e-01
5.104255075512377227e-01
5.047943962851055844e-01
4.991472821069069532e-01
4.935108661150472975e-01
4.879116698221326875e-01
4.823758699055437638e-01
4.769291872412995681e-01
4.715967664543059268e-01
4.664030606833747261e-01
4.613717208774163470e-01
4.565254901998013204e-01
4.518861041106308485e-01
4.474741966175367347e-01
4.433092130608891623e-01
4.394093296654186798e-01
4.357913799863953330e-01
4.324707883173054546e-01
4.294617610351423309e-01
4.267765766274154160e-01
4.244260302110516303e-01
4.224193400184317326e-01
4.207641068601679635e-01
4.194662855725308503e-01
4.185301649803413460e-01
4.179583552348768993e-01
4.177517814473058477e-01
4.179096833278752587e-01
4.184296215736796332e-01
4.193074921620411621e-01
4.205375493667490305e-01
4.221124376432907610e-01
4.240232319629571034e-01
4.262594858896283645e-01
4.288092866430852079e-01
4.316593164632434032e-01
4.347949196941530703e-01
4.382005373599415776e-01
4.418590296222466018e-01
4.457521894805961948e-01
4.498607906264433520e-01
4.541646721259593455e-01
4.586428323332514823e-01
4.632735289722109129e-01
4.680343841433871610e-01
4.729024922701859368e-01
4.778545291950702656e-01
4.828668616219699006e-01
4.879156569541509003e-01
4.929769938314434441e-01
4.980269734597166376e-01
