-6.272827468855689433e-03
-1.823344473353741280e-02
-3.038556258833135376e-02
-3.884190292180858539e-02
-4.423107688263847037e-02
-4.602869525231372688e-02
-4.928100239979896907e-02
-4.613618654346380438e-02
-6.328512062318372711e-02
-3.958961299117645660e-02
1.266684745358835629e-01
3.500390423480077839e-02
1.768695617895395039e-03
-2.475424107375292365e-02
-5.894577187948627645e-02
-4.523683755809368434e-02
-3.102542788588588119e-01
-7.010749363893073460e-02
-2.046288352022301305e-01
-6.443605620821737934e-02
6.644388751149590711e+00
1.721342328763903196e-01
2.007257858622599045e+01
1.357486894743857586e-01
-3.814489756448755031e+01
-1.361099547374463592e+00
1.629231205893831635e+00
-5.361803273514782059e-03
6.036580624302243653e-02
1.853398755867142686e-02
-8.015771669917434727e-02
-7.662591063153213755e-02
-4.236076637200694023e-02
-7.520635026159733227e-02
-3.652687757310491695e-02
-8.530666260153063618e-02
-3.946746618492909253e-02
-1.196100119324158134e-01
-4.733640040623664919e-02
-1.898502339638159786e-01
