5.638049405186928336e-07
-6.454264558350904821e-05
1.914787069666494534e-02
-2.844880303256535070e-01
-8.783905992558235232e-01
-2.930681647595488659e+00
2.512820127309961649e+01
-2.299516564100920313e+00
7.511690435869876126e+01
-5.802558093186777910e+01
3.371093078721841607e+01
4.415089580401835434e+01
-8.168868185076688349e+01
1.746256214439598807e+03
-1.078030453133355513e+04
5.363726455821596574e+03
-5.324107535569542051e+03
6.367780336554284304e+02
-3.843739505089525210e+03
3.848011763465683089e+03
-5.109286256509026316e+03
4.091939066343681588e+03
-5.129269944422431763e+03
5.381604732682520080e+03
-6.267150080761593017e+03
2.064560667889285469e+03
-2.279024771286653049e+03
9.030508929176905895e+02
-1.615971533209480867e+03
2.271522586300068724e+03
1.776122639255812464e+04
-1.761458869058011624e+04
1.819507181107472934e+04
-1.938517005799840626e+04
2.032698563113315322e+04
-2.277874613184175541e+04
2.220327643260047262e+04
-2.290894931551099216e+04
3.584685519384679355e+04
-3.659313854871289368e+04
2.676419782788785960e+04
-2.671817094189631098e+04
2.776503969610992135e+04
-2.773701145602537872e+04
3.025613570813137994e+04
-3.077791190807690509e+04
2.880552744467834418e+04
-2.989007454812862488e+04
1.575796510843253964e+04
-1.306992807329621610e+04
1.307350155057154188e+04
-9.589313035390830919e+03
6.732025187471128447e+03
3.267969164492844357e+04
-3.148781691654305178e+04
3.123372437118583548e+04
-3.144193569786083390e+04
3.135502246574216770e+04
-3.216197327981982744e+04
3.314157124501911312e+04
-3.333472446658449917e+04
3.313546556155391590e+04
-3.331429644362859108e+04
3.323664403817208222e+04
-3.344080966353171243e+04
3.334912929729907046e+04
-3.345096060850622598e+04
3.430160739498490875e+04
-3.502743739946334244e+04
3.456803466719874996e+04
-3.340103072238290042e+04
3.213328181994754414e+04
-8.854572152879586793e+04
8.792694016961667512e+04
-8.776493825416373147e+04
8.843036051027505891e+04
-8.972355990186060080e+04
9.016442233030821080e+04
-8.966914625036537473e+04
8.945435832745005609e+04
-8.967916082550636202e+04
8.979434278959059156e+04
-9.005944900269262143e+04
8.516750110866053728e+04
-7.589211249246906664e+04
7.561300697179112467e+04
-7.628376872223390092e+04
7.399523924457530666e+04
-7.581456530023866799e+04
7.295324857195063669e+04
-7.657149736672098516e+04
7.765758843070110015e+04
-4.491565362890162942e+04
4.200923783415099751e+04
-4.174610745100770873e+04
3.171833373441403091e+04
-4.084136915308095195e+04
2.230930619594938253e+04
5.632591298100272979e+04
-6.733091084741699160e+04
7.291922116840632225e+04
-7.717568084146760521e+04
8.477767890749473008e+04
-8.266876387599844020e+04
7.576651448701477784e+04
-7.287211976103567577e+04
6.995577973060426302e+04
-6.961572051251541416e+04
5.965340608633495140e+04
-7.413873110572577571e+04
7.327885029089673480e+04
-1.936948060506162699e+06
1.903608448229396017e+06
-1.903711433081265772e+06
1.905974234260502970e+06
-1.907765596690668259e+06
1.906054510258336551e+06
-1.904043791512073483e+06
1.818021085917113116e+06
-1.812061688155376352e+06
1.816625933498699451e+06
-1.817054343453339767e+06
1.815837528815745842e+06
-1.828029221562403021e+06
1.791792355980091728e+06
-1.813695609588023275e+06
1.821009385614156490e+06
-1.818674300610689912e+06
1.824164458587526577e+06
-1.852206989149387693e+06
1.855432602746317396e+06
-1.897785687989549711e+06
1.950863024715714622e+06
-1.955989101985933259e+06
1.960066501071687322e+06
-1.954517691423356999e+06
1.946616083460661117e+06
-1.978794773377580568e+06
1.980675376869287342e+06
-1.986779530455884524e+06
1.999864988274829229e+06
-1.994563565899673384e+06
1.943788429333255859e+06
-1.920983612881343113e+06
1.944699825399941299e+06
-1.959131654993509641e+06
1.967925008288884768e+06
-1.962309276083214907e+06
1.940875345900667366e+06
-1.938823570761132520e+06
1.925176077355525224e+06
-1.909413080318820896e+06
1.999241197710160166e+06
-2.001380816307131900e+06
1.998949063407755224e+06
-1.986929295624641702e+06
2.021978242020152742e+06
-2.002228124024252407e+06
2.034229174871147610e+06
-1.856669709727885667e+06
1.873094280227345182e+06
-1.859044538651762065e+06
1.685165680022859480e+06
-1.698577747368464014e+06
2.048828740620711818e+06
-1.999974558521139203e+06
2.007527044332853751e+06
-1.996312834205143619e+06
1.976396022439635359e+06
-1.945235041957830312e+06
1.964998881426938577e+06
-1.989654832320280140e+06
1.991868703404241242e+06
-1.999120988770519150e+06
1.925696037010299042e+06
-1.977596232386042131e+06
2.041155642443482298e+06
-1.970982555516979890e+06
2.050224501967560500e+06
-2.062618758727522800e+06
2.076191010484064464e+06
-2.063785340443898924e+06
2.071029513819533633e+06
-2.058459804649403319e+06
2.069648921175383963e+06
-2.057523551700068172e+06
2.069330576617417624e+06
-2.056830833283916581e+06
2.069488085433469154e+06
-2.055926030646133935e+06
2.068924981259597698e+06
-2.053813962115469156e+06
2.068779313258801121e+06
-2.051458440952636302e+06
2.047710128334640060e+06
-2.029582514659846202e+06
2.282761136561186053e+06
-2.273791458970121574e+06
2.263551169237148948e+06
-2.249158891914624255e+06
2.231777178961213678e+06
-2.191146678424724378e+06
2.204889156745299231e+06
-2.192896115554507356e+06
2.253556519748513121e+06
-2.107945530303330161e+06
1.934860695441202959e+06
-1.708989119538279250e+06
1.761983896455543116e+06
-1.917336768154715188e+06
1.924966752689264482e+06
-1.912423916583333630e+06
1.985190601816274924e+06
-1.935791607464576839e+06
1.906716625592587050e+06
-1.904853567953331163e+06
1.893299416805640329e+06
-1.889332487360677216e+06
1.892031456863269210e+06
-1.884907715455809841e+06
1.930657376074791420e+06
-1.938179660694194259e+06
1.903080206084075850e+06
-1.913859975495293736e+06
1.915100580342135392e+06
-1.845196989620537497e+06
1.842509987335649319e+06
-1.842519593647086527e+06
1.875334940730279544e+06
-1.866880819211208727e+06
1.870984835354031995e+06
-1.872127345963263419e+06
1.976162282160053495e+06
-1.997003266955625499e+06
1.967919467378312955e+06
-2.008081459082470043e+06
2.032992158546063118e+06
-2.057558803711261833e+06
2.074059918252502335e+06
-2.078970272240777500e+06
2.071075435386048164e+06
-2.058912927857005969e+06
2.073851202553441050e+06
-2.052920441378549440e+06
2.066986793870542431e+06
-2.049706232451549731e+06
2.061726885318502784e+06
-2.044380734632397303e+06
2.056283348706536926e+06
-2.037759751801691018e+06
2.053169031868587714e+06
-2.042108718318829313e+06
2.066644871660894016e+06
-2.056079236145529198e+06
2.060830370403992478e+06
-2.057318994235967053e+06
2.058906650553541491e+06
-2.058148228139745537e+06
2.056710693060127553e+06
-2.057923102834095946e+06
2.053237089551632060e+06
-2.054481880360980984e+06
2.057050121748625068e+06
-2.059365647822003113e+06
2.058884687772057718e+06
-2.056973217358815717e+06
2.060590557290942641e+06
-2.058690604672117392e+06
2.061694134867738001e+06
-2.060444281423370121e+06
2.063074752272838727e+06
-2.062415482559162891e+06
2.064881166314052884e+06
-2.064629927865977865e+06
2.067612541629075771e+06
-2.067349870549253188e+06
2.070822180614640471e+06
-2.070104582775120158e+06
2.073204843619691906e+06
-2.071443582117936574e+06
2.072632665615770034e+06
-2.087096958797187079e+06
2.082641480065348325e+06
-2.086533155092243105e+06
2.082218135056738742e+06
-2.086176147280381061e+06
2.081825479720609030e+06
-2.085545616008342709e+06
2.081597594034524867e+06
-2.084558508843374671e+06
2.082122350803205743e+06
-2.083841034174762899e+06
2.086191976534534013e+06
-2.088221744966253173e+06
2.087803089202708099e+06
-2.089798986679616384e+06
2.090303202472787350e+06
-2.092290276345739374e+06
2.092513728435416240e+06
-2.094598913174524903e+06
2.094516761885853950e+06
-2.096718311076717684e+06
2.096287972786404891e+06
-2.098627659723187331e+06
2.097826500180837698e+06
-2.100328425340738613e+06
2.099138168835279066e+06
-2.101833564161630813e+06
2.100230116028523538e+06
-2.103168135033811443e+06
2.101110269869631622e+06
-2.104373957916138694e+06
2.101796056820398662e+06
-2.105513996262383647e+06
2.102327121029905975e+06
-2.106662559767217841e+06
2.102750273327189498e+06
-2.107867406905978918e+06
2.103032456922489684e+06
-2.109054858474900480e+06
2.102852720381451305e+06
-2.109728482857505791e+06
2.100453324604874942e+06
-2.111739429213380441e+06
2.102031806713904254e+06
-2.112695058501882013e+06
2.102283868461394217e+06
-2.112859001937153284e+06
2.107969226865937002e+06
-2.113986439594152384e+06
2.110514889571177308e+06
-2.117434419158536475e+06
2.116484542497986928e+06
-2.121712212869498879e+06
2.143331150593528058e+06
-2.147505135342700873e+06
2.149942934277324937e+06
-2.137849731688673142e+06
2.154389134015312418e+06
-2.144541386086136103e+06
2.160185884330115747e+06
-2.152458478122778703e+06
2.163906299593085423e+06
-2.156172099797687959e+06
2.164608406016259454e+06
-2.162647290536963847e+06
2.173119544832248706e+06
-2.162759533839575481e+06
2.168964214470478706e+06
-2.171104275851637125e+06
2.185005977041312493e+06
-2.170562089510196354e+06
2.175411073479749262e+06
-2.173745712590001523e+06
2.171207642223012634e+06
-2.180788837757756934e+06
2.197654539732641540e+06
-2.317050807654851116e+06
2.358584991986678913e+06
-2.319359350173622835e+06
2.316383825263590552e+06
-2.313953165593864862e+06
2.313610051577623468e+06
-2.264150974961248692e+06
2.264257450643070973e+06
-2.241262206048113760e+06
1.917549057930639014e+06
-1.842557933454284910e+06
1.873765606978021562e+06
-1.871233976942929206e+06
1.889090131859624293e+06
-1.851830457550380612e+06
1.829189285286827013e+06
-1.866866403103726683e+06
1.861163205677381717e+06
-1.861016396549846046e+06
1.871448698163836962e+06
-1.782612082187399501e+06
1.795094645817303564e+06
-1.809895747564980760e+06
1.899799766793221468e+06
-1.797527269240275724e+06
1.815349226354310988e+06
-1.769399486783736385e+06
1.817908858928012894e+06
-1.294705934724041959e+06
1.272398922297339421e+06
-1.207841163981656544e+06
1.304163424549506046e+06
-1.443983506253608270e+06
1.488557272967256373e+06
-1.488896407779810717e+06
1.492308893317488255e+06
-1.490810017525463365e+06
1.500188550621822244e+06
-1.496829621968260035e+06
1.505929985578694148e+06
-1.502365788072162541e+06
1.510911666860313620e+06
-1.507814042036423692e+06
