0.000000000000000000e+00
5.000000000000000104e-04
1.000000000000000021e-03
1.500000000000000031e-03
2.000000000000000042e-03
2.500000000000000052e-03
3.000000000000000062e-03
3.500000000000000073e-03
4.000000000000000083e-03
4.500000000000000527e-03
5.000000000000000971e-03
5.500000000000001416e-03
6.000000000000001860e-03
6.500000000000002304e-03
7.000000000000002748e-03
7.500000000000003192e-03
8.000000000000003636e-03
8.500000000000004080e-03
9.000000000000004524e-03
9.500000000000004968e-03
1.000000000000000541e-02
1.050000000000000586e-02
1.100000000000000630e-02
1.150000000000000674e-02
1.200000000000000719e-02
1.250000000000000763e-02
1.300000000000000808e-02
1.350000000000000852e-02
1.400000000000000897e-02
1.450000000000000941e-02
1.500000000000000985e-02
1.550000000000001030e-02
1.600000000000001074e-02
1.650000000000001119e-02
1.700000000000001163e-02
1.750000000000001207e-02
1.800000000000001252e-02
1.850000000000001296e-02
1.900000000000001341e-02
1.950000000000001385e-02
2.000000000000001429e-02
2.050000000000001474e-02
2.100000000000001518e-02
2.150000000000001563e-02
2.200000000000001607e-02
2.250000000000001651e-02
2.300000000000001696e-02
2.350000000000001740e-02
2.400000000000001785e-02
2.450000000000001829e-02
2.500000000000001874e-02
2.550000000000001918e-02
2.600000000000001962e-02
2.650000000000002007e-02
2.700000000000002051e-02
2.750000000000002096e-02
2.800000000000002140e-02
2.850000000000002184e-02
2.900000000000002229e-02
2.950000000000002273e-02
3.000000000000002318e-02
3.050000000000002362e-02
3.100000000000002406e-02
3.150000000000002104e-02
3.200000000000002148e-02
3.250000000000002193e-02
3.300000000000002237e-02
3.350000000000002282e-02
3.400000000000002326e-02
3.450000000000002370e-02
3.500000000000002415e-02
3.550000000000002459e-02
3.600000000000002504e-02
3.650000000000002548e-02
3.700000000000002592e-02
3.750000000000002637e-02
3.800000000000002681e-02
3.850000000000002726e-02
3.900000000000002770e-02
3.950000000000002814e-02
4.000000000000002859e-02
4.050000000000002903e-02
4.100000000000002948e-02
4.150000000000002992e-02
4.200000000000003036e-02
4.250000000000003081e-02
4.300000000000003125e-02
4.350000000000003170e-02
4.400000000000003214e-02
4.450000000000003259e-02
4.500000000000003303e-02
4.550000000000003347e-02
4.600000000000003392e-02
4.650000000000003436e-02
4.700000000000003481e-02
4.750000000000003525e-02
4.800000000000003569e-02
4.850000000000003614e-02
4.900000000000003658e-02
4.950000000000003703e-02
5.000000000000003747e-02
5.050000000000003791e-02
5.100000000000003836e-02
5.150000000000003880e-02
5.200000000000003925e-02
5.250000000000003969e-02
5.300000000000004013e-02
5.350000000000004058e-02
5.400000000000004102e-02
5.450000000000004147e-02
5.500000000000004191e-02
5.550000000000004236e-02
5.600000000000004280e-02
5.650000000000004324e-02
5.700000000000004369e-02
5.750000000000004413e-02
5.800000000000004458e-02
5.850000000000004502e-02
5.900000000000004546e-02
5.950000000000004591e-02
6.000000000000004635e-02
6.050000000000004680e-02
6.100000000000004724e-02
6.150000000000004768e-02
6.200000000000004813e-02
6.250000000000004163e-02
6.300000000000004208e-02
6.350000000000004252e-02
6.400000000000004297e-02
6.450000000000004341e-02
6.500000000000004385e-02
6.550000000000004430e-02
6.600000000000004474e-02
6.650000000000004519e-02
6.700000000000004563e-02
6.750000000000004607e-02
6.800000000000004652e-02
6.850000000000004696e-02
6.900000000000004741e-02
6.950000000000004785e-02
7.000000000000004829e-02
7.050000000000004874e-02
7.100000000000004918e-02
7.150000000000004963e-02
7.200000000000005007e-02
7.250000000000005052e-02
7.300000000000005096e-02
7.350000000000005140e-02
7.400000000000005185e-02
7.450000000000005229e-02
7.500000000000005274e-02
7.550000000000005318e-02
7.600000000000005362e-02
7.650000000000005407e-02
7.700000000000005451e-02
7.750000000000005496e-02
7.800000000000005540e-02
7.850000000000005584e-02
7.900000000000005629e-02
7.950000000000005673e-02
8.000000000000005718e-02
8.050000000000005762e-02
8.100000000000005806e-02
8.150000000000005851e-02
8.200000000000005895e-02
8.250000000000005940e-02
8.300000000000005984e-02
8.350000000000006029e-02
8.400000000000006073e-02
8.450000000000006117e-02
8.500000000000006162e-02
8.550000000000006206e-02
8.600000000000006251e-02
8.650000000000006295e-02
8.700000000000006339e-02
8.750000000000006384e-02
8.800000000000006428e-02
8.850000000000006473e-02
8.900000000000006517e-02
8.950000000000006561e-02
9.000000000000006606e-02
9.050000000000006650e-02
9.100000000000006695e-02
9.150000000000006739e-02
9.200000000000006783e-02
9.250000000000006828e-02
9.300000000000006872e-02
9.350000000000006917e-02
9.400000000000006961e-02
9.450000000000007006e-02
9.500000000000007050e-02
9.550000000000007094e-02
9.600000000000007139e-02
9.650000000000007183e-02
9.700000000000007228e-02
9.750000000000007272e-02
9.800000000000007316e-02
9.850000000000007361e-02
9.900000000000007405e-02
9.950000000000007450e-02
1.000000000000000749e-01
1.005000000000000754e-01
1.010000000000000758e-01
1.015000000000000763e-01
1.020000000000000767e-01
1.025000000000000772e-01
1.030000000000000776e-01
1.035000000000000780e-01
1.040000000000000785e-01
1.045000000000000789e-01
1.050000000000000794e-01
1.055000000000000798e-01
1.060000000000000803e-01
1.065000000000000807e-01
1.070000000000000812e-01
1.075000000000000816e-01
1.080000000000000820e-01
1.085000000000000825e-01
1.090000000000000829e-01
1.095000000000000834e-01
1.100000000000000838e-01
1.105000000000000843e-01
1.110000000000000847e-01
1.115000000000000852e-01
1.120000000000000856e-01
1.125000000000000860e-01
1.130000000000000865e-01
1.135000000000000869e-01
1.140000000000000874e-01
1.145000000000000878e-01
1.150000000000000883e-01
1.155000000000000887e-01
1.160000000000000892e-01
1.165000000000000896e-01
1.170000000000000900e-01
1.175000000000000905e-01
1.180000000000000909e-01
1.185000000000000914e-01
1.190000000000000918e-01
1.195000000000000923e-01
1.200000000000000927e-01
1.205000000000000931e-01
1.210000000000000936e-01
1.215000000000000940e-01
1.220000000000000945e-01
1.225000000000000949e-01
1.230000000000000954e-01
1.235000000000000958e-01
1.240000000000000963e-01
1.245000000000000967e-01
1.250000000000000833e-01
1.255000000000000837e-01
1.260000000000000842e-01
1.265000000000000846e-01
1.270000000000000850e-01
1.275000000000000855e-01
1.280000000000000859e-01
1.285000000000000864e-01
1.290000000000000868e-01
1.295000000000000873e-01
1.300000000000000877e-01
1.305000000000000882e-01
1.310000000000000886e-01
1.315000000000000890e-01
1.320000000000000895e-01
1.325000000000000899e-01
1.330000000000000904e-01
1.335000000000000908e-01
1.340000000000000913e-01
1.345000000000000917e-01
1.350000000000000921e-01
1.355000000000000926e-01
1.360000000000000930e-01
1.365000000000000935e-01
1.370000000000000939e-01
1.375000000000000944e-01
1.380000000000000948e-01
1.385000000000000953e-01
1.390000000000000957e-01
1.395000000000000961e-01
1.400000000000000966e-01
1.405000000000000970e-01
1.410000000000000975e-01
1.415000000000000979e-01
1.420000000000000984e-01
1.425000000000000988e-01
1.430000000000000993e-01
1.435000000000000997e-01
1.440000000000001001e-01
1.445000000000001006e-01
1.450000000000001010e-01
1.455000000000001015e-01
1.460000000000001019e-01
1.465000000000001024e-01
1.470000000000001028e-01
1.475000000000001033e-01
1.480000000000001037e-01
1.485000000000001041e-01
1.490000000000001046e-01
1.495000000000001050e-01
1.500000000000001055e-01
1.505000000000001059e-01
1.510000000000001064e-01
1.515000000000001068e-01
1.520000000000001072e-01
1.525000000000001077e-01
1.530000000000001081e-01
1.535000000000001086e-01
1.540000000000001090e-01
1.545000000000001095e-01
1.550000000000001099e-01
1.555000000000001104e-01
1.560000000000001108e-01
1.565000000000001112e-01
1.570000000000001117e-01
1.575000000000001121e-01
1.580000000000001126e-01
1.585000000000001130e-01
1.590000000000001135e-01
1.595000000000001139e-01
1.600000000000001144e-01
1.605000000000001148e-01
1.610000000000001152e-01
1.615000000000001157e-01
1.620000000000001161e-01
1.625000000000001166e-01
1.630000000000001170e-01
1.635000000000001175e-01
1.640000000000001179e-01
1.645000000000001183e-01
1.650000000000001188e-01
1.655000000000001192e-01
1.660000000000001197e-01
1.665000000000001201e-01
1.670000000000001206e-01
1.675000000000001210e-01
1.680000000000001215e-01
1.685000000000001219e-01
1.690000000000001223e-01
1.695000000000001228e-01
1.700000000000001232e-01
1.705000000000001237e-01
1.710000000000001241e-01
1.715000000000001246e-01
1.720000000000001250e-01
1.725000000000001255e-01
1.730000000000001259e-01
1.735000000000001263e-01
1.740000000000001268e-01
1.745000000000001272e-01
1.750000000000001277e-01
1.755000000000001281e-01
1.760000000000001286e-01
1.765000000000001290e-01
1.770000000000001295e-01
1.775000000000001299e-01
1.780000000000001303e-01
1.785000000000001308e-01
1.790000000000001312e-01
1.795000000000001317e-01
1.800000000000001321e-01
1.805000000000001326e-01
1.810000000000001330e-01
1.815000000000001334e-01
1.820000000000001339e-01
1.825000000000001343e-01
1.830000000000001348e-01
1.835000000000001352e-01
1.840000000000001357e-01
1.845000000000001361e-01
1.850000000000001366e-01
1.855000000000001370e-01
1.860000000000001374e-01
1.865000000000001379e-01
1.870000000000001383e-01
1.875000000000001388e-01
1.880000000000001392e-01
1.885000000000001397e-01
1.890000000000001401e-01
1.895000000000001406e-01
1.900000000000001410e-01
1.905000000000001414e-01
1.910000000000001419e-01
1.915000000000001423e-01
1.920000000000001428e-01
1.925000000000001432e-01
1.930000000000001437e-01
1.935000000000001441e-01
1.940000000000001446e-01
1.945000000000001450e-01
1.950000000000001454e-01
1.955000000000001459e-01
1.960000000000001463e-01
1.965000000000001468e-01
1.970000000000001472e-01
1.975000000000001477e-01
1.980000000000001481e-01
1.985000000000001485e-01
1.990000000000001490e-01
1.995000000000001494e-01
