3.586045961403294443e-11
2.063395366235638222e-10
5.209249592517199744e-10
8.656934051945466820e-10
1.116656153143997043e-09
1.114809421491077945e-09
6.274559198106995561e-10
-6.573347642008653315e-10
-3.123072727803839209e-09
-7.221808323716337065e-09
-1.347717961782342595e-08
-2.248878695104836324e-08
-3.493443875050466992e-08
-5.156929155246257578e-08
-7.322223042759171391e-08
-1.007901967993926388e-07
-1.352311293824308690e-07
-1.775560424115266945e-07
-2.288206436881092210e-07
-2.901168263844480655e-07
-3.625643309491495148e-07
-4.473028244513976371e-07
-5.454845605863376028e-07
-6.582676749598038010e-07
-7.868100681328163785e-07
-9.322637621442213348e-07
-1.095769597228352769e-06
-1.278452158851411693e-06
-1.481414875346056347e-06
-1.705735285129019869e-06
-1.952460525381529262e-06
-2.222603131590072942e-06
-2.517137255701061795e-06
-2.836995409777565104e-06
-3.183065824937628812e-06
-3.556190486671717819e-06
-3.957163872937282841e-06
-4.386732386080166824e-06
-4.845594438231520547e-06
-5.334401125695374947e-06
-5.853757412433115750e-06
-6.404223736056677670e-06
-6.986317950489784548e-06
-7.600517525503377548e-06
-8.247261932129121048e-06
-8.926955152390471371e-06
-9.639968260037634187e-06
-1.038664202503695021e-05
-1.116728949808818759e-05
-1.198219853272212565e-05
-1.283163420242859642e-05
-1.371584106955562549e-05
-1.463504526249813725e-05
-1.558945631865032197e-05
-1.657926875337794554e-05
-1.760466331982655911e-05
-1.866580793074874985e-05
-1.976285822134568948e-05
-2.089595774071206411e-05
-2.206523776836717934e-05
-2.327081676104531812e-05
-2.451279944284996077e-05
-2.579127555888599936e-05
-2.710631831833674107e-05
-2.845798255765030895e-05
-2.984630265819851331e-05
-3.127129025551923103e-05
-3.273293177923198942e-05
-3.423118586414706241e-05
-3.576598067394262648e-05
-3.733721117923163868e-05
-3.894473643182093896e-05
-4.058837687649243490e-05
-4.226791174066109867e-05
-4.398307654066945497e-05
-4.573356074142158198e-05
-4.751900560328686752e-05
-4.933900224697248833e-05
-5.119308996326014461e-05
-5.308075479036537505e-05
-5.500142837716108605e-05
-5.695448714583567105e-05
-5.893925176283998574e-05
-6.095498692223799063e-05
-6.300090144100834561e-05
-6.507614866150708013e-05
-6.717982715219859738e-05
-6.931098169400089616e-05
-7.146860453625677545e-05
-7.365163690331562676e-05
-7.585897073016717917e-05
-7.808945060344284119e-05
-8.034187588237718823e-05
-8.261500297317423195e-05
-8.490754772936994887e-05
-8.721818795051389413e-05
-8.954556595166794663e-05
-9.188829117672704238e-05
-9.424494282964363640e-05
-9.661407249896727229e-05
-9.899420675289562796e-05
