-7.547289490696193402e-08
-2.729967551719318104e-07
-5.169848533882580816e-07
-7.426536786434047418e-07
-9.351846279874148836e-07
-1.105351681038125791e-06
-1.264567463003748500e-06
-1.417205289011172768e-06
-1.563036486573715648e-06
-1.700917067251131996e-06
-1.830399087639765311e-06
-1.951699240645025842e-06
-2.065227669504986259e-06
-2.171306684103243543e-06
-2.270132656539975417e-06
-2.361835407916555923e-06
-2.446528630669900237e-06
-2.524326316881856884e-06
-2.595340053105961153e-06
-2.659673762681969553e-06
-2.717422114828264797e-06
-2.768671804482331538e-06
-2.813503456815374327e-06
-2.851992999748237655e-06
-2.884212440746175543e-06
-2.910230354089918365e-06
-2.930112300980300296e-06
-2.943921243868869850e-06
-2.951717937501831232e-06
-2.953561274212949061e-06
-2.949508579354783329e-06
-2.939615864820222382e-06
-2.923938050174195114e-06
-2.902529157903518978e-06
-2.875442486504732735e-06
-2.842730763819650708e-06
-2.804446282747413993e-06
-2.760641021383198473e-06
-2.711366749456164483e-06
-2.656675122697864599e-06
-2.596617766501719759e-06
-2.531246350045588378e-06
-2.460612651885620847e-06
-2.384768617915404175e-06
-2.303766412468676879e-06
-2.217658463281057553e-06
-2.126497500912954690e-06
-2.030336593210014974e-06
-1.929229175280875010e-06
-1.823229075440108877e-06
-1.712390537521443209e-06
-1.596768239909091228e-06
-1.476417311624438586e-06
-1.351393345751257864e-06
-1.221752410460235827e-06
-1.087551057891929495e-06
-9.488463310806571851e-07
-8.056957691485027423e-07
-6.581574109446301880e-07
-5.062897972892268849e-07
-3.501519719759117614e-07
-1.898034816746826471e-07
-2.530437486920082477e-08
1.432848000521236991e-07
3.159029974473453457e-07
4.924886777023700463e-07
6.729798110493833817e-07
8.573138818527762425e-07
1.045427893240539826e-06
1.237258372052428348e-06
1.432741373992238013e-06
1.631812488953402892e-06
1.834406846438715229e-06
2.040459121013594915e-06
2.249903537768412900e-06
2.462673877699226277e-06
2.678703483005249387e-06
2.897925262245628730e-06
3.120271695309212695e-06
3.345674838181771995e-06
3.574066327494417094e-06
3.805377384793601830e-06
4.039538820554789462e-06
4.276481037907262263e-06
4.516134036077123260e-06
4.758427413516262623e-06
5.003290370773798084e-06
5.250651713059848850e-06
5.500439852570940048e-06
5.752582810566782668e-06
6.007008219235055559e-06
6.263643323377380469e-06
6.522414981962472990e-06
6.783249669596125045e-06
7.046073477938694197e-06
7.310812117152668549e-06
7.577390917424857806e-06
7.845734830646184960e-06
8.115768432306642995e-06
8.387415923679843679e-06
8.660601134394158119e-06
