3.472013887011418665e-02
1.073605058076306795e-01
1.850078871695876592e-01
2.664379388412040917e-01
3.518926798585764182e-01
4.412466286205007360e-01
5.340688009274473513e-01
6.299721462020053675e-01
7.287106944827572708e-01
8.301268676800800383e-01
9.340926006287164629e-01
1.040485619585488797e+00
1.149188270138397749e+00
1.260091319023767698e+00
1.373095239506163079e+00
1.488108900391379219e+00
1.605047571554874208e+00
1.723831410502606909e+00
1.844384577383399559e+00
1.966634706670164379e+00
2.090512498866580415e+00
2.215951344394920142e+00
2.342886979835912875e+00
2.471257192440281081e+00
2.601001575707954316e+00
2.732061327694093045e+00
2.864379081671187155e+00
2.997898761594137262e+00
3.132565457854561863e+00
3.268325320442587056e+00
3.405125467203711231e+00
3.542913905091364946e+00
3.681639462547108721e+00
3.821251731426663856e+00
3.961701017172416517e+00
4.102938296160077769e+00
4.244915179318113907e+00
4.387583881251146067e+00
4.530897194205689260e+00
4.674808466305918841e+00
4.819271583564603390e+00
4.964240955238137687e+00
5.109671502148680489e+00
5.255518647641140184e+00
5.401738310881003535e+00
5.548286902231732043e+00
5.695121320477133153e+00
5.842198951678103214e+00
5.989477669474180033e+00
6.136915836656109846e+00
6.284472307851406647e+00
6.432106433178490512e+00
6.579778062734776611e+00
6.727447551794551117e+00
6.875075766600511784e+00
7.022624090641186534e+00
7.170054431310937559e+00
7.317329226856688074e+00
7.464411453521099915e+00
7.611264632793151463e+00
7.757852838685173502e+00
7.904140704957294261e+00
8.050093432212539923e+00
8.195676794792078113e+00
8.340857147399443505e+00
8.485601431388566596e+00
8.629877180651851276e+00
8.773652527045749494e+00
8.916896205296930944e+00
9.059577557332779918e+00
9.201666535981097184e+00
9.343133707990535441e+00
9.483950256320923700e+00
9.624087981660380819e+00
9.763519303122222937e+00
9.902217258086793095e+00
1.004015550114373490e+01
1.017730830210653714e+01
1.031365054306223250e+01
1.044915771443137409e+01
1.058380591000881843e+01
1.071757182096532190e+01
1.085043272878994713e+01
1.098236649715401825e+01
1.111335156268894053e+01
1.124336692466228271e+01
1.137239213354989076e+01
1.150040727849881783e+01
1.162739297368151803e+01
1.175333034354521722e+01
1.187820100696378134e+01
1.200198706030059448e+01
1.212467105939769851e+01
1.224623600050678363e+01
1.236666530018205634e+01
1.248594277415917730e+01
1.260405261524302745e+01
1.272097937023946912e+01
1.283670791595481653e+01
1.295122343430769440e+01
1.306451138658263744e+01
