-6.245629067941783213e-05
-1.397133696649302537e-04
-1.863446290991423171e-04
-2.621690137857082825e-04
-3.532879746972542034e-04
-4.502054962662316306e-04
-5.544547773495209220e-04
-6.690235580721279329e-04
-7.949354340293229848e-04
-9.320182252499642495e-04
-1.079923592716941494e-03
-1.238402057088597297e-03
-1.407194229744862524e-03
-1.585925603328014466e-03
-1.774110522364702458e-03
-1.971208454277395550e-03
-2.176662473593743430e-03
-2.389896726608636834e-03
-2.610287010294976007e-03
-2.837127844775438890e-03
-3.069611524645798895e-03
-3.306823980312179057e-03
-3.547755653129064379e-03
-3.791323229257514971e-03
-4.036397981629746834e-03
-4.281837025021661969e-03
-4.526514359592559433e-03
-4.769349126409833106e-03
-5.009329142216800701e-03
-5.245528580478442393e-03
-5.477119521078821496e-03
-5.703377884707816481e-03
-5.923684847710775081e-03
-6.137525113339814542e-03
-6.344483410863577255e-03
-6.544240340636664488e-03
-6.736568301119683078e-03
-6.921327808070643073e-03
-7.098464144951632804e-03
-7.268004011952433618e-03
-7.430051707298046537e-03
-7.584784360184060326e-03
-7.732445830840983803e-03
-7.873339058867945273e-03
-8.007816833987435601e-03
-8.136271150437690558e-03
-8.259121460425788985e-03
-8.376802239634717484e-03
-8.489750317393018886e-03
-8.598392405273935779e-03
-8.703133202383084299e-03
-8.804344364698568626e-03
-8.902354534226386562e-03
-8.997440528617728361e-03
-9.089819726995851390e-03
-9.179643628608458172e-03
-9.266992541335394851e-03
-9.351871344355833227e-03
-9.434206284638146922e-03
-9.513842774519831735e-03
-9.590544179220894527e-03
-9.663991588372777830e-03
-9.733784575704729214e-03
-9.799442937015623301e-03
-9.860409385937241034e-03
-9.916053165791416379e-03
-9.965674506631105878e-03
-1.000850984150847278e-02
-1.004373766562616233e-02
-1.007048491329237683e-02
-1.008783371631688519e-02
-1.009482840194120268e-02
-1.009048259796596625e-02
-1.007378631482724884e-02
-1.004371288778649340e-02
-9.999225675768719235e-03
-9.939284424793637385e-03
-9.862851218914614471e-03
-9.768895951318468107e-03
-9.656401260563440836e-03
-9.524366886865309745e-03
-9.371813410830820423e-03
-9.197785350958609385e-03
-9.001353598974026760e-03
-8.781617189854706851e-03
-8.537704407260093831e-03
-8.268773238498394740e-03
-7.974011204919140283e-03
-7.652634601038044160e-03
-7.303887189102353794e-03
-6.927038400064255974e-03
-6.521381102783219141e-03
-6.086229008090082715e-03
-5.620913777024449942e-03
-5.124781906758357763e-03
-4.597191466558459005e-03
-4.037508760470376323e-03
-3.445104983483049388e-03
-2.819352941285657721e-03
-2.159623900651164163e-03
-1.465284623567431055e-03
