0.000000000000000000e+00
1.172257125174375687e+03
8.788447258005990079e+02
7.436643194171574578e+02
6.607260231154399435e+02
6.026112284310462428e+02
5.588175958614812089e+02
5.243509197391633734e+02
4.964725999643270598e+02
4.734735817238245659e+02
4.541558197956181857e+02
4.376250883205646574e+02
4.232175276456773076e+02
4.104632737767977915e+02
3.990461658906057778e+02
3.887559718897073253e+02
3.794444830179358519e+02
3.709948188095203818e+02
3.633051743118173817e+02
3.562824375937752848e+02
3.498402872446738456e+02
3.438986328157291155e+02
3.383835565480185892e+02
3.332277896713487735e+02
3.283715599994387162e+02
3.237633154272864999e+02
3.193598726516898409e+02
3.151258924025658530e+02
3.110328275870627408e+02
3.070584816616134276e+02
3.031850064738453057e+02
2.994001180249711069e+02
2.956963695199974609e+02
2.920715638899606574e+02
2.885281357842471834e+02
2.850737797692144682e+02
2.816987215205477924e+02
2.784690098341434350e+02
2.760394441634298346e+02
2.789277619389213214e+02
2.347842368396231905e+02
1.083307901633728761e+04
-1.982619318074638024e+06
-1.653211801743477285e+08
-8.815577869094415903e+08
-3.355739664530066401e+07
1.508321560940811643e+06
-4.475808417952924967e+07
-8.530130705151655674e+08
-1.252604045209849179e+08
6.587475862755429745e+07
-1.289515282524017394e+08
-3.603495565778065473e+07
-3.394699730310523510e+07
5.511402872719436884e+06
1.782756888311559856e+08
1.022998911728151441e+08
-4.322087014751477242e+09
4.535419094285363007e+10
2.735579801614595652e+08
-1.432111721319122612e+08
6.223259407306400687e+07
-1.832209966567856073e+08
-8.819714861764005661e+09
2.760052405739452362e+10
-4.351759169356059074e+09
-9.574103951552200317e+08
8.539762523359121382e+07
6.895011041254106522e+09
5.299863905083158493e+09
1.868128739166275263e+08
1.682083443526016921e+07
1.313366833646352030e+07
-1.281089432109858096e+08
2.141478577402591705e+08
-3.459311334669634700e+08
-2.437572638093625605e+08
4.958597866005961597e+07
4.234704481155544519e+07
1.171320475956997395e+09
-2.802612936983862519e+08
-6.717476144904531538e+06
-8.894932566900382936e+07
-7.011297276731065512e+08
1.176900434658245087e+09
-1.976323712709683418e+09
-3.179112864748478889e+09
-1.715645056620462179e+09
2.810637749848958492e+09
7.590573041606310010e+07
-3.782008266795695573e+07
3.106781868377780542e+06
-4.063155410012695193e+07
3.263849286518571377e+08
1.400733978200167604e+07
2.526635496896573007e+08
-9.734387384984507561e+08
4.454112448311761022e+08
-7.387486366790892601e+09
4.816617555141580105e+08
