0.000000000000000000e+00
-1.852606464718815715e+01
-1.823636093420934046e+01
-1.583044976853719277e+01
-1.168654155802597217e+01
-6.682394603622689999e+00
-1.896155935788199631e+00
1.943184711543706200e+00
4.548855322908710974e+00
5.964613085515601654e+00
6.413814975535753860e+00
6.176489842471497127e+00
5.513313892189681376e+00
4.631332961399974302e+00
3.677138878758980933e+00
2.744437646805610864e+00
1.887675305516344215e+00
1.136634851023132775e+00
5.083971139748966195e-01
1.445255651336352365e-02
-3.373153696017183734e-01
-5.442231781500317389e-01
-6.114682641967106314e-01
-5.536249222402944703e-01
-3.937383604451794028e-01
-1.600907508530569068e-01
1.183250260436374823e-01
4.162151767135791047e-01
7.177470564292159905e-01
1.003996853471755824e+00
1.285244743064852813e+00
1.559985236329493707e+00
1.832019047520359045e+00
2.103236190180339804e+00
2.394249275816733302e+00
2.729241873080923142e+00
3.728498633748813518e+00
4.123912843333528144e+00
-1.291445808000162287e+01
-1.678044880770721647e+02
9.608530942565994337e+02
-2.743304920904862229e+05
6.434156593540274771e+05
-1.649008169057157077e+07
1.075219957217485189e+09
-2.918818048130122945e+07
1.839965516328155994e+07
1.478970528841344640e+07
-1.001543762878205895e+09
1.650479718150857091e+07
4.023316693862993270e+07
-3.885812662330755591e+07
-2.996900012210891396e+07
-2.834257125879314169e+07
4.124561909283614717e+06
-3.144886948279422894e+07
-2.671041562364323735e+08
-4.330262497480103493e+09
2.063080310339172745e+10
-3.318398072944450378e+08
1.076065578552886546e+08
9.743322408935621381e+07
3.369976657924606930e+06
2.989416037476490021e+10
-4.186198615115260124e+09
4.109288514159257412e+09
-6.348631933163447380e+09
-4.104318144396144897e+07
-5.628462437587544441e+09
-2.851348401121553421e+09
6.431525973464086652e+07
1.824093855338145196e+08
2.875918963163628057e+07
-2.578549264324339479e+07
-2.438212272974130809e+08
4.896404117382449508e+08
-5.152263646296067238e+08
-5.064343896753770113e+07
-3.373697318052524328e+07
8.875242624271225929e+08
-7.073271427397288084e+08
1.196467591017331462e+06
5.513888198859447241e+07
-8.003125839468103647e+08
-2.518539516323591769e+08
2.414985719181856155e+10
-5.825118405634880066e+08
-1.528566943308198690e+09
8.844994189316575229e+07
8.765997091824533045e+07
1.846201629968085326e+06
-7.224265269966873527e+07
-2.621259468997637033e+08
-2.179191738517775238e+08
-2.527772224359303713e+08
-2.858763012635743245e+07
-1.781311267509950399e+09
6.657466577749558449e+09
-1.586580397999990225e+09
1.064712396012094803e+06
