-8.180166776784711423e-04
-2.570424523387266659e-03
-5.754507560202530916e-03
-1.159952787544819494e-02
-2.209933239046243253e-02
-4.083549052014678882e-02
-7.433264602210068461e-02
-1.341752478887267008e-01
-2.411937841005601935e-01
-4.330017679577252698e-01
-7.774531617848926546e-01
-1.397353302941561459e+00
-2.515513242702019703e+00
-4.536966774389670221e+00
-8.199741675826059506e+00
-1.485168781523349502e+01
-2.695981702873779895e+01
-4.904981376601541854e+01
-8.944269105679310883e+01
-1.634718973408574527e+02
-2.994559807233570154e+02
-5.498106360267050832e+02
-1.011765810143654335e+03
-1.866069674901918006e+03
-3.449440797229651253e+03
-6.390460163518614536e+03
-1.186493444145807007e+04
-2.207664466618737060e+04
-4.116400787522983592e+04
-7.691289390296730562e+04
-1.439976727459521499e+05
-2.701236179682066431e+05
-5.076853122532063280e+05
-9.559260025122237857e+05
-1.803113230968533549e+06
-3.406914069751705974e+06
-6.447754115617629141e+06
-1.222176738618511707e+07
-2.320100011038942263e+07
-4.410576846473658085e+07
-8.395935457641784847e+07
-1.600284399704345167e+08
-3.053862831769942045e+08
-5.834406892740054131e+08
-1.115860953583793879e+09
-2.136298162022502661e+09
-4.093787389390429974e+09
-7.851896784622138023e+09
-1.507249316550167084e+10
-2.895564702465772629e+10
