0.000000000000000000e+00
3.516564157078220232e-01
1.087304934201238638e+00
1.880391464155641845e+00
2.719920866083956668e+00
3.599718466068716261e+00
4.515640030059646648e+00
5.464621906927623840e+00
6.444255990740061613e+00
7.452566911243163617e+00
8.487882542167838551e+00
9.548753108213778873e+00
1.063389792335291695e+01
1.174216893390456207e+01
1.287252504890919980e+01
1.402401371273845498e+01
1.519575753010947494e+01
1.638694453632947301e+01
1.759682117737384033e+01
1.882468735922324399e+01
2.006989311559933853e+01
2.133183656834824760e+01
2.260996293880358721e+01
2.390376442574084948e+01
2.521278080489767959e+01
2.653660063209989772e+01
2.787486295053236773e+01
2.922725941513318659e+01
3.059353675516893389e+01
3.197349950102629279e+01
3.336701290398485753e+01
3.477400597894497025e+01
3.619447460021119412e+01
3.762848457996202001e+01
3.907617465823099678e+01
4.053775933238654261e+01
4.201353145348173257e+01
4.350386451661192666e+01
4.500921457285070204e+01
4.653012169010142429e+01
4.806721090282930220e+01
4.962119256434212389e+01
5.119286206904170911e+01
5.278309887159657876e+01
5.439286476592922526e+01
5.602320138760915569e+01
5.767522691484269615e+01
5.935013195330935787e+01
6.104917459850630479e+01
6.277367467434150683e+01
6.452500714660087056e+01
6.630459470303672731e+01
6.811389947712166304e+01
6.995441387015893042e+01
7.182765039816234776e+01
7.373513045959106194e+01
7.567837189344260196e+01
7.765887518215085095e+01
7.967810815887588660e+01
8.173748911280597440e+01
8.383836825605405352e+01
8.598200762586893120e+01
8.816955964624251862e+01
9.040204475858215005e+01
9.268032874137674071e+01
9.500510055706854473e+01
9.737685176783733709e+01
9.979585872232567567e+01
1.022621688001239875e+02
1.047755919780733365e+02
1.073356988260397884e+02
1.099418257375818655e+02
1.125930877612800600e+02
1.152883988540539519e+02
1.180264987847775870e+02
1.208059853468787850e+02
1.236253500695535053e+02
1.264830153166891904e+02
1.293773705777844611e+02
1.323068059026268202e+02
1.352697407945645125e+02
1.382646474071304397e+02
1.412900675133774371e+02
1.443446233518536133e+02
1.474270230142681726e+02
1.505360614582891685e+02
1.536706184584732853e+02
1.568296548325681954e+02
1.600122081118270216e+02
1.632173885017234056e+02
1.664443755617166119e+02
1.696924155891877604e+02
1.729608192944812970e+02
1.762489590658849465e+02
1.795562649949208662e+02
1.828822188919399991e+02
1.862263457705742269e+02
1.895882026865736236e+02
1.929673653180736324e+02
1.963634131767564099e+02
1.997759147323305626e+02
2.032044139099842823e+02
2.066484193106696523e+02
2.101073970971119138e+02
2.135807678523283926e+02
2.170679069893360804e+02
2.205681476454083736e+02
2.240807845927273547e+02
2.276050776379952367e+02
2.311402532704059354e+02
2.346855038609629673e+02
2.382399843650005664e+02
2.418028070694255973e+02
2.453730353283136196e+02
2.489496773823577769e+02
2.525316812693228030e+02
2.561179315682967399e+02
2.597072483715186877e+02
2.632983885310670757e+02
2.668900489481501950e+02
2.704808714918061128e+02
2.740694490540512902e+02
2.776543322520674337e+02
2.812340363476070024e+02
2.848070480419979162e+02
2.883718319002222188e+02
2.919268362450922041e+02
2.954704984355610122e+02
2.990012494997671411e+02
3.025175181345437068e+02
3.060177341114710998e+02
3.095003311474817451e+02
3.129637493079827664e+02
3.164064370140285973e+02
3.198268527236833734e+02
3.232234663526398890e+02
3.265947604912866495e+02
3.299392314658923056e+02
3.332553902813498325e+02
3.365417634727592144e+02
3.397968938837996120e+02
3.430193413818153658e+02
3.462076835131217649e+02
3.493605160972323915e+02
3.524764537557555855e+02
3.555541303699770879e+02
3.585921994609171293e+02
3.615893344861516425e+02
3.645442290490856863e+02
3.674555970180364852e+02
3.703221725544835863e+02
3.731427100518737916e+02
3.759159839882739220e+02
3.786407886980043145e+02
3.813159380689594968e+02
3.839402651736505732e+02
3.865126218431299776e+02
3.890318781937961603e+02
3.914969221177345844e+02
3.939066587476183940e+02
3.962600099074290938e+02
3.985559135603066352e+02
4.007933232646739725e+02
4.029712076495349038e+02
4.050885499194819772e+02
4.071443473993509770e+02
4.091376111279856218e+02
4.110673655097486971e+02
4.129326480317378696e+02
4.147325090537428309e+02
4.164660116770696732e+02
4.181322316974130331e+02
4.197302576458421299e+02
4.212591909209562004e+02
4.227181460141243292e+02
4.241062508286182151e+02
4.254226470923507009e+02
4.266664908628429771e+02
4.278369531220406543e+02
4.289332204575945866e+02
4.299544958263932131e+02
4.308999993953181047e+02
4.317689694535017111e+02
4.325606633898466384e+02
4.332743587290684673e+02
4.339093542192118207e+02
4.344649709633631005e+02
4.349405535881970195e+02
4.353354714419354536e+02
4.356491198144572081e+02
4.358809211724188799e+02
4.360303264025298517e+02
4.360968160564397067e+02
4.360799015910563412e+02
4.359791265985346627e+02
4.357940680206222623e+02
4.355243373424837046e+02
4.351695817615872102e+02
4.347294853277143147e+02
4.342037700505368321e+02
4.332315503347129493e+02
4.332055890826552513e+02
4.331927450677418960e+02
4.331903527997920946e+02
4.332021090242079708e+02
4.332320002436189839e+02
4.332828258908778025e+02
4.333561245197367953e+02
4.334525757345261354e+02
4.335724821165250660e+02
4.337161297523821872e+02
4.338839256089780747e+02
4.340762865953004166e+02
4.342933245274376759e+02
4.345344253519872382e+02
4.347978473756617745e+02
4.350804559736757255e+02
4.353776754305905570e+02
4.356836843783837026e+02
4.359918252870396032e+02
4.362951546165792251e+02
4.365870373875710015e+02
4.368616902734431733e+02
4.371145970629210638e+02
4.373427518117161412e+02
4.375447193798671037e+02
4.377205327891014690e+02
4.378714671623632739e+02
4.379997393276869957e+02
4.381081815449431929e+02
4.381999299796058835e+02
4.382781567981477338e+02
4.383458621272012579e+02
4.384057308338551593e+02
4.384600504373221952e+02
4.385106808807920515e+02
4.385590641722844794e+02
4.386062614688116810e+02
4.386530063129671362e+02
4.386997647466047283e+02
4.387467953603560886e+02
4.387942045935706687e+02
4.388419945417901431e+02
4.388901020558777759e+02
4.389384290203246337e+02
4.389868644260135397e+02
4.390352992778393855e+02
4.390836355768141175e+02
4.391317906577243662e+02
4.391796981016271957e+02
4.392273063181181101e+02
4.392745757343324726e+02
4.393214753559852284e+02
4.393679792940178572e+02
4.394140636876655890e+02
4.394597043068417292e+02
4.395048749871336895e+02
4.395495469411096678e+02
4.395936889004964883e+02
4.396372679747772168e+02
4.396802510620986482e+02
4.397226066172090100e+02
4.397643065674924969e+02
4.398053281710106148e+02
4.398456556284122030e+02
4.398852812917504025e+02
4.399242063550884723e+02
4.399624409608647397e+02
4.400000037084029145e+02
4.400369206023153197e+02
4.400732235246529171e+02
4.401089483517664576e+02
4.401441328622358924e+02
4.401788145943280028e+02
4.402130288100410667e+02
4.402468067088809107e+02
4.402801740100558163e+02
4.403131499894693093e+02
4.403457470207045503e+02
4.403779706302408954e+02
4.404098200392779745e+02
4.404412891303999800e+02
4.404723677490012506e+02
4.405030432286952760e+02
4.405333020179516552e+02
4.405631312826105841e+02
4.405925203656586859e+02
4.406214620010446197e+02
4.406499532010219014e+02
4.406779957646289745e+02
4.407055963860741485e+02
4.407327663734262160e+02
4.407595210175210809e+02
4.407858786760825751e+02
4.408118596568640442e+02
4.408374849949711347e+02
4.408627752229035650e+02
4.408877492274747283e+02
4.409124232764460203e+02
4.409368102807527521e+02
4.409609193372105551e+02
4.409847555733824720e+02
4.410083202926429635e+02
4.410316113951196826e+02
4.410546240306376262e+02
4.410773514243122690e+02
4.410997858049633464e+02
4.411219193616328198e+02
4.411437451543837938e+02
4.411652579119985376e+02
4.411864546605072519e+02
4.412073351417326421e+02
4.412279019988407072e+02
4.412481607248349178e+02
4.412681193884307618e+02
4.412877881683600663e+02
4.413071787406249200e+02
4.413263035726155294e+02
4.413451751827616931e+02
4.413638054243827469e+02
4.413822048478539273e+02
4.414003821867244710e+02
4.414183440018697979e+02
4.414360945041476043e+02
4.414536355614994250e+02
4.414709668821300284e+02
4.414880863523252401e+02
4.415049904965892438e+02
4.415216750197857323e+02
4.415381353863425602e+02
4.415543673905691548e+02
4.415703676746669544e+02
4.415861341567917293e+02
4.416016663399865365e+02
4.416169654832075935e+02
4.416320346271165249e+02
4.416468784788814901e+02
4.416615031710027779e+02
4.416759159183088173e+02
4.416901246041525724e+02
4.417041373309668870e+02
4.417179619715809622e+02
4.417316057560304330e+02
4.417450749243349151e+02
4.417583744692805112e+02
4.417715079852506506e+02
4.417844776302831633e+02
4.417972841994865121e+02
4.418099272994531361e+02
4.418224056059520422e+02
4.418347171814970125e+02
4.418468598257300641e+02
4.418588314301338187e+02
4.418706303094139685e+02
4.418822554848262030e+02
4.418937068994693504e+02
4.419049855516569210e+02
4.419160935394360195e+02
4.419270340165105608e+02
4.419378110667227588e+02
4.419484295102872125e+02
4.419588946597139056e+02
4.419692120465297762e+02
4.419793871412553017e+02
4.419894250886694067e+02
4.419993304782478276e+02
4.420091071660907005e+02
4.420187581599448094e+02
4.420282855735534326e+02
4.420376906509177957e+02
4.420469738556188304e+02
4.420561350155029459e+02
4.420651735091553860e+02
4.420740884779036151e+02
4.420828790457861146e+02
4.420915445300364013e+02
4.421000846260820936e+02
4.421084995537104874e+02
4.421167901546252210e+02
4.421249579358197366e+02
4.421330050576388544e+02
4.421409342697744478e+02
4.421487488023588526e+02
4.421564522225272071e+02
4.421640482690709746e+02
4.421715406789840586e+02
4.421789330197489676e+02
4.421862285401756480e+02
4.421934300506213162e+02
4.422005398406710697e+02
4.422075596391084673e+02
4.422144906175128654e+02
4.422213334353684218e+02
4.422280883214358482e+02
4.422347551835388799e+02
4.422413337370261388e+02
4.422478236411373018e+02
4.422542246323158679e+02
4.422605366442243735e+02
4.422667599056649692e+02
4.422728950097045413e+02
4.422789429498311051e+02
4.422849051217143028e+02
4.422907832918865552e+02
4.422965795371941340e+02
4.423022961609875665e+02
4.423079355935897183e+02
4.423135002854843947e+02
4.423189926018914662e+02
4.423244147269130053e+02
4.423297685843510862e+02
4.423350557806912775e+02
4.423402775738009609e+02
4.423454348687179731e+02
4.423505282397546239e+02
4.423555579761133458e+02
4.423605241464944129e+02
4.423654266768908769e+02
4.423702654349662566e+02
4.423750403141851848e+02
4.423797513111611579e+02
4.423843985904886722e+02
4.423889825325443894e+02
4.423935037612595238e+02
4.423979631505520729e+02
4.424023618098358952e+02
4.424067010506345810e+02
4.424109823377302178e+02
4.424152072293288143e+02
4.424193773114054693e+02
4.424234941316305481e+02
4.424275591380758215e+02
4.424315736273136963e+02
4.424355387056002655e+02
4.424394552656415271e+02
4.424433239801353466e+02
4.424471453119096509e+02
4.424509195391964340e+02
4.424546467934522980e+02
4.424583271062677454e+02
4.424619604613414481e+02
4.424655468472584516e+02
4.424690863069411080e+02
4.424725789800526741e+02
4.424760251353565081e+02
4.424794251909331706e+02
4.424827797211956408e+02
4.424860894507255011e+02
4.424893552359723685e+02
4.424925780367756829e+02
4.424957588803725343e+02
4.424988988210360503e+02
4.425019988987014585e+02
4.425050600998670802e+02
4.425080833237499291e+02
4.425110693561322819e+02
4.425140188526432894e+02
4.425169323323874551e+02
4.425198101820103602e+02
4.425226526694476092e+02
4.425254599658945835e+02
4.425282321739368285e+02
4.425309693594003875e+02
4.425336715842743160e+02
4.425363389380992771e+02
4.425389715654335987e+02
4.425415696874176206e+02
4.425441336160060928e+02
4.425466637600607100e+02
4.425491606231781816e+02
4.425516247937709977e+02
4.425540569285084302e+02
4.425564577306988099e+02
4.425588279255209159e+02
4.425611682341798314e+02
4.425634793490619927e+02
4.425657619117998820e+02
4.425680164958402543e+02
4.425702435947038680e+02
4.425724436166181590e+02
4.425746168856808822e+02
4.425767636491962662e+02
4.425788840903539381e+02
4.425809783450378063e+02
4.425830465212805507e+02
4.425850887197328234e+02
4.425871050535047289e+02
4.425890956658532218e+02
4.425910607444297966e+02
4.425930005311084301e+02
4.425949153268222744e+02
4.425968054912358980e+02
4.425986714374984103e+02
4.426005136226980312e+02
4.426023325349488573e+02
4.426041286782632369e+02
4.426059025564932199e+02
4.426076546576383066e+02
4.426093854397376504e+02
4.426110953193876867e+02
4.426127846636790082e+02
4.426144537860430432e+02
4.426161029461712246e+02
4.426177323538497035e+02
4.426193421762436628e+02
4.426209325479214272e+02
4.426225035827227430e+02
4.426240553864613503e+02
4.426255880694408233e+02
4.426271017578110900e+02
4.426285966029257679e+02
4.426300727880563954e+02
4.426315305320477478e+02
4.426329700897641146e+02
4.426343917494212405e+02
4.426357958271549364e+02
4.426371826593627361e+02
4.426385525935242526e+02
4.426399059782755216e+02
4.426412431535600831e+02
4.426425644416223690e+02
4.426438701395181283e+02
4.426451605136703051e+02
4.426464357968118293e+02
4.426476961874606673e+02
4.426489418518640377e+02
4.426501729281577013e+02
4.426513895323266183e+02
4.426525917654280420e+02
4.426537797214576813e+02
4.426549534952221165e+02
4.426561131896016263e+02
4.426572589216623896e+02
4.426583908271919086e+02
4.426595090633679774e+02
4.426606138094393259e+02
4.426617052654441977e+02
4.426627836491570065e+02
4.426638491915787199e+02
4.426649021313879757e+02
4.426659427088359280e+02
4.426669711595883996e+02
4.426679877090033983e+02
4.426689925672793038e+02
4.426699859258152969e+02
4.426709679550291412e+02
4.426719388037369072e+02
4.426728986000858868e+02
4.426738474539037611e+02
4.426747854602201073e+02
4.426757127036436827e+02
4.426766292632124760e+02
4.426775352173228271e+02
4.426784306483493765e+02
4.426793156466094956e+02
4.426801903133901419e+02
4.426810547628429049e+02
4.426819091226478804e+02
4.426827535334491017e+02
4.426835881471570815e+02
4.426844131243074685e+02
4.426852286307174040e+02
4.426860348337376649e+02
4.426868318984141979e+02
4.426876199838636694e+02
4.426883992401409955e+02
4.426891698058271345e+02
4.426899318064955651e+02
4.426906853541445912e+02
4.426914305476009304e+02
4.426921674738232468e+02
4.426928962099674436e+02
4.426936168260223781e+02
4.426943293877857286e+02
4.426950339599350173e+02
4.426957306089503845e+02
4.426964194056666884e+02
4.426971004272746768e+02
4.426977737586344688e+02
4.426984394928353481e+02
4.426990977309832829e+02
4.426997485812735817e+02
4.427003921574498690e+02
4.427010285767966593e+02
4.427016579578470896e+02
4.427022804179937907e+02
4.427028960712034973e+02
4.427035050260023468e+02
4.427041073838867646e+02
4.427047032382645853e+02
4.427052926739887653e+02
4.427058757674981848e+02
4.427064525875264849e+02
4.427070231963037941e+02
4.427075876511361230e+02
4.427081460062240126e+02
4.427086983145686645e+02
4.427092446298123036e+02
4.427097850078743022e+02
4.427103195082633533e+02
4.427108481949764496e+02
4.427113711369345310e+02
4.427118884079387726e+02
4.427124000861750233e+02
4.427129062533223305e+02
4.427134069933548517e+02
4.427139023911439040e+02
4.427143925309815700e+02
4.427148774951407972e+02
4.427153573625907939e+02
4.427158322079563959e+02
4.427163021007999646e+02
4.427167671052615106e+02
4.427172272800796122e+02
4.427176826789697657e+02
4.427181333513184427e+02
4.427185793431266916e+02
4.427190206981179585e+02
4.427194574589173044e+02
4.427198896682102713e+02
4.427203173697847092e+02
4.427207406093895656e+02
4.427211594353425994e+02
4.427215738988563771e+02
4.427219840540678319e+02
4.427223899577813881e+02
4.427227916689603262e+02
4.427231892480156148e+02
4.427235827559599670e+02
4.427239722534976636e+02
4.427243578001240394e+02
4.427247394533100078e+02
4.427251172678272155e+02
4.427254912952640211e+02
4.427258615837654361e+02
4.427262281780022022e+02
4.427265911193688339e+02
4.427269504463818635e+02
4.427273061952415674e+02
4.427276584005047084e+02
4.427280070958139504e+02
4.427283523146221569e+02
4.427286940908581983e+02
4.427290324594833351e+02
4.427293674568992401e+02
4.427296991211865134e+02
4.427300274921558980e+02
4.427303526112232248e+02
4.427306745211230918e+02
4.427309932654895874e+02
4.427313088883461774e+02
4.427316214335486393e+02
4.427319309442225403e+02
4.427322374622492021e+02
4.427325410278303366e+02
4.427328416791668815e+02
4.427331394522720984e+02
4.427334343809295092e+02
4.427337264967898705e+02
4.427340158295998549e+02
4.427343024075326525e+02
4.427345862575964475e+02
4.427348674060843337e+02
4.427351458790246284e+02
4.427354217026045262e+02
4.427356949035295770e+02
4.427359655092957951e+02
4.427362335483569495e+02
4.427364990501798161e+02
4.427367620451863672e+02
4.427370225645949517e+02
4.427372806401750154e+02
4.427375363039408285e+02
4.427377895878108802e+02
4.427380405232595990e+02
4.427382891409927197e+02
4.427385354706686371e+02
4.427387795406853002e+02
4.427390213780512909e+02
4.427392610083430213e+02
4.427394984557507200e+02
4.427397337432062727e+02
4.427399668925785932e+02
4.427401979249190731e+02
4.427404268607374433e+02
4.427406537202828076e+02
4.427408785238108067e+02
4.427411012918145161e+02
4.427413220452041287e+02
4.427415408054233694e+02
4.427417575944970736e+02
4.427419724350082788e+02
4.427421853500104589e+02
4.427423963628870638e+02
4.427426054971664939e+02
4.427428127763153043e+02
4.427430182235229950e+02
4.427432218614985118e+02
4.427434237122902232e+02
4.427436237971501214e+02
4.427438221364409401e+02
4.427440187496022759e+02
4.427442136551699718e+02
4.427444068708455802e+02
4.427445984136119250e+02
4.427447882998784507e+02
4.427449765456529462e+02
4.427451631667128140e+02
4.427453481787748046e+02
4.427455315976422412e+02
4.427457134393231399e+02
4.427458937201101890e+02
4.427460724566173553e+02
4.427462496657747693e+02
4.427464253647818282e+02
4.427465995710252287e+02
4.427467723019705090e+02
4.427469435750349476e+02
4.427471134074566521e+02
4.427472818161660371e+02
4.427474488176719660e+02
4.427476144279726782e+02
4.427477786624942837e+02
4.427479415360627399e+02
4.427481030629098768e+02
4.427482632567135852e+02
4.427484221306613676e+02
4.427485796975410040e+02
4.427487359698416185e+02
4.427488909598628197e+02
4.427490446798192352e+02
4.427491971419353263e+02
4.427493483585222975e+02
4.427494983420316430e+02
4.427496471050845344e+02
4.427497946604719914e+02
4.427499410211311783e+02
4.427500862000995312e+02
4.427502302104499563e+02
4.427503730652140348e+02
4.427505147773021577e+02
4.427506553594228649e+02
4.427507948240123028e+02
4.427509331831749932e+02
4.427510704486433610e+02
4.427512066317571566e+02
4.427513417434636835e+02
4.427514757943384893e+02
4.427516087946239054e+02
4.427517407542813430e+02
4.427518716830537073e+02
4.427520015905323021e+02
4.427521304862235070e+02
4.427522583796069284e+02
4.427523852801872977e+02
4.427525111975301684e+02
4.427526361412822098e+02
4.427527601211754131e+02
4.427528831470163482e+02
4.427530052286583668e+02
4.427531263759649391e+02
4.427532465987642354e+02
4.427533659067983649e+02
4.427534843096752866e+02
4.427536018168229361e+02
4.427537184374530739e+02
4.427538341805318964e+02
4.427539490547678156e+02
4.427540630686081613e+02
4.427541762302498114e+02
4.427542885476620995e+02
4.427544000286177948e+02
4.427545106807301067e+02
4.427546205114957729e+02
4.427547295283338826e+02
4.427548377386254970e+02
4.427549451497462201e+02
4.427550517690895049e+02
4.427551576040817736e+02
4.427552626621873628e+02
4.427553669509026122e+02
4.427554704777418806e+02
4.427555732502150363e+02
4.427556752758009111e+02
4.427557765619172869e+02
4.427558771158892910e+02
4.427559769449222813e+02
4.427560760560776316e+02
4.427561744562546551e+02
4.427562721521812819e+02
4.427563691504101371e+02
4.427564654573254188e+02
4.427565610791537551e+02
4.427566560219849521e+02
4.427567502917929687e+02
4.427568438944624631e+02
4.427569368358136899e+02
4.427570291216271698e+02
4.427571207576638130e+02
4.427572117496823125e+02
4.427573021034478984e+02
4.427573918247377946e+02
4.427574809193380361e+02
4.427575693930368175e+02
4.427576572516106239e+02
4.427577445008089967e+02
4.427578311463359455e+02
4.427579171938309059e+02
4.427580026488521980e+02
4.427580875168602574e+02
4.427581718032079721e+02
4.427582555131317008e+02
4.427583386517501367e+02
4.427584212240668649e+02
4.427585032349769563e+02
4.427585846892785071e+02
4.427586655916857126e+02
4.427587459468451812e+02
4.427588257593517369e+02
4.427589050337631420e+02
4.427589837746141370e+02
4.427590619864259907e+02
4.427591396737159357e+02
4.427592168409975670e+02
4.427592934927820352e+02
4.427593696335738400e+02
4.427594452678637822e+02
4.427595204001183333e+02
4.427595950347694611e+02
4.427596691762038290e+02
4.427597428287503476e+02
4.427598159966722164e+02
4.427598886841576586e+02
4.427599608953170218e+02
4.427600326341790833e+02
4.427601039046942333e+02
4.427601747107360097e+02
4.427602450561096816e+02
4.427603149445599797e+02
4.427603843797799641e+02
4.427604533654212560e+02
4.427605219051042127e+02
4.427605900024262269e+02
4.427606576609678086e+02
4.427607248842984973e+02
4.427607916759793625e+02
4.427608580395624358e+02
4.427609239785900854e+02
4.427609894965889339e+02
4.427610545970659359e+02
4.427611192835013867e+02
4.427611835593413048e+02
4.427612474279918047e+02
4.427613108928117072e+02
4.427613739571092424e+02
4.427614366241383550e+02
4.427614988970957484e+02
4.427615607791241246e+02
4.427616222733119002e+02
4.427616833826983225e+02
4.427617441102785278e+02
4.427618044590086583e+02
4.427618644318129100e+02
4.427619240315879097e+02
4.427619832612108439e+02
4.427620421235412778e+02
4.427621006214266117e+02
4.427621587577025366e+02
4.427622165351942272e+02
4.427622739567150347e+02
4.427623310250646682e+02
4.427623877430252719e+02
4.427624441133582991e+02
4.427625001387999646e+02
4.427625558220565267e+02
4.427626111658016725e+02
4.427626661726727093e+02
4.427627208452686318e+02
4.427627751861492129e+02
4.427628291978343782e+02
4.427628828828071050e+02
4.427629362435134226e+02
4.427629892823683235e+02
4.427630420017555366e+02
4.427630944040354279e+02
4.427631464915455126e+02
4.427631982666058548e+02
4.427632497315212277e+02
4.427633008885836148e+02
4.427633517400737446e+02
4.427634022882612612e+02
4.427634525354046104e+02
4.427635024837488800e+02
4.427635521355265382e+02
4.427636014929511816e+02
4.427636505582185009e+02
4.427636993335021316e+02
4.427637478209516644e+02
4.427637960226907126e+02
4.427638439408150361e+02
4.427638915773931672e+02
4.427639389344649885e+02
4.427639860140429278e+02
4.427640328181133782e+02
4.427640793486386883e+02
4.427641256075590377e+02
4.427641715967946539e+02
4.427642173182485976e+02
4.427642627738086958e+02
4.427643079653499285e+02
4.427643528947350546e+02
4.427643975638171696e+02
4.427644419744377728e+02
4.427644861284289846e+02
4.427645300276116700e+02
4.427645736737948141e+02
4.427646170687734184e+02
4.427646602143287282e+02
4.427647031122243675e+02
4.427647457642068503e+02
4.427647881720037049e+02
4.427648303373223939e+02
4.427648722618496890e+02
4.427649139472524666e+02
4.427649553951774237e+02
4.427649966072516463e+02
4.427650375850840874e+02
4.427650783302671016e+02
4.427651188443773549e+02
4.427651591289778708e+02
4.427651991856197355e+02
4.427652390158417575e+02
4.427652786211729108e+02
4.427653180031331885e+02
4.427653571632330340e+02
4.427653961029739662e+02
4.427654348238478974e+02
4.427654733273366787e+02
4.427655116149117589e+02
4.427655496880325359e+02
4.427655875481461294e+02
4.427656251966859031e+02
4.427656626350714646e+02
4.427656998647071873e+02
4.427657368869828360e+02
4.427657737032728278e+02
4.427658103149365729e+02
4.427658467233192141e+02
4.427658829297522516e+02
4.427659189355537706e+02
4.427659547420302601e+02
4.427659903504763861e+02
4.427660257621778896e+02
4.427660609784102235e+02
4.427660960004399158e+02
4.427661308295261051e+02
4.427661654669196309e+02
4.427661999138635451e+02
4.427662341715926004e+02
4.427662682413331368e+02
4.427663021243036496e+02
4.427663358217127438e+02
4.427663693347589060e+02
4.427664026646310731e+02
4.427664358125069270e+02
4.427664687795530085e+02
4.427665015669246600e+02
4.427665341757657984e+02
4.427665666072092563e+02
4.427665988623765543e+02
4.427666309423790949e+02
4.427666628483175373e+02
4.427666945812840709e+02
4.427667261423609375e+02
4.427667575326223641e+02
4.427667887531352449e+02
4.427668198049589137e+02
4.427668506891455991e+02
4.427668814067405947e+02
4.427669119587830551e+02
4.427669423463048020e+02
4.427669725703312338e+02
4.427670026318799614e+02
4.427670325319621725e+02
4.427670622715803574e+02
4.427670918517294467e+02
4.427671212733957873e+02
4.427671505375575407e+02
4.427671796451837736e+02
4.427672085972349123e+02
4.427672373946632547e+02
4.427672660384120036e+02
4.427672945294161764e+02
4.427673228686034577e+02
4.427673510568934603e+02
4.427673790951989758e+02
4.427674069844255769e+02
4.427674347254727536e+02
4.427674623192339709e+02
4.427674897665965545e+02
4.427675170684418617e+02
4.427675442256464180e+02
4.427675712390798708e+02
4.427675981096074338e+02
4.427676248380871584e+02
4.427676514253723781e+02
4.427676778723090933e+02
4.427677041797374500e+02
4.427677303484911135e+02
4.427677563793970421e+02
4.427677822732749746e+02
4.427678080309383972e+02
4.427678336531936907e+02
4.427678591408414377e+02
4.427678844946742629e+02
4.427679097154798455e+02
4.427679348040394984e+02
4.427679597611285658e+02
4.427679845875163664e+02
4.427680092839677286e+02
4.427680338512421940e+02
4.427680582900941317e+02
4.427680826012727948e+02
4.427681067855231731e+02
4.427681308435853680e+02
4.427681547761942511e+02
4.427681785840807152e+02
4.427682022679699685e+02
4.427682258285821035e+02
4.427682492666328926e+02
4.427682725828321395e+02
4.427682957778846458e+02
4.427683188524896423e+02
4.427683418073411872e+02
4.427683646431282227e+02
4.427683873605337794e+02
4.427684099602362835e+02
4.427684324429088178e+02
4.427684548092202590e+02
4.427684770598334012e+02
4.427684991954079692e+02
4.427685212165980602e+02
4.427685431240543039e+02
4.427685649184227827e+02
4.427685866003454294e+02
4.427686081704604817e+02
4.427686296294018575e+02
4.427686509777993820e+02
4.427686722162795263e+02
4.427686933454635891e+02
4.427687143659696289e+02
4.427687352784112704e+02
4.427687560833976477e+02
4.427687767815341431e+02
4.427687973734209663e+02
4.427688178596548596e+02
4.427688382408283019e+02
4.427688585175284288e+02
4.427688786903393066e+02
4.427688987598409653e+02
4.427689187266084332e+02
4.427689385912140665e+02
4.427689583542251626e+02
4.427689780162061197e+02
4.427689975777181530e+02
4.427690170393183280e+02
4.427690364015596742e+02
4.427690556649932319e+02
4.427690748301652661e+02
4.427690938976197685e+02
4.427691128678966379e+02
4.427691317415328740e+02
4.427691505190616681e+02
4.427691692010127440e+02
4.427691877879126423e+02
4.427692062802842088e+02
4.427692246786467081e+02
4.427692429835157668e+02
4.427692611954043400e+02
4.427692793148209489e+02
4.427692973422708747e+02
4.427693152782563857e+02
4.427693331232767378e+02
4.427693508778266960e+02
4.427693685423992065e+02
4.427693861174835774e+02
4.427694036035654790e+02
4.427694210011289329e+02
4.427694383106542091e+02
4.427694555326187356e+02
4.427694726674968138e+02
4.427694897157606988e+02
4.427695066778787805e+02
4.427695235543175158e+02
4.427695403455398377e+02
4.427695570520060642e+02
4.427695736741738983e+02
4.427695902124970644e+02
4.427696066674280928e+02
4.427696230394150234e+02
4.427696393289036223e+02
4.427696555363370408e+02
4.427696716621554174e+02
4.427696877067959349e+02
4.427697036706929907e+02
4.427697195542788791e+02
4.427697353579823698e+02
4.427697510822301297e+02
4.427697667274462674e+02
4.427697822940520496e+02
4.427697977824666964e+02
4.427698131931065291e+02
4.427698285263855382e+02
4.427698437827157250e+02
4.427698589625057366e+02
4.427698740661630836e+02
4.427698890940912975e+02
4.427699040466930569e+02
4.427699189243672322e+02
4.427699337275111020e+02
4.427699484565195007e+02
4.427699631117846479e+02
4.427699776936955800e+02
4.427699922026405375e+02
4.427700066390043503e+02
4.427700210031692336e+02
4.427700352955164931e+02
4.427700495164230574e+02
4.427700636662652869e+02
4.427700777454169838e+02
4.427700917542489947e+02
4.427701056931311427e+02
4.427701195624302386e+02
4.427701333625109896e+02
4.427701470937370800e+02
4.427701607564687265e+02
4.427701743510644974e+02
4.427701878778819378e+02
4.427702013372749548e+02
4.427702147295959776e+02
4.427702280551957301e+02
4.427702413144227194e+02
4.427702545076234628e+02
4.427702676351417495e+02
4.427702806973201177e+02
4.427702936944990597e+02
4.427703066270162253e+02
4.427703194952087529e+02
4.427703322994100290e+02
4.427703450399532699e+02
4.427703577171679967e+02
4.427703703313829919e+02
4.427703828829253325e+02
4.427703953721191397e+02
4.427704077992880229e+02
4.427704201647526929e+02
4.427704324688323823e+02
4.427704447118450730e+02
4.427704568941061893e+02
4.427704690159299048e+02
4.427704810776279487e+02
4.427704930795111977e+02
4.427705050218883684e+02
4.427705169050660743e+02
4.427705287293496212e+02
4.427705404950422121e+02
4.427705522024459128e+02
4.427705638518602314e+02
4.427705754435837662e+02
4.427705869779127852e+02
4.427705984551421352e+02
4.427706098755651283e+02
4.427706212394730301e+02
4.427706325471556283e+02
4.427706437989018582e+02
4.427706549949976989e+02
4.427706661357286180e+02
4.427706772213776958e+02
4.427706882522275009e+02
4.427706992285578167e+02
4.427707101506478580e+02
4.427707210187745090e+02
4.427707318332139721e+02
4.427707425942403461e+02
4.427707533021267068e+02
4.427707639571434015e+02
4.427707745595610049e+02
4.427707851096473632e+02
4.427707956076690152e+02
4.427708060538916470e+02
4.427708164485785005e+02
4.427708267919920786e+02
4.427708370843933494e+02
4.427708473260412916e+02
4.427708575171943721e+02
4.427708676581088980e+02
4.427708777490400962e+02
4.427708877902415452e+02
4.427708977819655161e+02
4.427709077244634841e+02
4.427709176179847645e+02
4.427709274627776495e+02
4.427709372590891235e+02
4.427709470071648639e+02
4.427709567072493542e+02
4.427709663595849747e+02
4.427709759644142196e+02
4.427709855219767974e+02
4.427709950325119053e+02
4.427710044962572056e+02
4.427710139134493375e+02
4.427710232843230074e+02
4.427710326091128650e+02
4.427710418880508314e+02
4.427710511213684299e+02
4.427710603092957058e+02
4.427710694520618517e+02
4.427710785498937867e+02
4.427710876030185432e+02
4.427710966116611075e+02
4.427711055760454428e+02
4.427711144963943184e+02
4.427711233729293099e+02
4.427711322058709129e+02
4.427711409954382020e+02
4.427711497418495696e+02
4.427711584453217597e+02
4.427711671060704930e+02
4.427711757243103534e+02
4.427711843002550154e+02
4.427711928341167891e+02
4.427712013261069046e+02
4.427712097764349437e+02
4.427712181853104312e+02
4.427712265529409024e+02
4.427712348795333241e+02
4.427712431652931286e+02
4.427712514104250658e+02
4.427712596151324078e+02
4.427712677796177445e+02
4.427712759040817332e+02
4.427712839887256564e+02
4.427712920337478408e+02
4.427713000393467269e+02
4.427713080057196748e+02
4.427713159330621693e+02
4.427713238215700358e+02
4.427713316714363714e+02
4.427713394828551827e+02
4.427713472560180321e+02
4.427713549911155155e+02
4.427713626883380016e+02
4.427713703478746083e+02
4.427713779699129759e+02
4.427713855546404602e+02
4.427713931022428824e+02
4.427714006129052677e+02
4.427714080868119595e+02
4.427714155241457092e+02
4.427714229250887001e+02
4.427714302898227174e+02
4.427714376185272727e+02
4.427714449113822184e+02
4.427714521685655313e+02
4.427714593902550178e+02
4.427714665766270628e+02
4.427714737278570851e+02
4.427714808441203900e+02
4.427714879255902929e+02
4.427714949724396547e+02
4.427715019848407110e+02
4.427715089629648446e+02
4.427715159069819038e+02
4.427715228170612249e+02
4.427715296933713489e+02
4.427715365360800774e+02
4.427715433453543028e+02
4.427715501213593257e+02
4.427715568642606740e+02
4.427715635742221139e+02
4.427715702514073541e+02
4.427715768959786260e+02
4.427715835080977058e+02
4.427715900879251762e+02
4.427715966356211084e+02
4.427716031513447206e+02
4.427716096352544355e+02
4.427716160875075389e+02
4.427716225082612027e+02
4.427716288976704959e+02
4.427716352558913400e+02
4.427716415830778374e+02
4.427716478793832948e+02
4.427716541449606780e+02
4.427716603799618724e+02
4.427716665845377406e+02
4.427716727588394861e+02
4.427716789030158679e+02
4.427716850172166119e+02
4.427716911015889423e+02
4.427716971562809363e+02
4.427717031814386814e+02
4.427717091772082654e+02
4.427717151437349230e+02
4.427717210811626956e+02
4.427717269896355106e+02
4.427717328692958176e+02
4.427717387202865211e+02
4.427717445427484222e+02
4.427717503368224357e+02
4.427717561026485100e+02
4.427717618403658548e+02
4.427717675501135659e+02
4.427717732320292612e+02
4.427717788862499901e+02
4.427717845129120633e+02
4.427717901121517343e+02
4.427717956841038927e+02
4.427718012289028024e+02
4.427718067466825573e+02
4.427718122375760004e+02
4.427718177017154630e+02
4.427718231392330495e+02
4.427718285502591016e+02
4.427718339349247572e+02
4.427718392933592213e+02
4.427718446256918696e+02
4.427718499320509977e+02
4.427718552125643896e+02
4.427718604673590335e+02
4.427718656965618607e+02
4.427718709002980404e+02
4.427718760786932535e+02
4.427718812318719301e+02
4.427718863599582733e+02
4.427718914630752352e+02
4.427718965413457681e+02
4.427719015948916876e+02
4.427719066238346954e+02
4.427719116282955270e+02
4.427719166083948039e+02
4.427719215642516701e+02
4.427719264959854399e+02
4.427719314037144613e+02
4.427719362875567413e+02
4.427719411476292635e+02
4.427719459840491254e+02
4.427719507969318329e+02
4.427719555863932328e+02
4.427719603525484899e+02
4.427719650955113480e+02
4.427719698153961190e+02
4.427719745123156940e+02
4.427719791863829641e+02
4.427719838377096266e+02
4.427719884664073788e+02
4.427719930725872928e+02
4.427719976563596447e+02
4.427720022178344266e+02
4.427720067571206073e+02
4.427720112743272125e+02
4.427720157695621310e+02
4.427720202429332517e+02
4.427720246945481222e+02
4.427720291245124713e+02
4.427720335329328805e+02
4.427720379199148510e+02
4.427720422855630318e+02
4.427720466299824125e+02
4.427720509532767323e+02
4.427720552555493896e+02
4.427720595369031571e+02
4.427720637974404099e+02
4.427720680372635798e+02
4.427720722564735070e+02
4.427720764551713728e+02
4.427720806334573354e+02
4.427720847914312685e+02
4.427720889291928188e+02
4.427720930468406095e+02
4.427720971444731504e+02
4.427721012221882120e+02
4.427721052800832808e+02
4.427721093182555023e+02
4.427721133368012261e+02
4.427721173358162332e+02
4.427721213153961344e+02
4.427721252756360286e+02
4.427721292166302760e+02
4.427721331384730092e+02
4.427721370412579063e+02
4.427721409250781335e+02
4.427721447900264025e+02
4.427721486361946290e+02
4.427721524636750701e+02
4.427721562725587319e+02
4.427721600629365071e+02
4.427721638348985493e+02
4.427721675885353534e+02
4.427721713239360497e+02
4.427721750411898824e+02
4.427721787403853568e+02
4.427721824216105801e+02
4.427721860849536029e+02
4.427721897305015659e+02
4.427721933583413829e+02
4.427721969685593990e+02
4.427722005612417888e+02
4.427722041364738743e+02
4.427722076943411480e+02
4.427722112349283634e+02
4.427722147583198193e+02
4.427722182645990756e+02
4.427722217538502036e+02
4.427722252261559674e+02
4.427722286815991311e+02
4.427722321202616627e+02
4.427722355422259284e+02
4.427722389475732143e+02
4.427722423363844655e+02
4.427722457087403996e+02
4.427722490647211089e+02
4.427722524044067427e+02
4.427722557278767113e+02
4.427722590352097995e+02
4.427722623264853610e+02
4.427722656017809868e+02
4.427722688611745525e+02
4.427722721047443315e+02
4.427722753325670624e+02
4.427722785447190290e+02
4.427722817412772542e+02
4.427722849223179651e+02
4.427722880879160243e+02
4.427722912381472042e+02
4.427722943730861971e+02
4.427722974928072404e+02
4.427723005973853674e+02
4.427723036868935651e+02
4.427723067614056163e+02
4.427723098209946215e+02
4.427723128657331699e+02
4.427723158956933389e+02
4.427723189109474902e+02
4.427723219115673601e+02
4.427723248976238892e+02
4.427723278691880182e+02
4.427723308263307445e+02
4.427723337691217580e+02
4.427723366976316584e+02
4.427723396119292829e+02
4.427723425120841512e+02
4.427723453981650437e+02
4.427723482702405704e+02
4.427723511283790572e+02
4.427723539726480340e+02
4.427723568031152013e+02
4.427723596198478049e+02
4.427723624229126358e+02
4.427723652123764850e+02
4.427723679883050067e+02
4.427723707507645940e+02
4.427723734998206737e+02
4.427723762355381041e+02
4.427723789579821414e+02
4.427723816672174735e+02
4.427723843633084471e+02
4.427723870463184426e+02
4.427723897163118636e+02
4.427723923733515221e+02
4.427723950175007985e+02
4.427723976488221069e+02
4.427724002673780319e+02
4.427724028732305896e+02
4.427724054664415121e+02
4.427724080470726449e+02
4.427724106151846399e+02
4.427724131708137065e+02
4.427724157140677903e+02
4.427724182449859427e+02
4.427724207636275082e+02
4.427724232700523999e+02
4.427724257643200190e+02
4.427724282464890280e+02
4.427724307166182030e+02
4.427724331747664905e+02
4.427724356209916436e+02
4.427724380553518131e+02
4.427724404779048086e+02
4.427724428887075874e+02
4.427724452878176749e+02
4.427724476752915734e+02
4.427724500511860128e+02
4.427724524155575523e+02
4.427724547684613299e+02
4.427724571099539048e+02
4.427724594400906994e+02
4.427724617589263971e+02
4.427724640665163633e+02
4.427724663629150541e+02
4.427724686481770391e+02
4.427724709223562627e+02
4.427724731855064988e+02
4.427724754376816918e+02
4.427724776789350472e+02
4.427724799093194292e+02
4.427724821288878729e+02
4.427724843376932427e+02
4.427724865357873796e+02
4.427724887232226934e+02
4.427724909000507978e+02
4.427724930663233636e+02
4.427724952220914361e+02
4.427724973674066291e+02
4.427724995023188512e+02
4.427725016268794889e+02
4.427725037411382800e+02
4.427725058451454743e+02
4.427725079389507528e+02
4.427725100226040809e+02
4.427725120961541734e+02
4.427725141596501430e+02
4.427725162131414436e+02
4.427725182566760509e+02
4.427725202903025661e+02
4.427725223140688513e+02
4.427725243280234508e+02
4.427725263322133173e+02
4.427725283266865972e+02
4.427725303114895610e+02
4.427725322866700708e+02
4.427725342522742267e+02
4.427725362083490381e+02
4.427725381549406052e+02
4.427725400920946868e+02
4.427725420198577240e+02
4.427725439382747936e+02
4.427725458473914841e+02
4.427725477472527018e+02
4.427725496379039214e+02
4.427725515193894807e+02
4.427725533917538314e+02
4.427725552550413681e+02
4.427725571092962014e+02
4.427725589545622142e+02
4.427725607908827214e+02
4.427725626183017766e+02
4.427725644368618987e+02
4.427725662466065160e+02
4.427725680475782610e+02
4.427725698398197096e+02
4.427725716233737216e+02
4.427725733982819065e+02
4.427725751645862147e+02
4.427725769223285965e+02
4.427725786715508320e+02
4.427725804122943032e+02
4.427725821445994825e+02
4.427725838685079793e+02
4.427725855840605504e+02
4.427725872912973841e+02
4.427725889902591803e+02
4.427725906809859566e+02
4.427725923635172762e+02
4.427725940378937253e+02
4.427725957041543552e+02
4.427725973623383879e+02
4.427725990124855002e+02
4.427726006546344593e+02
4.427726022888239754e+02
4.427726039150927591e+02
4.427726055334795774e+02
4.427726071440220608e+02
4.427726087467588627e+02
4.427726103417273862e+02
4.427726119289656026e+02
4.427726135085109149e+02
4.427726150804008967e+02
4.427726166446721550e+02
4.427726182013625476e+02
4.427726197505081700e+02
4.427726212921453453e+02
4.427726228263114763e+02
4.427726243530419197e+02
4.427726258723731689e+02
4.427726273843412628e+02
4.427726288889816146e+02
4.427726303863296948e+02
4.427726318764213147e+02
4.427726333592912624e+02
4.427726348349747809e+02
4.427726363035066015e+02
4.427726377649216829e+02
4.427726392192543017e+02
4.427726406665387913e+02
4.427726421068094282e+02
4.427726435401002618e+02
4.427726449664451707e+02
4.427726463858779198e+02
4.427726477984318763e+02
4.427726492041401798e+02
4.427726506030367091e+02
4.427726519951540354e+02
4.427726533805251279e+02
4.427726547591826147e+02
4.427726561311592377e+02
4.427726574964874544e+02
4.427726588551992677e+02
4.427726602073266804e+02
4.427726615529021501e+02
4.427726628919569407e+02
4.427726642245229414e+02
4.427726655506314728e+02
4.427726668703139126e+02
4.427726681836014677e+02
4.427726694905251179e+02
4.427726707911157860e+02
4.427726720854041105e+02
4.427726733734206732e+02
4.427726746551957717e+02
4.427726759307598741e+02
4.427726772001430504e+02
4.427726784633754846e+02
4.427726797204863942e+02
4.427726809715059630e+02
4.427726822164637497e+02
4.427726834553889717e+02
4.427726846883109033e+02
4.427726859152586485e+02
4.427726871362611973e+02
4.427726883513474831e+02
4.427726895605461550e+02
4.427726907638855778e+02
4.427726919613942300e+02
4.427726931531003629e+02
4.427726943390321139e+02
4.427726955192178480e+02
4.427726966936851341e+02
4.427726978624616549e+02
4.427726990255748660e+02
4.427727001830527342e+02
4.427727013349219192e+02
4.427727024812101035e+02
4.427727036219442880e+02
4.427727047571513594e+02
4.427727058868578069e+02
4.427727070110906880e+02
4.427727081298762641e+02
4.427727092432412519e+02
4.427727103512119697e+02
4.427727114538142814e+02
4.427727125510740507e+02
4.427727136430177097e+02
4.427727147296707813e+02
4.427727158110585606e+02
4.427727168872070820e+02
4.427727179581416976e+02
4.427727190238873050e+02
4.427727200844694835e+02
4.427727211399130738e+02
4.427727221902431438e+02
4.427727232354840226e+02
4.427727242756610053e+02
4.427727253107979664e+02
4.427727263409200873e+02
4.427727273660510718e+02
4.427727283862154763e+02
4.427727294014372319e+02
4.427727304117402127e+02
4.427727314171484636e+02
4.427727324176855177e+02
4.427727334133750219e+02
4.427727344042407367e+02
4.427727353903056269e+02
4.427727363715932825e+02
4.427727373481269524e+02
4.427727383199290898e+02
4.427727392870231711e+02
4.427727402494319335e+02
4.427727412071780009e+02
4.427727421602839399e+02
4.427727431087723744e+02
4.427727440526655300e+02
4.427727449919859168e+02
4.427727459267554764e+02
4.427727468569961502e+02
4.427727477827301072e+02
4.427727487039791185e+02
4.427727496207651825e+02
4.427727505331096722e+02
4.427727514410342451e+02
4.427727523445597058e+02
4.427727532437083369e+02
4.427727541385007726e+02
4.427727550289584428e+02
4.427727559151019250e+02
4.427727567969527058e+02
4.427727576745308511e+02
4.427727585478576771e+02
4.427727594169535337e+02
4.427727602818392825e+02
4.427727611425348755e+02
4.427727619990607195e+02
4.427727628514371645e+02
4.427727636996841056e+02
4.427727645438216655e+02
4.427727653838697961e+02
4.427727662198483358e+02
4.427727670517771230e+02
4.427727678796753139e+02
4.427727687035630879e+02
4.427727695234594876e+02
4.427727703393838965e+02
4.427727711513554141e+02
4.427727719593936513e+02
4.427727727635170822e+02
4.427727735637454884e+02
4.427727743600968893e+02
4.427727751525906115e+02
4.427727759412446744e+02
4.427727767260788596e+02
4.427727775071107317e+02
4.427727782843589921e+02
4.427727790578418876e+02
4.427727798275778355e+02
4.427727805935847982e+02
4.427727813558810226e+02
4.427727821144846416e+02
4.427727828694131063e+02
4.427727836206843790e+02
4.427727843683161382e+02
4.427727851123264031e+02
4.427727858527323406e+02
4.427727865895516288e+02
4.427727873228013209e+02
4.427727880524992656e+02
4.427727887786622887e+02
4.427727895013073862e+02
4.427727902204518955e+02
4.427727909361128127e+02
4.427727916483067361e+02
4.427727923570505482e+02
4.427727930623611883e+02
4.427727937642550273e+02
4.427727944627489478e+02
4.427727951578590364e+02
4.427727958496017209e+02
4.427727965379937700e+02
4.427727972230508726e+02
4.427727979047895133e+02
4.427727985832257218e+02
4.427727992583754713e+02
4.427727999302544504e+02
4.427728005988790869e+02
4.427728012642645581e+02
4.427728019264271211e+02
4.427728025853817826e+02
4.427728032411443451e+02
4.427728038937304973e+02
4.427728045431552459e+02
4.427728051894342229e+02
4.427728058325823781e+02
4.427728064726153434e+02
4.427728071095476707e+02
4.427728077433949352e+02
4.427728083741714045e+02
4.427728090018925968e+02
4.427728096265727800e+02
4.427728102482271311e+02
4.427728108668703726e+02
4.427728114825166585e+02
4.427728120951805977e+02
4.427728127048769124e+02
4.427728133116197569e+02
4.427728139154236260e+02
4.427728145163023896e+02
4.427728151142706565e+02
4.427728157093422965e+02
4.427728163015314635e+02
4.427728168908518001e+02
4.427728174773179717e+02
4.427728180609428819e+02
4.427728186417409120e+02
4.427728192197253634e+02
4.427728197949102196e+02
4.427728203673087251e+02
4.427728209369346928e+02
4.427728215038013673e+02
4.427728220679221067e+02
4.427728226293102125e+02
4.427728231879788723e+02
4.427728237439415580e+02
4.427728242972112298e+02
4.427728248478006776e+02
4.427728253957233164e+02
4.427728259409917655e+02
4.427728264836188146e+02
4.427728270236177650e+02
4.427728275610008382e+02
4.427728280957807669e+02
4.427728286279701706e+02
4.427728291575820094e+02
4.427728296846281069e+02
4.427728302091214232e+02
4.427728307310741229e+02
4.427728312504985411e+02
4.427728317674069558e+02
4.427728322818112474e+02
4.427728327937242057e+02
4.427728333031572561e+02
4.427728338101227905e+02
4.427728343146325756e+02
4.427728348166985484e+02
4.427728353163327597e+02
4.427728358135465783e+02
4.427728363083521685e+02
4.427728368007608992e+02
4.427728372907844232e+02
4.427728377784343365e+02
4.427728382637221785e+02
4.427728387466593176e+02
4.427728392272572364e+02
4.427728397055274172e+02
4.427728401814804329e+02
4.427728406551283342e+02
4.427728411264820352e+02
4.427728415955523360e+02
4.427728420623507191e+02
4.427728425268879278e+02
4.427728429891751603e+02
4.427728434492231600e+02
4.427728439070424997e+02
4.427728443626444914e+02
4.427728448160394237e+02
4.427728452672382673e+02
4.427728457162517088e+02
4.427728461630902643e+02
4.427728466077642224e+02
4.427728470502842697e+02
4.427728474906609222e+02
4.427728479289045822e+02
4.427728483650254816e+02
4.427728487990338522e+02
4.427728492309399257e+02
4.427728496607540478e+02
4.427728500884861091e+02
4.427728505141463984e+02
4.427728509377446926e+02
4.427728513592916784e+02
4.427728517787965075e+02
4.427728521962691843e+02
4.427728526117199976e+02
4.427728530251582129e+02
4.427728534365941755e+02
4.427728538460369236e+02
4.427728542534964618e+02
4.427728546589825669e+02
4.427728550625043908e+02
4.427728554640718244e+02
4.427728558636943603e+02
4.427728562613808663e+02
4.427728566571413467e+02
4.427728570509848396e+02
4.427728574429206105e+02
4.427728578329576976e+02
4.427728582211059347e+02
4.427728586073739621e+02
4.427728589917707609e+02
4.427728593743058809e+02
4.427728597549883602e+02
4.427728601338266117e+02
4.427728605108297870e+02
4.427728608860070949e+02
4.427728612593671187e+02
4.427728616309186691e+02
4.427728620006704432e+02
4.427728623686314791e+02
4.427728627348099053e+02
4.427728630992151011e+02
4.427728634618548540e+02
4.427728638227383726e+02
4.427728641818736719e+02
4.427728645392695626e+02
4.427728648949342869e+02
4.427728652488763146e+02
4.427728656011039448e+02
4.427728659516254766e+02
4.427728663004493228e+02
4.427728666475832142e+02
4.427728669930361320e+02
4.427728673368155228e+02
4.427728676789300266e+02
4.427728680193872037e+02
4.427728683581954670e+02
4.427728686953626607e+02
4.427728690308965724e+02
4.427728693648052740e+02
4.427728696970967803e+02
4.427728700277787652e+02
4.427728703568590731e+02
4.427728706843454347e+02
4.427728710102454670e+02
4.427728713345669576e+02
4.427728716573175802e+02
4.427728719785050657e+02
4.427728722981366332e+02
4.427728726162200701e+02
4.427728729327628798e+02
4.427728732477723952e+02
4.427728735612563469e+02
4.427728738732216129e+02
4.427728741836759809e+02
4.427728744926264994e+02
4.427728748000807286e+02
4.427728751060454897e+02
4.427728754105287408e+02
4.427728757135370188e+02
4.427728760150774860e+02
4.427728763151574185e+02
4.427728766137838647e+02
4.427728769109641576e+02
4.427728772067048340e+02
4.427728775010128288e+02
4.427728777938956455e+02
4.427728780853597641e+02
4.427728783754118922e+02
4.427728786640595331e+02
4.427728789513090533e+02
4.427728792371669897e+02
4.427728795216404478e+02
4.427728798047360783e+02
4.427728800864603045e+02
4.427728803668203454e+02
4.427728806458221698e+02
4.427728809234726555e+02
4.427728811997784533e+02
4.427728814747457022e+02
4.427728817483812236e+02
4.427728820206913838e+02
4.427728822916825493e+02
4.427728825613612571e+02
4.427728828297338168e+02
4.427728830968063676e+02
4.427728833625854463e+02
4.427728836270768511e+02
4.427728838902874600e+02
4.427728841522232983e+02
4.427728844128902779e+02
4.427728846722945946e+02
4.427728849304426717e+02
4.427728851873401368e+02
4.427728854429935268e+02
4.427728856974084692e+02
4.427728859505912169e+02
4.427728862025478520e+02
4.427728864532838884e+02
4.427728867028054651e+02
4.427728869511185508e+02
4.427728871982286591e+02
4.427728874441422136e+02
4.427728876888646710e+02
4.427728879324017157e+02
4.427728881747589185e+02
4.427728884159426457e+02
4.427728886559579564e+02
4.427728888948109898e+02
4.427728891325069753e+02
4.427728893690514838e+02
4.427728896044504268e+02
4.427728898387092613e+02
4.427728900718333875e+02
4.427728903038283192e+02
4.427728905346995134e+02
4.427728907644527681e+02
4.427728909930928580e+02
4.427728912206255814e+02
4.427728914470565655e+02
4.427728916723906423e+02
4.427728918966333254e+02
4.427728921197898444e+02
4.427728923418654290e+02
4.427728925628654224e+02
4.427728927827947700e+02
4.427728930016593836e+02
4.427728932194635831e+02
4.427728934362128257e+02
4.427728936519121703e+02
4.427728938665670739e+02
4.427728940801821977e+02
4.427728942927623166e+02
4.427728945043133990e+02
4.427728947148393672e+02
4.427728949243458487e+02
4.427728951328375047e+02
4.427728953403193373e+02
4.427728955467961782e+02
4.427728957522729161e+02
4.427728959567548372e+02
4.427728961602455797e+02
4.427728963627513394e+02
