0.000000000000000000e+00
-3.574055650561902553e-03
-1.111601811273033036e-02
-1.933714216460558077e-02
-2.808074781546565646e-02
-3.726974936239457747e-02
-4.685471803072971397e-02
-5.679933885795662718e-02
-6.707486772954496246e-02
-7.765747626382335511e-02
-8.852673928591059394e-02
-9.966466657414230212e-02
-1.110550378360244395e-01
-1.226829273520593233e-01
-1.345343568378893906e-01
-1.465960395713636899e-01
-1.588551919688541147e-01
-1.712993966293936410e-01
-1.839165059144249881e-01
-1.966945785712255201e-01
-2.096218443356576699e-01
-2.226866932115285636e-01
-2.358776874369254983e-01
-2.491835951269081306e-01
-2.625934453059812768e-01
-2.760966045913164635e-01
-2.896828761126926111e-01
-3.033426214487349171e-01
-3.170669063555919820e-01
-3.308476708604075611e-01
-3.446779239567945297e-01
-3.585519625595452453e-01
-3.724656136855060140e-01
-3.864164980047348763e-01
-4.004043120223172991e-01
-4.144311253230625880e-01
-4.285016885988284230e-01
-4.426237477026688794e-01
-4.568083588219451485e-01
-4.710701997873911751e-01
-4.854278745615374646e-01
-4.999042037380263537e-01
-5.145265020767055830e-01
-5.293268358918226113e-01
-5.443422561918396241e-01
-5.596149984988869619e-01
-5.751926345237734495e-01
-5.911281520451439064e-01
-6.074799272857944743e-01
-6.243115390790308084e-01
-6.416913569462394662e-01
-6.596918171582046853e-01
-6.783882842380535294e-01
-6.978573830721188642e-01
-7.181746827309325454e-01
-7.394116214774157925e-01
-7.616315882286244232e-01
-7.848851227987552193e-01
-8.092042687075036156e-01
-8.345962079013133916e-01
-8.610364221800637097e-01
-8.884617514873980326e-01
-9.167638385916916377e-01
-9.457835419889306650e-01
-9.753069405901442224e-01
-1.005063523436774631e+00
-1.034727041523296975e+00
-1.063919295812411292e+00
-1.092216861517613324e+00
-1.119160435642811535e+00
-1.144266187251787414e+00
-1.167038236599637457e+00
-1.186981233469168728e+00
-1.203611975343051199e+00
-1.216469110024604561e+00
-1.225120190482357430e+00
-1.229165658309625542e+00
-1.228239680175192916e+00
-1.222008099248114377e+00
-1.210164045597707627e+00
-1.192421942325381679e+00
-1.168510729796821579e+00
-1.138167107701406167e+00
-1.101129478053167077e+00
-1.057133086232738606e+00
-1.005906632046162485e+00
-9.471703879919459723e-01
-8.806356424677233008e-01
-8.060050998749375140e-01
-7.229737296598841567e-01
-6.312294720720501573e-01
-5.304531903674387650e-01
-4.203173228283958451e-01
-3.004828524245795052e-01
-1.705944946643285220e-01
-3.027440746177489928e-02
1.208847774735204439e-01
2.833262875412856374e-01
4.575331795940655866e-01
6.440280611152502388e-01
8.433669097355505073e-01
1.056126041936863658e+00
1.282882411821219648e+00
1.524188792781046686e+00
1.780546705520237083e+00
2.052380857017965354e+00
2.340019059750488850e+00
2.643680982371506616e+00
2.963477730903036900e+00
3.299422462011875723e+00
3.651450393342543066e+00
4.019445106539251356e+00
4.403267228843560588e+00
4.802781540435034913e+00
5.217879207968621813e+00
5.648492969072890446e+00
6.094604402246659447e+00
6.556243641245487197e+00
7.033482835194718064e+00
7.526425216486131831e+00
8.035191812937227951e+00
8.559907692904971555e+00
9.100689262509149557e+00
9.657633650525895064e+00
1.023081071282240373e+01
1.082025773376517463e+01
1.142597654001690444e+01
1.204793249256738363e+01
1.268605468805117198e+01
1.334023667091355492e+01
1.401033701654387187e+01
1.469617927041508665e+01
1.539755089555433187e+01
1.611420106596347068e+01
1.684583732386374777e+01
1.759212127423825223e+01
1.835266360635921501e+01
1.912701880056124537e+01
1.991467989761849822e+01
2.071507368253799086e+01
2.152755657394322952e+01
2.235141142725058216e+01
2.318584536816081254e+01
2.402998868532142751e+01
2.488289473696966070e+01
2.574354077249859074e+01
2.661082953831180475e+01
2.748359152702943220e+01
2.836058773638359298e+01
2.924051282340542457e+01
3.012199856532350850e+01
3.100361756518827860e+01
3.188388716378796062e+01
3.276127353689315669e+01
3.363419596727555927e+01
3.450103128433664779e+01
3.536011846194173813e+01
3.620976335890924247e+01
3.704824357897177833e+01
3.787381341961582848e+01
3.868470887421665338e+01
3.947915264989330808e+01
4.025535916552047411e+01
4.101153949980366065e+01
4.174590626774738666e+01
4.245667841402973863e+01
4.314208592231773309e+01
4.380037444918124834e+01
4.442980989874646980e+01
4.502868295874921500e+01
4.559531361985656872e+01
4.612805569797583871e+01
4.662530137428956323e+01
4.708548576060668012e+01
4.750709148916986635e+01
4.788865331725102692e+01
4.822876272846263390e+01
4.852607250535446326e+01
4.877930124198270079e+01
4.898723776094133342e+01
4.914874539688381816e+01
4.926276610773577147e+01
4.932832437555134675e+01
4.934453086099641439e+01
4.931058577874509297e+01
4.922578196533925166e+01
4.908950761627176007e+01
4.890124867491257987e+01
4.866059086226439945e+01
4.836722134314376831e+01
4.802093003088162959e+01
4.762161053874831396e+01
4.716926079166879049e+01
4.666398331605506655e+01
4.610598522858310844e+01
4.549557794618345952e+01
4.483317663952561816e+01
4.411929945072301962e+01
4.335456649324061118e+01
4.253969864816485824e+01
4.167963836721742155e+01
4.076028687909331438e+01
3.979081331676633226e+01
3.877094488460852517e+01
3.769991338943276560e+01
3.657652689819838088e+01
3.539910781081459845e+01
3.416537367575671169e+01
3.287233945198312313e+01
3.151635027488151763e+01
3.009335209303054626e+01
2.859946031658773791e+01
2.703180276156660966e+01
2.538951784945004420e+01
2.367471445127023344e+01
2.189317286782562633e+01
2.005459863988915004e+01
1.817232448886170459e+01
1.626246753196448935e+01
1.434265885714052047e+01
1.243054313871931527e+01
1.054228005611366825e+01
8.691263472314290084e+00
6.887218117064946910e+00
5.135754792816271674e+00
3.438384122496586315e+00
1.792922576173168636e+00
1.941830875887262664e-01
-1.365171694364676114e+00
-2.893726784693456011e+00
-4.400452604214706298e+00
-5.893943431034131208e+00
-7.381789288364700496e+00
-8.870092932611157721e+00
-1.036313080183794000e+01
-1.186315134053614884e+01
-1.337030350832088743e+01
-1.488268945189679471e+01
-1.639653561948620109e+01
-1.790647439022086473e+01
-1.940592319272400346e+01
-2.088754084853894710e+01
-2.234373302255056615e+01
-2.376717201208953156e+01
-2.515129229576677972e+01
-2.649072338266142879e+01
-2.778162589929280557e+01
-2.902190511229042613e+01
-3.021128717160581800e+01
-3.135125584885702210e+01
-3.244485990166600686e+01
-3.349641202184443500e+01
-3.451110855637870145e+01
-3.549460419072778450e+01
-3.645257736883553434e+01
-3.739032060325155271e+01
-3.831238550811326604e+01
-3.922230605232408607e+01
-4.012241593299398801e+01
-4.101376784138500398e+01
-4.189615438564356964e+01
-4.276822308487732016e+01
-4.362767157585290079e+01
-4.447150428004596279e+01
-4.529632846357480958e+01
-4.609866598934752346e+01
-4.687525712266364053e+01
-4.762333443301258740e+01
-4.834084797139394141e+01
-4.902662724375903736e+01
-4.968047071912576484e+01
-5.030315931723026779e+01
-5.089639609148775889e+01
-5.146267973062964529e+01
-5.200512414982677001e+01
-5.252723999646246966e+01
-5.303269611689273688e+01
-5.352507979044742115e+01
-5.400767382858822430e+01
-5.448326657181570454e+01
-5.495400761039195459e+01
-5.542131800537504205e+01
-5.588585924566262975e+01
-5.634756051857215198e+01
-5.680569946104162682e+01
-5.725902772264879559e+01
-5.770592967649736238e+01
-5.814460064700489283e+01
-5.857323018426660610e+01
-5.899017621169059566e+01
-5.939411722951319916e+01
-5.978417201848736795e+01
-6.015997924186081036e+01
-6.052173273507605700e+01
-6.087017182576681762e+01
-6.120652946716000997e+01
-6.153244404212574636e+01
-6.184984318798183267e+01
-6.216080974177691587e+01
-6.246744081280735372e+01
-6.277171102188918894e+01
-6.307535014064632151e+01
-6.337974381594335682e+01
-6.368586392378227856e+01
-6.399423255142949074e+01
-6.430492086708869692e+01
-6.461758142024393692e+01
-6.493150992891213491e+01
-6.524573053284706248e+01
-6.555909696536599540e+01
-6.587040121415890326e+01
-6.617848104293472034e+01
-6.648231821661897811e+01
-6.678112034783833906e+01
-6.707438085271809314e+01
-6.736191342747866884e+01
-6.764385957081310607e+01
-6.792066981017154603e+01
-6.819306127834295239e+01
-6.846195598409133254e+01
-6.872840540975892054e+01
-6.899350786887623599e+01
-6.925832532807498865e+01
-6.952380614246141022e+01
-6.979071941460023254e+01
-7.005960554233547555e+01
-7.033074607513623278e+01
-7.060415437666688376e+01
-7.087958692486643031e+01
-7.115657349998218706e+01
-7.143446313344850296e+01
-7.171248161348103167e+01
-7.198979563658264169e+01
-7.226557839636797098e+01
-7.253907151745761439e+01
-7.280963874586950624e+01
-7.307680764288016917e+01
-7.334029661783745269e+01
-7.360002588215161268e+01
-7.385611220853741088e+01
-7.410884863371023812e+01
-7.435867135447290366e+01
-7.460611695680358935e+01
-7.485177372611940427e+01
-7.509623107955758314e+01
-7.534003112898483323e+01
-7.558362604300657495e+01
-7.582734426715217069e+01
-7.607136784234194238e+01
-7.631572210492220165e+01
-7.656027803703460677e+01
-7.680476654462012220e+01
-7.704880304770057364e+01
-7.729192003855922621e+01
-7.753360474733983665e+01
-7.777333878231547715e+01
-7.801063659413296136e+01
-7.824507984029679619e+01
-7.847634516981435127e+01
-7.870422356461750724e+01
-7.892863010893159981e+01
-7.914960384805164040e+01
-7.936729818048468132e+01
-7.958196294167765927e+01
-7.979391993122783333e+01
-8.000353406764850206e+01
-8.021118259892017477e+01
-8.041722484232235502e+01
-8.062197477850224914e+01
-8.082567850215235694e+01
-8.102849806765800622e+01
-8.123050270463392053e+01
-8.143166776340706292e+01
-8.163188113418306102e+01
-8.183095631376045276e+01
-8.202865081243851364e+01
-8.222468823493591117e+01
-8.241878215514134354e+01
-8.261065984592994482e+01
-8.280008401996985867e+01
-8.298687097142101265e+01
-8.317090385759416904e+01
-8.335214029191797636e+01
-8.353061389769288780e+01
-8.370642995701450673e+01
-8.387975574288691405e+01
-8.405080651094147015e+01
-8.421982842295420824e+01
-8.438707985842705739e+01
-8.455281263336689790e+01
-8.471725458731162917e+01
-8.488059483037926611e+01
-8.504297267952921402e+01
-8.520447098175543488e+01
-8.536511415044060413e+01
-8.552487086001104899e+01
-8.568366098368068151e+01
-8.584136604641651047e+01
-8.599784222278395873e+01
-8.615293475280981284e+01
-8.630649258702294446e+01
-8.645838210517604239e+01
-8.660849887514820011e+01
-8.675677661581283928e+01
-8.690319278179674711e+01
-8.704777047657813682e+01
-8.719057669951604339e+01
-8.733171721828398404e+01
-8.747132860905583129e+01
-8.760956820466225281e+01
-8.774660282259657151e+01
-8.788259720271645392e+01
-8.801770306750495365e+01
-8.815204963020414652e+01
-8.828573622797750886e+01
-8.841882756259144571e+01
-8.855135180706685105e+01
-8.868330160219250047e+01
-8.881463774029907654e+01
-8.894529513277416299e+01
-8.907519049690705515e+01
-8.920423108771115039e+01
-8.933232374779487373e+01
-8.945938355474345371e+01
-8.958534140789129196e+01
-8.971015000746916712e+01
-8.983378782822188668e+01
-8.995626086338006644e+01
-9.007760209873941903e+01
-9.019786885574802682e+01
-9.031713830316505209e+01
-9.043550156717896016e+01
-9.055305696112185387e+01
-9.066990290245496453e+01
-9.078613108495846973e+01
-9.090182042986691613e+01
-9.101703225648276430e+01
-9.113180699869542423e+01
-9.124616265907667412e+01
-9.136009504825040040e+01
-9.147357971565827484e+01
-9.158657534963379021e+01
-9.169902831935280574e+01
-9.181087795593930423e+01
-9.192206212942335242e+01
-9.203252267406037390e+01
-9.214221024552290373e+01
-9.225108825564956305e+01
-9.235913561776260394e+01
-9.246634813995405011e+01
-9.257273851644544038e+01
-9.267833497888841521e+01
-9.278317877164806760e+01
-9.288732070006818731e+01
-9.299081706257635460e+01
-9.309372531241751858e+01
-9.319609980110743663e+01
-9.329798793428801673e+01
-9.339942702421188869e+01
-9.350044205641825101e+01
-9.360104450728283609e+01
-9.370123226104288960e+01
-9.380099058670799650e+01
-9.390029405400042606e+01
-9.399910919907893003e+01
-9.409739770015124805e+01
-9.419511979338744823e+01
-9.429223765218989683e+01
-9.438871846752158490e+01
-9.448453700157102730e+01
-9.457967743791408566e+01
-9.467413441394506890e+01
-9.476791319017138449e+01
-9.486102898048068255e+01
-9.495350553206577615e+01
-9.504537309866589112e+01
-9.513666599208573871e+01
-9.522741992205362749e+01
-9.531766934205614916e+01
-9.540744500900359526e+01
-9.549677193890642002e+01
-9.558566790196107377e+01
-9.567414255201708784e+01
-9.576219723165655751e+01
-9.584982543940509458e+01
-9.593701389428940729e+01
-9.602374408889636470e+01
-9.610999418847740117e+01
-9.619574111254723903e+01
-9.628096262814216288e+01
-9.636563929021087915e+01
-9.644975608361886543e+01
-9.653330365080040565e+01
-9.661627902649354382e+01
-9.669868584292765945e+01
-9.678053401190322802e+01
-9.686183893085103591e+01
-9.694262029528471203e+01
-9.702290062732544129e+01
-9.710270364756746631e+01
-9.718205262437822967e+01
-9.726096883074973221e+01
-9.733947022486938749e+01
-9.741757044805467558e+01
-9.749527820484098584e+01
-9.757259705730655241e+01
-9.764952563187495116e+01
-9.772605820458642256e+01
-9.780218560264790995e+01
-9.787789633789100208e+01
-9.795317787324847814e+01
-9.802801791712579416e+01
-9.810240564283662934e+01
-9.817633274058249526e+01
-9.824979422647425054e+01
-9.832278895540861186e+01
-9.839531981007286277e+01
-9.846739356492804518e+01
-9.853902044956595319e+01
-9.861021345833944451e+01
-9.868098747108200541e+01
-9.875135826175505827e+01
-9.882134147741027164e+01
-9.889095166862438191e+01
-9.896020144511868466e+01
-9.902910081729561398e+01
-9.909765676726385664e+01
-9.916587307311363020e+01
-9.923375038929401626e+01
-9.930128656580029656e+01
-9.936847717087516685e+01
-9.943531616749208979e+01
-9.950179668396117449e+01
-9.956791181418901715e+01
-9.963365538353093598e+01
-9.969902262162901252e+01
-9.976401069343137351e+01
-9.982861905278730319e+01
-9.989284959845485901e+01
-9.995670662872436196e+01
-1.000201966067956505e+02
-1.000833277634048386e+02
-1.001461095747983450e+02
-1.002085521623330919e+02
-1.002706656641340714e+02
-1.003324596293034574e+02
-1.003939424812277252e+02
-1.004551210891675623e+02
-1.005160004771121862e+02
-1.005765836869156260e+02
-1.006368717998956868e+02
-1.006968641084765181e+02
-1.007565584180528617e+02
-1.008159514498956923e+02
-1.008750393092356603e+02
-1.009338179790898380e+02
-1.009922838000617844e+02
-1.010504338991412965e+02
-1.011082665361165027e+02
-1.011657813440114637e+02
-1.012229794492794781e+02
-1.012798634675165772e+02
-1.013364373804252523e+02
-1.013927063087967895e+02
-1.014486762038329744e+02
-1.015043534845523823e+02
-1.015597446521008465e+02
-1.016148559122460142e+02
-1.016696928353845237e+02
-1.017242600791844893e+02
-1.017785611929916172e+02
-1.018325985159186757e+02
-1.018863731726507353e+02
-1.019398851631879666e+02
-1.019931335355287843e+02
-1.020461166242455988e+02
-1.020988323335037649e+02
-1.021512784404493459e+02
-1.022034528943751184e+02
-1.022553540884043173e+02
-1.023069810836295801e+02
-1.023583337701815026e+02
-1.024094129553421908e+02
-1.024602203749548153e+02
-1.025107586305470591e+02
-1.025610310603088919e+02
-1.026110415569301608e+02
-1.026607943488602928e+02
-1.027102937637727109e+02
-1.027595439935648756e+02
-1.028085488792942215e+02
-1.028573117321002428e+02
-1.029058352026372631e+02
-1.029541212072233520e+02
-1.030021709140859798e+02
-1.030499847882445010e+02
-1.030975626890156605e+02
-1.031449040102631898e+02
-1.031920078505846163e+02
-1.032388731988128825e+02
-1.032854991196543892e+02
-1.033318849248841502e+02
-1.033780303173278980e+02
-1.034239354974905041e+02
-1.034696012260742464e+02
-1.035150288393886058e+02
-1.035602202184534804e+02
-1.036051777162086296e+02
-1.036499040503435367e+02
-1.036944021716093971e+02
-1.037386751190343261e+02
-1.037827258739100671e+02
-1.038265572241114114e+02
-1.038701716489135833e+02
-1.039135712324886072e+02
-1.039567576116313035e+02
-1.039997319603560868e+02
-1.040424950109917859e+02
-1.040850471085569211e+02
-1.041273882927305294e+02
-1.041695183997984486e+02
-1.042114371757215849e+02
-1.042531443909914515e+02
-1.042946399481521667e+02
-1.043359239739095301e+02
-1.043769968892101474e+02
-1.044178594527737118e+02
-1.044585127757667919e+02
-1.044989583077149859e+02
-1.045391977959814085e+02
-1.045792332231188198e+02
-1.046190667279522017e+02
-1.046587005172828526e+02
-1.046981367755332144e+02
-1.047373775795056758e+02
-1.047764248247348178e+02
-1.048152801686944713e+02
-1.048539449945989759e+02
-1.048924203977658181e+02
-1.049307071946271321e+02
-1.049688059527145469e+02
-1.050067170383792927e+02
-1.050444406777253334e+02
-1.050819770254236687e+02
-1.051193262356598552e+02
-1.051564885295671843e+02
-1.051934642539967513e+02
-1.052302539273887305e+02
-1.052668582697001511e+02
-1.053032782147205353e+02
-1.053395149045711605e+02
-1.053755696675666513e+02
-1.054114439819193763e+02
-1.054471394287072030e+02
-1.054826576382844223e+02
-1.055180002346049832e+02
-1.055531687819324702e+02
-1.055881647380018649e+02
-1.056229894170493822e+02
-1.056576439651840928e+02
-1.056921293495049667e+02
-1.057264463612432905e+02
-1.057605956320695100e+02
-1.057945776617468141e+02
-1.058283928544565811e+02
-1.058620415605947187e+02
-1.058955241205265452e+02
-1.059288409067768839e+02
-1.059619923614321237e+02
-1.059949790260183136e+02
-1.060278015618391692e+02
-1.060604607596002324e+02
-1.060929575380116603e+02
-1.061252929319751388e+02
-1.061574680717118326e+02
-1.061894841548830186e+02
-1.062213424141802420e+02
-1.062530440831345118e+02
-1.062845903628960968e+02
-1.063159823925849423e+02
-1.063472212253451517e+02
-1.063783078117824061e+02
-1.064092429917519098e+02
-1.064400274947918206e+02
-1.064706619488009665e+02
-1.065011468959408489e+02
-1.065314828141972612e+02
-1.065616701426741315e+02
-1.065917093084901808e+02
-1.066216007530902630e+02
-1.066513449559442961e+02
-1.066809424538900544e+02
-1.067103938547913913e+02
-1.067396998446865837e+02
-1.067688611881574161e+02
-1.067978787221727544e+02
-1.068267533441813839e+02
-1.068554859956441874e+02
-1.068840776424707428e+02
-1.069125292540771852e+02
-1.069408417827215203e+02
-1.069690161447667833e+02
-1.069970532052425369e+02
-1.070249537667917252e+02
-1.070527185636655076e+02
-1.070803482610524497e+02
-1.071078434595434032e+02
-1.071352047041754645e+02
-1.071624324971600686e+02
-1.071895273131193562e+02
-1.072164896155589986e+02
-1.072433198732079518e+02
-1.072700185749716297e+02
-1.072965862423750991e+02
-1.073230234386377333e+02
-1.073493307738054341e+02
-1.073755089057225973e+02
-1.074015585369336350e+02
-1.074274804079425962e+02
-1.074532752875171582e+02
-1.074789439609267561e+02
-1.075044872171213797e+02
-1.075299058359170203e+02
-1.075552005761846317e+02
-1.075803721659311805e+02
-1.076054212949727571e+02
-1.076303486106632477e+02
-1.076551547168883189e+02
-1.076798401762574144e+02
-1.077044055151979478e+02
-1.077288512314119657e+02
-1.077531778030358396e+02
-1.077773856986790406e+02
-1.078014753875529550e+02
-1.078254473488661915e+02
-1.078493020797964164e+02
-1.078730401014706217e+02
-1.078966619625699650e+02
-1.079201682403847258e+02
-1.079435595393419476e+02
-1.079668364872346729e+02
-1.079899997295480034e+02
-1.080130499224026153e+02
-1.080359877247492477e+02
-1.080588137904280757e+02
-1.080815287607654795e+02
-1.081041332582212249e+02
-1.081266278815761552e+02
-1.081490132029574625e+02
-1.081712897668563755e+02
-1.081934580911366197e+02
-1.082155186698668672e+02
-1.082374719776790926e+02
-1.082593184752439583e+02
-1.082810586153918848e+02
-1.083026928493674745e+02
-1.083242216327237770e+02
-1.083456454304145495e+02
-1.083669647207101434e+02
-1.083881799976954312e+02
-1.084092917722049947e+02
-1.084303005711926744e+02
-1.084512069356525217e+02
-1.084720114173285310e+02
-1.084927145745041344e+02
-1.085133169672590725e+02
-1.085338191525834191e+02
-1.085542216797376796e+02
-1.085745250862220814e+02
-1.085947298946304613e+02
-1.086148366106190224e+02
-1.086348457220815931e+02
-1.086547576995613440e+02
-1.086745729978125610e+02
-1.086942920583247769e+02
-1.087139153126018414e+02
-1.087334431858732842e+02
-1.087528761009587015e+02
-1.087722144819549044e+02
-1.087914587574780398e+02
-1.088106093632199531e+02
-1.088296667436537746e+02
-1.088486313527899938e+02
-1.088675036539615348e+02
-1.088862841187041113e+02
-1.089049732248607256e+02
-1.089235714540798199e+02
-1.089420792889516179e+02
-1.089604972100070768e+02
-1.089788256928234205e+02
-1.089970652054750531e+02
-1.090152162064935055e+02
-1.090332791434950082e+02
-1.090512544525435601e+02
-1.090691425582753027e+02
-1.090869438747410527e+02
-1.091046588068689971e+02
-1.091222877524118076e+02
-1.091398311041970146e+02
-1.091572892525075531e+02
-1.091746625873824428e+02
-1.091919515006742358e+02
-1.092091563877124258e+02
-1.092262776484486153e+02
-1.092433156880367733e+02
-1.092602709168117485e+02
-1.092771437496957674e+02
-1.092939346051179541e+02
-1.093106439035390167e+02
-1.093272720657224681e+02
-1.093438195108964237e+02
-1.093602866549604187e+02
-1.093766739088715667e+02
-1.093929816773317043e+02
-1.094092103578726096e+02
-1.094253603403768693e+02
-1.094414320070835629e+02
-1.094574257330273781e+02
-1.094733418868798367e+02
-1.094891808321029316e+02
-1.095049429283087647e+02
-1.095206285327207070e+02
-1.095362380016065913e+02
-1.095517716915795745e+02
-1.095672299606707725e+02
-1.095826131691009664e+02
-1.095979216797002778e+02
-1.096131558579607486e+02
-1.096283160717413239e+02
-1.096434026906500776e+02
-1.096584160851824663e+02
-1.096733566256791619e+02
-1.096882246812049289e+02
-1.097030206184421672e+02
-1.097177448006682994e+02
-1.097323975869206834e+02
-1.097469793313866830e+02
-1.097614903830599928e+02
-1.097759310856985735e+02
-1.097903017780470236e+02
-1.098046027943124727e+02
-1.098188344648525572e+02
-1.098329971169883379e+02
-1.098470910759015169e+02
-1.098611166655243778e+02
-1.098750742093622534e+02
-1.098889640311817857e+02
-1.099027864555208680e+02
-1.099165418079942356e+02
-1.099302304153629279e+02
-1.099438526053966712e+02
-1.099574087065254275e+02
-1.099708990473362746e+02
-1.099843239559552330e+02
-1.099976837593608820e+02
-1.100109787827030345e+02
-1.100242093486621116e+02
-1.100373757769182248e+02
-1.100504783837455989e+02
-1.100635174817799111e+02
-1.100764933799563892e+02
-1.100894063836218493e+02
-1.101022567948029973e+02
-1.101150449126134276e+02
-1.101277710337367921e+02
-1.101404354529821035e+02
-1.101530384638321038e+02
-1.101655803589632683e+02
-1.101780614306835560e+02
-1.101904819712763128e+02
-1.102028422732073523e+02
-1.102151426291969756e+02
-1.102273833321641519e+02
-1.102395646750291007e+02
-1.102516869504283363e+02
-1.102637504503444461e+02
-1.102757554656906223e+02
-1.102877022858916121e+02
-1.102995911984879172e+02
-1.103114224887943351e+02
-1.103231964396399576e+02
-1.103349133312098047e+02
-1.103465734409808761e+02
-1.103581770437870091e+02
-1.103697244119600782e+02
-1.103812158155714087e+02
-1.103926515227256004e+02
-1.104040317998936871e+02
-1.104153569122611884e+02
-1.104266271240467177e+02
-1.104378426987904049e+02
-1.104490038995726877e+02
-1.104601109891648889e+02
-1.104711642300866288e+02
-1.104821638845892267e+02
-1.104931102145514501e+02
-1.105040034813125089e+02
-1.105148439454571871e+02
-1.105256318665662434e+02
-1.105363675029585124e+02
-1.105470511114459100e+02
-1.105576829471201563e+02
-1.105682632631822457e+02
-1.105787923108372297e+02
-1.105892703392498220e+02
-1.105996975955609400e+02
-1.106100743249851348e+02
-1.106204007709341681e+02
-1.106306771752045393e+02
-1.106409037781817233e+02
-1.106510808190457169e+02
-1.106612085359851108e+02
-1.106712871663702913e+02
-1.106813169469053264e+02
-1.106912981137251109e+02
-1.107012309024462411e+02
-1.107111155481654805e+02
-1.107209522854057582e+02
-1.107307413480239688e+02
-1.107404829690823362e+02
-1.107501773807031782e+02
-1.107598248139088923e+02
-1.107694254984728559e+02
-1.107789796627863552e+02
-1.107884875337476842e+02
-1.107979493366947850e+02
-1.108073652953716532e+02
-1.108167356319327723e+02
-1.108260605669959205e+02
-1.108353403197205580e+02
-1.108445751079127035e+02
-1.108537651481547073e+02
-1.108629106559354796e+02
-1.108720118457779904e+02
-1.108810689313547755e+02
-1.108900821255901974e+02
-1.108990516407189375e+02
-1.109079776883330624e+02
-1.109168604793812278e+02
-1.109257002241480450e+02
-1.109344971321984303e+02
-1.109432514123100191e+02
-1.109519632723759059e+02
-1.109606329193230749e+02
-1.109692605590082053e+02
-1.109778463961409898e+02
-1.109863906342166047e+02
-1.109948934754663696e+02
-1.110033551208341009e+02
-1.110117757699837284e+02
-1.110201556213183949e+02
-1.110284948720344573e+02
-1.110367937181819684e+02
-1.110450523547439730e+02
-1.110532709757188172e+02
-1.110614497741972855e+02
-1.110695889424451366e+02
-1.110776886719566505e+02
-1.110857491535085728e+02
-1.110937705771856372e+02
-1.111017531323876710e+02
-1.111096970078214099e+02
-1.111176023914709390e+02
-1.111254694705578459e+02
-1.111332984314863097e+02
-1.111410894597925108e+02
-1.111488427400851720e+02
-1.111565584559939452e+02
-1.111642367901301327e+02
-1.111718779240542290e+02
-1.111794820382607440e+02
-1.111870493121811023e+02
-1.111945799241962618e+02
-1.112020740516613273e+02
-1.112095318709538105e+02
-1.112169535575131931e+02
-1.112243392858958373e+02
-1.112316892298268840e+02
-1.112390035622460118e+02
-1.112462824553525138e+02
-1.112535260806320707e+02
-1.112607346088828990e+02
-1.112679082102203552e+02
-1.112750470540756282e+02
-1.112821513091810175e+02
-1.112892211435463992e+02
-1.112962567244327374e+02
-1.113032582183157615e+02
-1.113102257908520869e+02
-1.113171596068552276e+02
-1.113240598302611488e+02
-1.113309266241137720e+02
-1.113377601505550842e+02
-1.113445605708257062e+02
-1.113513280452708045e+02
-1.113580627333578832e+02
-1.113647647937033867e+02
-1.113714343841009509e+02
-1.113780716615519282e+02
-1.113846767823026198e+02
-1.113912499018703102e+02
-1.113977911750775434e+02
-1.114043007560659362e+02
-1.114107787983169260e+02
-1.114172254546576823e+02
-1.114236408772637219e+02
-1.114300252176474260e+02
-1.114363786266504235e+02
-1.114427012544264812e+02
-1.114489932504230296e+02
-1.114552547633581980e+02
-1.114614859412098440e+02
-1.114676869311900873e+02
-1.114738578797436048e+02
-1.114799989325374554e+02
-1.114861102344596588e+02
-1.114921919296274950e+02
-1.114982441613954052e+02
-1.115042670723731248e+02
-1.115102608044420549e+02
-1.115162254987769757e+02
-1.115221612958696369e+02
-1.115280683355439919e+02
-1.115339467569795602e+02
-1.115397966987231939e+02
-1.115456182987058469e+02
-1.115514116942386522e+02
-1.115571770220270764e+02
-1.115629144181595507e+02
-1.115686240181069593e+02
-1.115743059567112141e+02
-1.115799603681780923e+02
-1.115855873860602401e+02
-1.115911871432550697e+02
-1.115967597719889568e+02
-1.116023054038141140e+02
-1.116078241696045552e+02
-1.116133161995556975e+02
-1.116187816231915235e+02
-1.116242205693633309e+02
-1.116296331662721286e+02
-1.116350195414668747e+02
-1.116403798218699990e+02
-1.116457141337832581e+02
-1.116510226029062096e+02
-1.116563053543463866e+02
-1.116615625126308373e+02
-1.116667942017128894e+02
-1.116720005449809605e+02
-1.116771816652571943e+02
-1.116823376848004159e+02
-1.116874687253034608e+02
-1.116925749078856143e+02
-1.116976563530938620e+02
-1.117027131808919762e+02
-1.117077455106538082e+02
-1.117127534611666988e+02
-1.117177371506155055e+02
-1.117226966965939141e+02
-1.117276322160963673e+02
-1.117325438255236350e+02
-1.117374316406885555e+02
-1.117422957768222318e+02
-1.117471363485800566e+02
-1.117519534700530244e+02
-1.117567472547763145e+02
-1.117615178157408877e+02
-1.117662652653975215e+02
-1.117709897156677812e+02
-1.117756912779508411e+02
-1.117803700631240531e+02
-1.117850261815499948e+02
-1.117896597430772090e+02
-1.117942708570349168e+02
-1.117988596322376225e+02
-1.118034261769806790e+02
-1.118079705990346042e+02
-1.118124930056477524e+02
-1.118169935035379012e+02
-1.118214721988980500e+02
-1.118259291973893141e+02
-1.118303646041455295e+02
-1.118347785237750713e+02
-1.118391710603632418e+02
-1.118435423174780681e+02
-1.118478923981761000e+02
-1.118522214050061052e+02
-1.118565294400204948e+02
-1.118608166047744135e+02
-1.118650830003429633e+02
-1.118693287273138139e+02
-1.118735538858016412e+02
-1.118777585754483539e+02
-1.118819428954236628e+02
-1.118861069444330951e+02
-1.118902508207102642e+02
-1.118943746220228377e+02
-1.118984784456695252e+02
-1.119025623884822380e+02
-1.119066265468171650e+02
-1.119106710165644358e+02
-1.119146958931422091e+02
-1.119187012714944558e+02
-1.119226872460988034e+02
-1.119266539109626706e+02
-1.119306013596300886e+02
-1.119345296851829517e+02
-1.119384389802444844e+02
-1.119423293369854377e+02
-1.119462008471282957e+02
-1.119500536019507422e+02
-1.119538876922928807e+02
-1.119577032085584847e+02
-1.119615002407195448e+02
-1.119652788783200208e+02
-1.119690392104789112e+02
-1.119727813258898550e+02
-1.119765053128243721e+02
-1.119802112591300443e+02
-1.119838992522339254e+02
-1.119875693791400977e+02
-1.119912217264322862e+02
-1.119948563802694252e+02
-1.119984734263926498e+02
-1.120020729501208052e+02
-1.120056550363532324e+02
-1.120092197695719847e+02
-1.120127672338447269e+02
-1.120162975128258722e+02
-1.120198106897593675e+02
-1.120233068474819333e+02
-1.120267860684322727e+02
-1.120302484346441361e+02
-1.120336940277591111e+02
-1.120371229290243491e+02
-1.120405352192966575e+02
-1.120439309790492075e+02
-1.120473102883647130e+02
-1.120506732269471399e+02
-1.120540198741164772e+02
-1.120573503088124312e+02
-1.120606646095933456e+02
-1.120639628546409199e+02
-1.120672451217550361e+02
-1.120705114883588180e+02
-1.120737620315000527e+02
-1.120769968278452779e+02
-1.120802159536908107e+02
-1.120834194849570622e+02
-1.120866074971931994e+02
-1.120897800655800438e+02
-1.120929372649295033e+02
-1.120960791696912793e+02
-1.120992058539517870e+02
-1.121023173914379072e+02
-1.121054138555223858e+02
-1.121084953192221860e+02
-1.121115618552026945e+02
-1.121146135357815297e+02
-1.121176504329267232e+02
-1.121206726182636544e+02
-1.121236801630694231e+02
-1.121266731382814328e+02
-1.121296516144934117e+02
-1.121326156619574590e+02
-1.121355653505864325e+02
-1.121385007499539483e+02
-1.121414219292941539e+02
-1.121443289575062181e+02
-1.121472219031497275e+02
-1.121501008344534398e+02
-1.121529658193113619e+02
-1.121558169252865014e+02
-1.121586542196135383e+02
-1.121614777691991662e+02
-1.121642876406264691e+02
-1.121670839001541822e+02
-1.121698666137211262e+02
-1.121726358469479123e+02
-1.121753916651374539e+02
-1.121781341332800821e+02
-1.121808633160511022e+02
-1.121835792778142604e+02
-1.121862820826241318e+02
-1.121889717942258926e+02
-1.121916484760572530e+02
-1.121943121912484003e+02
-1.121969630026251252e+02
-1.121996009727075148e+02
-1.122022261637110887e+02
-1.122048386375525979e+02
-1.122074384558430324e+02
-1.122100256798967735e+02
-1.122126003707265909e+02
-1.122151625890528521e+02
-1.122177123952958482e+02
-1.122202498495850023e+02
-1.122227750117580172e+02
-1.122252879413600795e+02
-1.122277886976517038e+02
-1.122302773396029920e+02
-1.122327539259021592e+02
-1.122352185149524644e+02
-1.122376711648750529e+02
-1.122401119335132762e+02
-1.122425408784263254e+02
-1.122449580569009981e+02
-1.122473635259420917e+02
-1.122497573422837718e+02
-1.122521395623811600e+02
-1.122545102424173820e+02
-1.122568694383032266e+02
-1.122592172056781124e+02
-1.122615535999108261e+02
-1.122638786761008873e+02
-1.122661924890797991e+02
-1.122684950934130370e+02
-1.122707865434003907e+02
-1.122730668930802267e+02
-1.122753361962245435e+02
-1.122775945063481231e+02
-1.122798418767053477e+02
-1.122820783602940651e+02
-1.122843040098534289e+02
-1.122865188778696961e+02
-1.122887230165745791e+02
-1.122909164779470643e+02
-1.122930993137166524e+02
-1.122952715753605730e+02
-1.122974333141087868e+02
-1.122995845809422235e+02
-1.123017254265969314e+02
-1.123038559015595865e+02
-1.123059760560747691e+02
-1.123080859401432576e+02
-1.123101856035220294e+02
-1.123122750957265339e+02
-1.123143544660323414e+02
-1.123164237634763936e+02
-1.123184830368545022e+02
-1.123205323347316380e+02
-1.123225717054301072e+02
-1.123246011970422842e+02
-1.123266208574281109e+02
-1.123286307342131067e+02
-1.123306308747945650e+02
-1.123326213263385398e+02
-1.123346021357846780e+02
-1.123365733498438885e+02
-1.123385350150038562e+02
-1.123404871775239826e+02
-1.123424298834426622e+02
-1.123443631785741559e+02
-1.123462871085104666e+02
-1.123482017186250346e+02
-1.123501070540669389e+02
-1.123520031597712432e+02
-1.123538900804518335e+02
-1.123557678606056243e+02
-1.123576365445157421e+02
-1.123594961762498201e+02
-1.123613467996597137e+02
-1.123631884583869009e+02
-1.123650211958605496e+02
-1.123668450552979152e+02
-1.123686600797092296e+02
-1.123704663118952567e+02
-1.123722637944492249e+02
-1.123740525697592147e+02
-1.123758326800069653e+02
-1.123776041671703183e+02
-1.123793670730240137e+02
-1.123811214391424187e+02
-1.123828673068958324e+02
-1.123846047174563409e+02
-1.123863337117953165e+02
-1.123880543306868844e+02
-1.123897666147061045e+02
-1.123914706042324383e+02
-1.123931663394500333e+02
-1.123948538603455063e+02
-1.123965332067147074e+02
-1.123982044181597075e+02
-1.123998675340876616e+02
-1.124015225937195055e+02
-1.124031696360818273e+02
-1.124048087000149394e+02
-1.124064398241683307e+02
-1.124080630470068627e+02
-1.124096784068076431e+02
-1.124112859416629817e+02
-1.124128856894803334e+02
-1.124144776879830943e+02
-1.124160619747150349e+02
-1.124176385870333661e+02
-1.124192075621184017e+02
-1.124207689369694094e+02
-1.124223227484055769e+02
-1.124238690330665236e+02
-1.124254078274192921e+02
-1.124269391677496515e+02
-1.124284630901669289e+02
-1.124299796306095232e+02
-1.124314888248374018e+02
-1.124329907084409683e+02
-1.124344853168341842e+02
-1.124359726852624703e+02
-1.124374528487981593e+02
-1.124389258423469187e+02
-1.124403917006405322e+02
-1.124418504582463925e+02
-1.124433021495626122e+02
-1.124447468088221171e+02
-1.124461844700897473e+02
-1.124476151672681681e+02
-1.124490389340932666e+02
-1.124504558041402902e+02
-1.124518658108181626e+02
-1.124532689873792037e+02
-1.124546653669089551e+02
-1.124560549823374913e+02
-1.124574378664324286e+02
-1.124588140518031310e+02
-1.124601835709026432e+02
-1.124615464560229725e+02
-1.124629027393048091e+02
-1.124642524527278624e+02
-1.124655956281204112e+02
-1.124669322971544148e+02
-1.124682624913497193e+02
-1.124695862420728645e+02
-1.124709035805377084e+02
-1.124722145378084974e+02
-1.124735191447973648e+02
-1.124748174322683099e+02
-1.124761094308344127e+02
-1.124773951709620974e+02
-1.124786746829690287e+02
-1.124799479970275797e+02
-1.124812151431626148e+02
-1.124824761512532518e+02
-1.124837310510366706e+02
-1.124849798721019170e+02
-1.124862226438988841e+02
-1.124874593957306956e+02
-1.124886901567614927e+02
-1.124899149560123419e+02
-1.124911338223647022e+02
-1.124923467845599134e+02
-1.124935538711995378e+02
-1.124947551107468939e+02
-1.124959505315268871e+02
-1.124971401617276001e+02
-1.124983240294013740e+02
-1.124995021624627043e+02
-1.125006745886917088e+02
-1.125018413357350937e+02
-1.125030024311035390e+02
-1.125041579021772691e+02
-1.125053077762008229e+02
-1.125064520802883408e+02
-1.125075908414233936e+02
-1.125087240864566525e+02
-1.125098518421111180e+02
-1.125109741349787100e+02
-1.125120909915236211e+02
-1.125132024380794178e+02
-1.125143085008555772e+02
-1.125154092059335653e+02
-1.125165045792658134e+02
-1.125175946466815731e+02
-1.125186794338849268e+02
-1.125197589664541056e+02
-1.125208332698452409e+02
-1.125219023693879308e+02
-1.125229662902919472e+02
-1.125240250576454741e+02
-1.125250786964113558e+02
-1.125261272314353391e+02
-1.125271706874406163e+02
-1.125282090890323161e+02
-1.125292424606947748e+02
-1.125302708267936396e+02
-1.125312942115788246e+02
-1.125323126391802475e+02
-1.125333261336120927e+02
-1.125343347187721861e+02
-1.125353384184423930e+02
-1.125363372562882205e+02
-1.125373312558645580e+02
-1.125383204406059576e+02
-1.125393048338381732e+02
-1.125402844587733284e+02
-1.125412593385090645e+02
-1.125422294960321210e+02
-1.125431949542190750e+02
-1.125441557358335558e+02
-1.125451118635303374e+02
-1.125460633598542017e+02
-1.125470102472405642e+02
-1.125479525480158145e+02
-1.125488902843990786e+02
-1.125498234785004001e+02
-1.125507521523247192e+02
-1.125516763277685754e+02
-1.125525960266233483e+02
-1.125535112705740630e+02
-1.125544220812021194e+02
-1.125553284799829044e+02
-1.125562304882894296e+02
-1.125571281273876707e+02
-1.125580214184456054e+02
-1.125589103825251982e+02
-1.125597950405867778e+02
-1.125606754134901735e+02
-1.125615515219928398e+02
-1.125624233867524140e+02
-1.125632910283273986e+02
-1.125641544671746601e+02
-1.125650137236530668e+02
-1.125658688180234890e+02
-1.125667197704457863e+02
-1.125675666009868792e+02
-1.125684093296126207e+02
-1.125692479761938785e+02
-1.125700825605037494e+02
-1.125709131022213114e+02
-1.125717396209300318e+02
-1.125725621361171989e+02
-1.125733806671764228e+02
-1.125741952334084317e+02
-1.125750058540183431e+02
-1.125758125481207230e+02
-1.125766153347343561e+02
-1.125774142327899199e+02
-1.125782092611228791e+02
-1.125790004384785448e+02
-1.125797877835118470e+02
-1.125805713147875622e+02
-1.125813510507798014e+02
-1.125821270098729201e+02
-1.125828992103631094e+02
-1.125836676704572028e+02
-1.125844324082748358e+02
-1.125851934418465135e+02
-1.125859507891159410e+02
-1.125867044679405922e+02
-1.125874544960914250e+02
-1.125882008912503238e+02
-1.125889436710185123e+02
-1.125896828529076856e+02
-1.125904184543473434e+02
-1.125911504926807538e+02
-1.125918789851691031e+02
-1.125926039489882555e+02
-1.125933254012308566e+02
-1.125940433589081522e+02
-1.125947578389477712e+02
-1.125954688581953178e+02
-1.125961764334165309e+02
-1.125968805812927940e+02
-1.125975813184275580e+02
-1.125982786613427038e+02
-1.125989726264801334e+02
-1.125996632302016565e+02
-1.126003504887902977e+02
-1.126010344184505811e+02
-1.126017150353079614e+02
-1.126023923554085400e+02
-1.126030663947243511e+02
-1.126037371691456315e+02
-1.126044046944891193e+02
-1.126050689864925403e+02
-1.126057300608190985e+02
-1.126063879330550321e+02
-1.126070426187114322e+02
-1.126076941332252090e+02
-1.126083424922875338e+02
-1.126089877105421238e+02
-1.126096298035140535e+02
-1.126102687863411234e+02
-1.126109046740903068e+02
-1.126115374817531460e+02
-1.126121672242496743e+02
-1.126127939164251757e+02
-1.126134175730564948e+02
-1.126140382088449314e+02
-1.126146558384254490e+02
-1.126152704763590577e+02
-1.126158821371397494e+02
-1.126164908351892109e+02
-1.126170965848613150e+02
-1.126176994004405856e+02
-1.126182992961405489e+02
-1.126188962861077698e+02
-1.126194903844177588e+02
-1.126200816050775870e+02
-1.126206699620252039e+02
-1.126212554691317678e+02
-1.126218381401986903e+02
-1.126224179889623542e+02
-1.126229950290907027e+02
-1.126235692741875027e+02
-1.126241407377903556e+02
-1.126247094333717200e+02
-1.126252753743407311e+02
-1.126258385740393351e+02
-1.126263990457487125e+02
-1.126269568026830257e+02
-1.126275118579958416e+02
-1.126280642247739365e+02
-1.126286139160420703e+02
-1.126291609447620203e+02
-1.126297053238328658e+02
-1.126302470660891686e+02
-1.126307861843046112e+02
-1.126313226911904053e+02
-1.126318565993963148e+02
-1.126323879215073589e+02
-1.126329166700535893e+02
-1.126334428574968456e+02
-1.126339664962440565e+02
-1.126344875986384295e+02
-1.126350061769667263e+02
-1.126355222434528400e+02
-1.126360358102635928e+02
-1.126365468895080539e+02
-1.126370554932331629e+02
-1.126375616334325969e+02
-1.126380653220393242e+02
-1.126385665709274235e+02
-1.126390653919178817e+02
-1.126395617967705221e+02
-1.126400557971906551e+02
-1.126405474048265773e+02
-1.126410366312690599e+02
-1.126415234880524849e+02
-1.126420079866564947e+02
-1.126424901385044564e+02
-1.126429699549635757e+02
-1.126434474473440446e+02
-1.126439226269066012e+02
-1.126443955048520706e+02
-1.126448660923276179e+02
-1.126453344004294763e+02
-1.126458004401959556e+02
-1.126462642226148887e+02
-1.126467257586211304e+02
-1.126471850590933172e+02
-1.126476421348623376e+02
-1.126480969967034866e+02
-1.126485496553403323e+02
-1.126490001214471022e+02
-1.126494484056425449e+02
-1.126498945184977742e+02
-1.126503384705303006e+02
-1.126507802722067026e+02
-1.126512199339454128e+02
-1.126516574661108621e+02
-1.126520928790203016e+02
-1.126525261829376632e+02
-1.126529573880791872e+02
-1.126533865046108644e+02
-1.126538135426496865e+02
-1.126542385122639303e+02
-1.126546614234703156e+02
-1.126550822862412815e+02
-1.126555011104978803e+02
-1.126559179061134728e+02
-1.126563326829144103e+02
-1.126567454506801482e+02
-1.126571562191411999e+02
-1.126575649979822060e+02
-1.126579717968402861e+02
-1.126583766253065164e+02
-1.126587794929263282e+02
-1.126591804091960398e+02
-1.126595793835706445e+02
-1.126599764254542038e+02
-1.126603715442099656e+02
-1.126607647491523494e+02
-1.126611560495516642e+02
-1.126615454546335968e+02
-1.126619329735788142e+02
-1.126623186155230201e+02
-1.126627023895586603e+02
-1.126630843047324788e+02
-1.126634643700491551e+02
-1.126638425944682353e+02
-1.126642189869062918e+02
-1.126645935562372642e+02
-1.126649663112913231e+02
-1.126653372608565746e+02
-1.126657064136786062e+02
-1.126660737784614525e+02
-1.126664393638633896e+02
-1.126668031785060862e+02
-1.126671652309649403e+02
-1.126675255297776062e+02
-1.126678840834388211e+02
-1.126682409003997805e+02
-1.126685959890730828e+02
-1.126689493578337533e+02
-1.126693010150099212e+02
-1.126696509688916876e+02
-1.126699992277323759e+02
-1.126703457997403461e+02
-1.126706906930858736e+02
-1.126710339159009209e+02
-1.126713754762771487e+02
-1.126717153822661999e+02
-1.126720536418817460e+02
-1.126723902630985208e+02
-1.126727252538519792e+02
-1.126730586220396049e+02
-1.126733903755219330e+02
-1.126737205221186855e+02
-1.126740490696145685e+02
-1.126743760257535882e+02
-1.126747013982456451e+02
-1.126750251947616448e+02
-1.126753474229344079e+02
-1.126756680903615688e+02
-1.126759872046033024e+02
-1.126763047731819256e+02
-1.126766208035845125e+02
-1.126769353032632353e+02
-1.126772482796311579e+02
-1.126775597400672382e+02
-1.126778696919141112e+02
-1.126781781424789415e+02
-1.126784850990343898e+02
-1.126787905688153160e+02
-1.126790945590243496e+02
-1.126793970768284225e+02
-1.126796981293574618e+02
-1.126799977237115513e+02
-1.126802958669520081e+02
-1.126805925661083734e+02
-1.126808878281746615e+02
-1.126811816601124292e+02
-1.126814740688484449e+02
-1.126817650612763941e+02
-1.126820546442577893e+02
-1.126823428246181606e+02
-1.126826296091522295e+02
-1.126829150046211794e+02
-1.126831990177533385e+02
-1.126834816552445204e+02
-1.126837629237570013e+02
-1.126840428299228734e+02
-1.126843213803402932e+02
-1.126845985815765516e+02
-1.126848744401661406e+02
-1.126851489626131979e+02
-1.126854221553898583e+02
-1.126856940249345485e+02
-1.126859645776586945e+02
-1.126862338199400142e+02
-1.126865017581255302e+02
-1.126867683985320241e+02
-1.126870337474462644e+02
-1.126872978111225052e+02
-1.126875605957879998e+02
-1.126878221076357818e+02
-1.126880823528331348e+02
-1.126883413375130658e+02
-1.126885990677833433e+02
-1.126888555497188236e+02
-1.126891107893669073e+02
-1.126893647927445841e+02
-1.126896175658396260e+02
-1.126898691146113833e+02
-1.126901194449905574e+02
-1.126903685628778931e+02
-1.126906164741471912e+02
-1.126908631846420690e+02
-1.126911087001795977e+02
-1.126913530265465511e+02
-1.126915961695046349e+02
-1.126918381347834952e+02
-1.126920789280899271e+02
-1.126923185550991207e+02
-1.126925570214608001e+02
-1.126927943327955290e+02
-1.126930304946994852e+02
-1.126932655127401404e+02
-1.126934993924568289e+02
-1.126937321393638172e+02
-1.126939637589489394e+02
-1.126941942566712669e+02
-1.126944236379662243e+02
-1.126946519082393365e+02
-1.126948790728746417e+02
-1.126951051372251413e+02
-1.126953301066226345e+02
-1.126955539863689637e+02
-1.126957767817419835e+02
-1.126959984979952765e+02
-1.126962191403545717e+02
-1.126964387140220083e+02
-1.126966572241734070e+02
-1.126968746759617375e+02
-1.126970910745116043e+02
-1.126973064249244771e+02
-1.126975207322780648e+02
-1.126977340016239850e+02
-1.126979462379907204e+02
-1.126981574463809466e+02
-1.126983676317746017e+02
-1.126985767991261582e+02
-1.126987849533658732e+02
-1.126989920994028012e+02
-1.126991982421195075e+02
-1.126994033863751383e+02
-1.126996075370074095e+02
-1.126998106988274344e+02
-1.127000128766250100e+02
-1.127002140751683896e+02
-1.127004142991979165e+02
-1.127006135534354030e+02
-1.127008118425783323e+02
-1.127010091712999156e+02
-1.127012055442529572e+02
-1.127014009660668421e+02
-1.127015954413478767e+02
-1.127017889746819606e+02
-1.127019815706308918e+02
-1.127021732337348681e+02
-1.127023639685128842e+02
-1.127025537794597767e+02
-1.127027426710523059e+02
-1.127029306477433011e+02
-1.127031177139618876e+02
-1.127033038741212181e+02
-1.127034891326078423e+02
-1.127036734937900064e+02
-1.127038569620141288e+02
-1.127040395416041747e+02
-1.127042212368660330e+02
-1.127044020520816616e+02
-1.127045819915143738e+02
-1.127047610594054845e+02
-1.127049392599782891e+02
-1.127051165974312426e+02
-1.127052930759452920e+02
-1.127054686996829673e+02
-1.127056434727825263e+02
-1.127058173993643209e+02
-1.127059904835296607e+02
-1.127061627293576862e+02
-1.127063341409090640e+02
-1.127065047222261569e+02
-1.127066744773280789e+02
-1.127068434102187666e+02
-1.127070115248792490e+02
-1.127071788252741271e+02
-1.127073453153458900e+02
-1.127075109990214514e+02
-1.127076758802036807e+02
-1.127078399627823728e+02
-1.127080032506244720e+02
-1.127081657475790166e+02
-1.127083274574771963e+02
-1.127084883841316127e+02
-1.127086485313355979e+02
-1.127088079028640095e+02
-1.127089665024739134e+02
-1.127091243339057769e+02
-1.127092814008787514e+02
-1.127094377070952191e+02
-1.127095932562421012e+02
-1.127097480519840360e+02
-1.127099020979715078e+02
-1.127100553978352764e+02
-1.127102079551905263e+02
-1.127103597736330585e+02
-1.127105108567407683e+02
-1.127106612080764307e+02
-1.127108108311849719e+02
-1.127109597295922754e+02
-1.127111079068092181e+02
-1.127112553663285439e+02
-1.127114021116279332e+02
-1.127115481461651711e+02
-1.127116934733831499e+02
-1.127118380967082203e+02
-1.127119820195501347e+02
-1.127121252453007401e+02
-1.127122677773368196e+02
-1.127124096190187856e+02
-1.127125507736899976e+02
-1.127126912446777851e+02
-1.127128310352946983e+02
-1.127129701488361206e+02
-1.127131085885802122e+02
-1.127132463577915473e+02
-1.127133834597179316e+02
-1.127135198975909134e+02
-1.127136556746272049e+02
-1.127137907940281707e+02
-1.127139252589776106e+02
-1.127140590726469327e+02
-1.127141922381899235e+02
-1.127143247587459882e+02
-1.127144566374391843e+02
-1.127145878773782783e+02
-1.127147184816574850e+02
-1.127148484533557280e+02
-1.127149777955353898e+02
-1.127151065112480524e+02
-1.127152346035267101e+02
-1.127153620753913401e+02
-1.127154889298462876e+02
-1.127156151698824829e+02
-1.127157407984765314e+02
-1.127158658185895206e+02
-1.127159902331677586e+02
-1.127161140451455026e+02
-1.127162372574412643e+02
-1.127163598729586624e+02
-1.127164818945895490e+02
-1.127166033252095190e+02
-1.127167241676815479e+02
-1.127168444248538322e+02
-1.127169640995621762e+02
-1.127170831946275484e+02
-1.127172017128566495e+02
-1.127173196570453229e+02
-1.127174370299720181e+02
-1.127175538344046117e+02
-1.127176700730962011e+02
-1.127177857487871506e+02
-1.127179008642049780e+02
-1.127180154220619102e+02
-1.127181294250603969e+02
-1.127182428758868014e+02
-1.127183557772154927e+02
-1.127184681317086756e+02
-1.127185799420145713e+02
-1.127186912107688386e+02
-1.127188019405946875e+02
-1.127189121341028226e+02
-1.127190217938903061e+02
-1.127191309225419786e+02
-1.127192395226317672e+02
-1.127193475967185350e+02
-1.127194551473502884e+02
-1.127195621770630396e+02
-1.127196686883795564e+02
-1.127197746838102717e+02
-1.127198801658536809e+02
-1.127199851369979342e+02
-1.127200895997157772e+02
-1.127201935564703490e+02
-1.127202970097135903e+02
-1.127203999618827766e+02
-1.127205024154046669e+02
-1.127206043726956750e+02
-1.127207058361583449e+02
-1.127208068081851593e+02
-1.127209072911562657e+02
-1.127210072874415232e+02
-1.127211067993960683e+02
-1.127212058293660562e+02
-1.127213043796876377e+02
-1.127214024526829235e+02
-1.127215000506645879e+02
-1.127215971759324020e+02
-1.127216938307766441e+02
-1.127217900174755982e+02
-1.127218857382960664e+02
-1.127219809954956418e+02
-1.127220757913194120e+02
-1.127221701280015509e+02
-1.127222640077677625e+02
-1.127223574328290283e+02
-1.127224504053884289e+02
-1.127225429276380737e+02
-1.127226350017588743e+02
-1.127227266299212260e+02
-1.127228178142846673e+02
-1.127229085570002098e+02
-1.127229988602057915e+02
-1.127230887260298573e+02
-1.127231781565924393e+02
-1.127232671540002684e+02
-1.127233557203510941e+02
-1.127234438577344804e+02
-1.127235315682257806e+02
-1.127236188538957435e+02
-1.127237057167991452e+02
-1.127237921589851908e+02
-1.127238781824917169e+02
-1.127239637893448503e+02
-1.127240489815650335e+02
-1.127241337611591803e+02
-1.127242181301260757e+02
-1.127243020904544437e+02
-1.127243856441243679e+02
-1.127244687931048475e+02
-1.127245515393557866e+02
-1.127246338848278810e+02
-1.127247158314623334e+02
-1.127247973811915358e+02
-1.127248785359373073e+02
-1.127249592976125996e+02
-1.127250396681214397e+02
-1.127251196493597831e+02
-1.127251992432107954e+02
-1.127252784515519579e+02
-1.127253572762508043e+02
-1.127254357191648637e+02
-1.127255137821435369e+02
-1.127255914670275843e+02
-1.127256687756470228e+02
-1.127257457098255031e+02
-1.127258222713757618e+02
-1.127258984621039417e+02
-1.127259742838045895e+02
-1.127260497382656013e+02
-1.127261248272653802e+02
-1.127261995525757925e+02
-1.127262739159561420e+02
-1.127263479191599913e+02
-1.127264215639335134e+02
-1.127264948520106032e+02
-1.127265677851204941e+02
-1.127266403649807103e+02
-1.127267125933042848e+02
-1.127267844717923708e+02
-1.127268560021400390e+02
-1.127269271860338336e+02
-1.127269980251510333e+02
-1.127270685211620389e+02
-1.127271386757284972e+02
-1.127272084905044380e+02
-1.127272779671357625e+02
-1.127273471072589928e+02
-1.127274159125062738e+02
-1.127274843844971315e+02
-1.127275525248473969e+02
-1.127276203351622144e+02
-1.127276878170421242e+02
-1.127277549720757861e+02
-1.127278218018461757e+02
-1.127278883079299590e+02
-1.127279544918945930e+02
-1.127280203553000320e+02
-1.127280858996992947e+02
-1.127281511266363623e+02
-1.127282160376505544e+02
-1.127282806342704475e+02
-1.127283449180201842e+02
-1.127284088904144141e+02
-1.127284725529619891e+02
-1.127285359071609037e+02
-1.127285989545089251e+02
-1.127286616964893824e+02
-1.127287241345816255e+02
-1.127287862702587518e+02
-1.127288481049836832e+02
-1.127289096402161590e+02
-1.127289708774044925e+02
-1.127290318179940414e+02
-1.127290924634201588e+02
-1.127291528151135367e+02
-1.127292128744966249e+02
-1.127292726429847676e+02
-1.127293321219864879e+02
-1.127293913129051361e+02
-1.127294502171351951e+02
-1.127295088360664863e+02
-1.127295671710781448e+02
-1.127296252235483394e+02
-1.127296829948442678e+02
-1.127297404863270458e+02
-1.127297976993531847e+02
-1.127298546352711810e+02
-1.127299112954220845e+02
-1.127299676811433642e+02
-1.127300237937624274e+02
-1.127300796346033849e+02
-1.127301352049821617e+02
-1.127301905062095670e+02
-1.127302455395862921e+02
-1.127303003064128006e+02
-1.127303548079795519e+02
-1.127304090455702408e+02
-1.127304630204636737e+02
-1.127305167339330296e+02
-1.127305701872435293e+02
-1.127306233816558461e+02
-1.127306763184242300e+02
-1.127307289987958825e+02
-1.127307814240130028e+02
-1.127308335953115943e+02
-1.127308855139215780e+02
-1.127309371810652578e+02
-1.127309885979634601e+02
