9.675396767936488954e-21
2.347588100203593468e-20
2.669476118506482270e-20
8.495822712082707451e-20
1.587920197632936005e-19
3.271951221296766828e-19
6.597813266823208700e-19
8.022585903412653916e-19
1.006709338966769267e-18
1.564990363506744035e-18
1.941543534626355309e-18
2.207490097622444011e-18
2.175531144848550922e-18
2.552049394230214769e-18
2.584481373418741837e-18
3.292801063410957813e-18
4.236007024551143337e-18
5.447370733892493407e-18
5.492563442461096149e-18
5.812545421811726874e-18
6.879982413888870011e-18
6.866770280511869288e-18
6.850163400254985836e-18
7.252647258820846847e-18
6.823437826420913958e-18
8.185582655081731508e-18
9.328594837735666643e-18
1.126675643593455484e-17
1.177970787205814240e-17
1.254062675512359743e-17
9.088893048680701778e-18
8.713641958315995718e-18
7.196853451288786065e-18
6.434841900814453157e-18
7.016633996957699809e-18
5.149790694883399068e-18
-3.672253857583788631e-18
-5.822161393782938292e-18
-4.949222505282832399e-18
1.778457648060704489e-18
6.628058824610025989e-18
1.583268504401145906e-17
2.284963333017111881e-17
2.686849548344530387e-17
2.919638376738734750e-17
3.127519447805126282e-17
3.620248104822922991e-17
3.487738272982986292e-17
3.398956092127163114e-17
3.421724459694462412e-17
3.407758177190113188e-17
3.272277660495592469e-17
2.772123747897718915e-17
2.513481114780265758e-17
2.145259806354899862e-17
1.431147424867184668e-17
7.970895630873393486e-18
4.179046768458706320e-18
3.504440942758567554e-19
2.382904480793681702e-18
1.071437076497757411e-17
2.062253108136244328e-17
2.127398336812645274e-17
1.828538979710729712e-17
2.170005606466526773e-17
2.110254186681726154e-17
1.812669603114871175e-17
1.966875702155791288e-17
1.827171985609669689e-17
1.292260846005693459e-17
5.144236121736518092e-18
6.925729301017633114e-18
1.347715193237106067e-17
1.743468211896914356e-17
2.202926725455427095e-17
2.511973729449360202e-17
2.279465526365669376e-17
2.509275909958567380e-17
2.891688873827159460e-17
2.642213497885578872e-17
2.347611105116486835e-17
1.713567824527598723e-17
1.603517983948923877e-17
1.940425679420829820e-17
1.861687804180896224e-17
1.992776831018056998e-17
2.609422319963024435e-17
3.252324201046512191e-17
3.273624466659695594e-17
2.683102485843094193e-17
2.802736425899542419e-17
2.846920818540718823e-17
3.157236272361417979e-17
3.389817052877198221e-17
3.360683654474385203e-17
2.776252921308136353e-17
2.719350507425555563e-17
3.390139072436930369e-17
3.721092978341164766e-17
3.937191535662153851e-17
2.860033603008379112e-17
