-1.986254065403131683e-22
-3.680868825421003214e-22
-1.765739695985290609e-21
-4.998503007771726662e-21
-5.755718470874534366e-21
-1.363204069153706237e-20
-3.854996185667481600e-21
-2.127139949000995943e-20
-5.281700516008107570e-20
-4.663807177862345066e-20
-2.299676597283342529e-21
2.338872604449583059e-20
-4.115940931665846107e-20
-5.594433132306303430e-20
-4.427476414524912775e-20
-1.091261055813641749e-19
-3.218074667443640076e-19
-1.815548273945803663e-19
4.134771996134869721e-20
2.565956406693809189e-19
2.170266682396074477e-19
2.754984441730436246e-19
7.419404771002702383e-20
1.618154206757461829e-19
-2.269738489911452333e-19
-5.197514447150633365e-19
-2.998437583099358923e-19
3.738686970207503381e-20
-3.058830977927865846e-19
-4.336992034146073633e-19
2.030433826034489156e-19
2.973097747986035448e-19
4.468605151085159990e-19
8.264151366742825497e-20
-3.786088063433851724e-19
-1.016091050676312551e-18
-1.057914744083657122e-18
-1.063218216146738518e-19
-3.236049346629398535e-19
-4.097245855161942999e-19
-9.768191092204532332e-19
-7.969792435721777988e-19
-8.426399417464550576e-20
-5.791010737421402979e-20
-6.109547677338410204e-19
-9.023262720724611119e-19
1.695156944016929941e-18
9.224486705261258032e-20
-1.462601172477473079e-20
2.103219506695694420e-18
3.855526438812978581e-18
3.726737461810491468e-18
1.156517082658292553e-18
1.969704070211890386e-18
2.946722820383261149e-18
1.443625549693527783e-18
2.430086843467762377e-18
1.286716196597506565e-18
-6.792380336918228132e-19
-1.428338544505387433e-19
1.517825233626085970e-18
3.442997925669225206e-18
2.649161203294535013e-18
1.075453924427470886e-18
1.536130865714320599e-18
1.767678721064805225e-18
1.656194697059952522e-18
3.260364984529896986e-18
2.709285184508670754e-18
3.631809021370817526e-19
2.527285692966728213e-20
-6.582843776441283748e-20
1.839234771148169285e-18
2.434476156345607559e-18
3.637653289596519930e-18
3.943703425651546684e-18
4.151613547914373576e-18
3.416543312730645541e-18
2.723840607120133343e-18
1.845407291552509919e-18
2.385847491280969214e-18
1.898656822718826119e-18
-8.024737888324131614e-19
1.605300898139441997e-18
7.432028072042133237e-19
2.097081985810754007e-18
3.415957775634525826e-18
2.481295122194340610e-18
-2.083753343653222830e-18
-8.288230259904261278e-20
1.631054864476621147e-18
3.049710480008592871e-18
4.205753723963753135e-18
2.530418906706202440e-18
1.157474387290000498e-18
1.777621030543416430e-18
2.181778238999135962e-18
2.827857564521670430e-18
1.328313513007902299e-18
7.950488699240894594e-19
5.236367339918838106e-19
