5.166673910674188241e-02
2.066542087897106361e-01
4.649241703064692088e-01
8.264129034976697152e-01
1.291031222532010858e+00
1.858664497900605728e+00
2.529172684692547080e+00
3.302390357139733723e+00
4.178126749422164998e+00
5.156165802723587710e+00
6.236266218526670180e+00
7.418161518132983190e+00
8.701560108394922111e+00
1.008614535364229070e+01
1.157157565378564712e+01
1.315748452857790518e+01
1.484348070801370767e+01
1.662914822884135546e+01
1.851404653716930682e+01
2.049771059713599186e+01
2.257965100561800398e+01
2.475935411295110811e+01
2.703628214963204002e+01
2.940987335896743815e+01
3.187954213564231409e+01
3.444467917017122716e+01
3.710465159919486666e+01
3.985880316158859671e+01
4.270645436034194375e+01
4.564690263017119776e+01
4.867942251081813509e+01
5.180326582600208241e+01
5.501766186797411251e+01
5.832181758762681056e+01
6.171491779011567758e+01
6.519612533594747106e+01
6.876458134747754514e+01
7.241940542077041698e+01
7.615969584277948456e+01
7.998452981376389914e+01
8.389296367492758577e+01
8.788403314119260301e+01
9.195675353906663929e+01
9.611012004953552434e+01
1.003431079559291561e+02
1.046546728966957716e+02
1.090437511230190921e+02
1.135092597612277103e+02
1.180500970799050435e+02
1.226651427616786236e+02
1.273532581795651453e+02
1.321132866778569053e+02
1.369440538574413608e+02
1.418443678655058591e+02
1.468130196895434949e+02
1.518487834556002554e+02
1.569504167306751867e+02
1.621166608292031412e+02
1.673462411235640559e+02
1.726378673585087427e+02
1.779902339694530724e+02
1.834020204045313847e+02
1.888718914503731980e+02
1.943984975614862378e+02
1.999804751931573321e+02
2.056164471378508551e+02
2.113050228649323117e+02
2.170447988637126002e+02
2.228343589896802257e+02
2.286722748138623729e+02
2.345571059751994198e+02
2.404874005358709326e+02
2.464616953395193377e+02
2.524785163721533081e+02
2.585363791258361630e+02
2.646337889648712007e+02
2.707692414945605037e+02
2.769412229323142469e+02
2.831482104811446447e+02
2.893886727052836818e+02
2.956610699080501377e+02
3.019638545116845876e+02
3.082954714391343032e+02
3.146543584977135311e+02
3.210389467645143782e+02
3.274476609734674639e+02
3.338789199039759410e+02
3.403311367710329023e+02
3.468027196166936506e+02
3.532920717028301283e+02
3.597975919050848574e+02
3.663176751078817688e+02
3.728507126004536190e+02
3.793950924737151809e+02
3.859492000179893125e+02
3.925114181213624533e+02
3.990801276686673305e+02
4.056537079409808371e+02
4.122305370154545585e+02
4.188089921655305830e+02
4.253874502612840161e+02
