-2.942927904539513516e-04
-1.177098506014693157e-03
-2.648199079567138420e-03
-4.707231070042417267e-03
-7.353685745432382050e-03
-1.058690921043190653e-02
-1.440610256845540130e-02
-1.881032211997157172e-02
-2.379847959643590499e-02
-2.936934243039151723e-02
-3.552153406087492360e-02
-4.225353427548505375e-02
-4.956367958676684282e-02
-5.745016364564076855e-02
-6.591103768864287060e-02
-7.494421102237600052e-02
-8.454745154119028272e-02
-9.471838628137965732e-02
-1.054545020099126873e-01
-1.167531458475580403e-01
-1.286115259275469880e-01
-1.410267120873822111e-01
-1.539956365960628015e-01
-1.675150949153729751e-01
-1.815817464937944659e-01
-1.961921155971987074e-01
-2.113425921673035834e-01
-2.270294327215543750e-01
-2.432487612778376496e-01
-2.599965703195419864e-01
-2.772687217840678620e-01
-2.950609480959281439e-01
-3.133688532191133413e-01
-3.321879137528199744e-01
-3.515134800463275422e-01
-3.713407773608369822e-01
-3.916649070442835834e-01
-4.124808477506581861e-01
-4.337834566908875811e-01
-4.555674708973682097e-01
-4.778275085331294969e-01
-5.005580702273438876e-01
-5.237535404409132678e-01
-5.474081888517465799e-01
-5.715161717846030109e-01
-5.960715336490119975e-01
-6.210682084259604441e-01
-6.465000211660281160e-01
-6.723606895177307585e-01
-6.986438252905265989e-01
-7.253429360349988864e-01
-7.524514266517534633e-01
-7.799626010248487118e-01
-8.078696636861878444e-01
-8.361657214917121994e-01
-8.648437853332406888e-01
-8.938967718745209901e-01
-9.233175052986906106e-01
-9.530987190855491065e-01
-9.832330578247040487e-01
-1.013713079020503338e+00
-1.044531254940759046e+00
-1.075679974493011226e+00
-1.107151545094662071e+00
-1.138938194576898155e+00
-1.171032073129507634e+00
-1.203425255217421830e+00
-1.236109741560550201e+00
-1.269077461112046779e+00
-1.302320273058180211e+00
-1.335829968816009572e+00
-1.369598274094467882e+00
-1.403616850912119629e+00
-1.437877299682509991e+00
-1.472371161287171937e+00
-1.507089919159417368e+00
-1.542025001403349860e+00
-1.577167782912785032e+00
-1.612509587499173946e+00
-1.648041690040042528e+00
-1.683755318628396003e+00
-1.719641656774787641e+00
-1.755691845537822759e+00
-1.791896985759739103e+00
-1.828248140241534481e+00
-1.864736335957446034e+00
-1.901352566275448019e+00
-1.938087793182204699e+00
-1.974932949525842529e+00
-2.011878941230663465e+00
-2.048916649580305283e+00
-2.086036933432379392e+00
-2.123230631525231615e+00
-2.160488564674249101e+00
-2.197801538120493614e+00
-2.235160343730762111e+00
-2.272555762302837401e+00
-2.309978565843703979e+00
-2.347419519840734381e+00
-2.384869385549859722e+00
-2.422318922256683660e+00
