-5.000849289101753740e-05
-1.499886384197818170e-04
-2.984388215515968714e-04
-4.926934100934553902e-04
-7.320542723905803552e-04
-1.021191333659155712e-03
-1.370442532260143439e-03
-1.792983417420528211e-03
-2.301265167869254776e-03
-2.904707470278626667e-03
-3.609031736747751306e-03
-4.416679591323475172e-03
-5.327622709172756717e-03
-6.340130258701239495e-03
-7.451345930393754070e-03
-8.657669102404572450e-03
-9.954971233168364783e-03
-1.133867945088657368e-02
-1.280376605686839482e-02
-1.434447693411261028e-02
-1.595468372834522169e-02
-1.762764629292088228e-02
-1.935618130472328141e-02
-2.113289318605970565e-02
-2.295046765002718356e-02
-2.480514847349442331e-02
-2.668978140274927760e-02
-2.859735348094664953e-02
-3.052452017588868499e-02
-3.246837066778823083e-02
-3.443060980695559353e-02
-3.640595052068903298e-02
-3.839498339758144058e-02
-4.040248429841903494e-02
-4.242335557909718280e-02
-4.445988136104227217e-02
-4.651283117303942061e-02
-4.858200380985148309e-02
-5.066568489823713300e-02
-5.275945268505207592e-02
-5.485380017057867735e-02
-5.692921358425450523e-02
-5.894602609091403184e-02
-6.082764007334386797e-02
-6.246242373169318129e-02
-6.382973628550941969e-02
-6.514981760538512967e-02
-6.658277755355949956e-02
-6.805687112176572739e-02
-6.943911299678894034e-02
-7.070413615291154530e-02
-7.194087630822823543e-02
-7.318851443801996370e-02
-7.440427562358709057e-02
-7.555915788548103751e-02
-7.667451478453439495e-02
-7.776442650096984655e-02
-7.880799522608057661e-02
-7.978918717247232562e-02
-8.071748153320193464e-02
