-8.000047507297435747e-06
-2.400095841840383480e-05
-4.800718981653843975e-05
-8.003134080341418270e-05
-1.200927298418220842e-04
-1.681967634544666247e-04
-2.242887405932823971e-04
-2.881965719427145465e-04
-3.595962308433034069e-04
-4.380331234455590579e-04
-5.230089320180653090e-04
-6.141120499042941215e-04
-7.111501288735454273e-04
-8.142447184245299278e-04
-9.238657171734373412e-04
-1.040805456997050344e-03
-1.166108489177936341e-03
-1.300979504814831714e-03
-1.446689793849676017e-03
-1.604496197998905860e-03
-1.775579361642650941e-03
-1.961002437827400954e-03
-2.161687950977446340e-03
-2.378408985584937706e-03
-2.611790629556750166e-03
-2.862318040653373877e-03
-3.130348195591433052e-03
-3.416123093620734071e-03
-3.719782836370802946e-03
-4.041377588780580357e-03
-4.380877957872388213e-03
-4.738183806950940942e-03
-5.113131923941762434e-03
-5.505503235052970276e-03
-5.915030350235828127e-03
-6.341406120379487581e-03
-6.784293593207589221e-03
-7.243337333770687170e-03
-7.718175616160438506e-03
-8.208452595782182032e-03
-8.713829322481474876e-03
-9.233992406765754654e-03
-9.768659313540910966e-03
-1.031757959726343869e-02
-1.088053184490128666e-02
-1.145731657922783447e-02
-1.204774581735636868e-02
-1.265163031654834014e-02
-1.326876573396295993e-02
-1.389891896850454188e-02
-1.454181585432531496e-02
-1.519713116728466963e-02
-1.586448162773519688e-02
-1.654342227731356654e-02
-1.723344631158580872e-02
-1.793398819356170626e-02
-1.864442967381381086e-02
-1.936410820904141059e-02
-2.009232720082787527e-02
-2.082836746134161116e-02
-2.157149933976530362e-02
-2.232099499766208514e-02
-2.307614038952318300e-02
-2.383624657528647661e-02
-2.460066005730452907e-02
-2.536877189170791760e-02
-2.614002537353134550e-02
-2.691392213909107878e-02
-2.769002657194897035e-02
-2.846796844436560309e-02
-2.924744377727411110e-02
-3.002821395942676178e-02
-3.081010322920438652e-02
-3.159299468731930488e-02
-3.237682507047431879e-02
-3.316157856945652765e-02
-3.394728001483315188e-02
-3.473398777506999519e-02
-3.552178671286410766e-02
-3.631078152511658941e-02
-3.710109075168824266e-02
-3.789284168114367968e-02
-3.868616631276367013e-02
-3.948119845869494521e-02
-4.027807199392371973e-02
-4.107692019015812129e-02
-4.187787600721208647e-02
-4.268107316548064301e-02
-4.348664778767170891e-02
-4.429474037791179125e-02
-4.510549790132179632e-02
-4.591907573587324098e-02
-4.673563928884026664e-02
-4.755536510010768825e-02
-4.837844129148004962e-02
-4.920506726249292834e-02
-5.003545257674842789e-02
-5.086981502641958752e-02
-5.170837790448411936e-02
-5.255136655291436920e-02
-5.339900428916154185e-02
-5.425150784174501140e-02
-5.510908244771556275e-02
-5.597191677955724864e-02
-5.684017787630494395e-02
-5.771400625314266480e-02
-5.859351135566002317e-02
-5.947876750975234633e-02
-6.036981049664939813e-02
-6.126663485584657454e-02
-6.216919198814751385e-02
-6.307738909816416883e-02
-6.399108898211415541e-02
-6.491011063427201688e-02
-6.583423061554725952e-02
-6.676318510175915932e-02
-6.769667250838559691e-02
-6.863435657366799558e-02
-6.957586977340760037e-02
-7.052081693865407119e-02
-7.146877895149872373e-02
-7.241931640375390278e-02
-7.337197311759231788e-02
-7.432627944519810959e-02
-7.528175528500302693e-02
-7.623791277394385835e-02
-7.719425863719396597e-02
-7.815029619789026771e-02
-7.910552706850508542e-02
-8.005945256187654846e-02
-8.101157487287177772e-02
-8.196139809078034633e-02
-8.290842910759063655e-02
-8.385217848827253295e-02
-8.479216136624488642e-02
-8.572789842070141497e-02
-8.665891698289883427e-02
-8.758475230650863974e-02
-8.850494902340519388e-02
-8.941906279157973980e-02
-9.032666212701041808e-02
-9.122733039704722380e-02
-9.212066793988653302e-02
-9.300629426363149488e-02
-9.388385026975873404e-02
-9.475300043990125820e-02
-9.561343492193008498e-02
-9.646487145142827735e-02
-9.730705704771325237e-02
-9.813976942934191094e-02
-9.896281810217756603e-02
-9.977604508314487364e-02
-1.005793252342308819e-01
-1.013725661935217792e-01
-1.021557079025267739e-01
-1.029287217411442440e-01
-1.036916092928681921e-01
-1.044444007727344109e-01
-1.051871531587148245e-01
-1.059199480734911714e-01
-1.066428894676298283e-01
-1.073561011570691587e-01
-1.080597242675710723e-01
-1.087539146365351650e-01
-1.094388402185476755e-01
-1.101146785355555935e-01
-1.107816142059621645e-01
-1.114398365796260559e-01
-1.120895374981095705e-01
-1.127309091919457690e-01
-1.133641423195557441e-01
-1.139894241460494562e-01
-1.146069368547640854e-01
-1.152168559802256853e-01
-1.158193489483901051e-01
-1.164145737085779675e-01
-1.170026774414456433e-01
-1.175837953285419485e-01
-1.181580493713239588e-01
-1.187255472507635634e-01
-1.192863812226051951e-01
-1.198406270476904262e-01
-1.203883429612590816e-01
-1.209295686895034000e-01
-1.214643245256417925e-01
-1.219926104811636103e-01
-1.225144055304935864e-01
-1.230296669690022354e-01
-1.235383299049506861e-01
-1.240403069055809049e-01
-1.245354878161642337e-01
-1.250237397684651475e-01
-1.255049073918909353e-01
-1.259788132367142266e-01
-1.264452584143707370e-01
-1.269040234551279123e-01
-1.273548693786127617e-01
-1.277975389679624763e-01
-1.282317582339298490e-01
-1.286572380512878144e-01
-1.290736759464924388e-01
-1.294807580128804758e-01
-1.298781609277802895e-01
-1.302655540448267313e-01
-1.306426015345069080e-01
-1.310089645464694585e-01
-1.313643033683510042e-01
-1.317082795577021181e-01
-1.320405580259169376e-01
-1.323608090557589489e-01
-1.326687102369778493e-01
-1.329639483075048811e-01
-1.332462208906446399e-01
-1.335152381214468886e-01
-1.337707241579237927e-01
-1.340124185749047847e-01
-1.342400776400271833e-01
-1.344534754726201820e-01
-1.346524050870420985e-01
-1.348366793223981230e-01
-1.350061316605355999e-01
-1.351606169338475383e-01
-1.353000119237883769e-01
-1.354242158502048099e-01
-1.355331507506877531e-01
-1.356267617482745103e-01
-1.357050172050240644e-01
-1.357679087583704980e-01
-1.358154512367557576e-01
-1.358476824509353698e-01
-1.358646628575528592e-01
-1.358664750921144138e-01
-1.358532233693529323e-01
-1.358250327501453192e-01
-1.357820482755770219e-01
-1.357244339704093694e-01
-1.356523717200188994e-01
-1.355660600267815930e-01
-1.354657126537996414e-01
-1.353515571657370742e-01
-1.352238333782749269e-01
-1.350827917292572178e-01
-1.349286915859136127e-01
-1.347617995035862437e-01
-1.345823874521000496e-01
-1.343907310263125487e-01
-1.341871076574282784e-01
-1.339717948413958748e-01
-1.337450684001260381e-01
-1.335072007904290481e-01
-1.332584594744873618e-01
-1.329991053644226373e-01
-1.327293913521173929e-01
-1.324495609339822466e-01
-1.321598469388493569e-01
-1.318604703656878763e-01
-1.315516393364052905e-01
-1.312335481676690230e-01
-1.309063765644676580e-01
-1.305702889370635167e-01
-1.302254338420656410e-01
-1.298719435475853556e-01
-1.295099337218101609e-01
-1.291395032438377721e-01
-1.287607341352250412e-01
-1.283736916104069037e-01
-1.279784242438934683e-01
-1.275749642519475036e-01
-1.271633278862260019e-01
-1.267435159366407105e-01
-1.263155143404159075e-01
-1.258792948939822243e-01
-1.254348160639375265e-01
-1.249820238928205651e-01
-1.245208529948776954e-01
-1.240512276363772703e-01
-1.235730628943300241e-01
-1.230862658867518389e-01
-1.225907370668533614e-01
-1.220863715727979332e-01
-1.215730606239543016e-01
-1.210506929539123810e-01
-1.205191562699447633e-01
-1.199783387281187913e-01
-1.194281304129050647e-01
-1.188684248098983015e-01
-1.182991202601943875e-01
-1.177201213850354866e-01
-1.171313404695688842e-01
-1.165326987949364679e-01
-1.159241279084362031e-01
-1.153055708221402270e-01
-1.146769831311181959e-01
-1.140383340432656462e-01
-1.133896073136705929e-01
-1.127308020774274860e-01
-1.120619335758265833e-01
-1.113830337718641206e-01
-1.106941518520388884e-01
-1.099953546123887266e-01
-1.092867267276713267e-01
-1.085683709034961780e-01
-1.078404079120550280e-01
-1.071029765128792277e-01
-1.063562332607646266e-01
-1.056003522036571413e-01
-1.048355244738786579e-01
-1.040619577766091486e-01
-1.032798757800224704e-01
-1.024895174119183072e-01
-1.016911360680958637e-01
-1.008849987380989188e-01
-1.000713850543165639e-01
-9.925058627076481510e-02
-9.842290417820354076e-02
-9.758864996255769975e-02
-9.674814301391432281e-02
-9.590170969365753584e-02
-9.504968206757347104e-02
-9.419239661300586597e-02
-9.333019290836000459e-02
-9.246341231343270517e-02
-9.159239664918419899e-02
-9.071748688564845731e-02
-8.983902184670303215e-02
-8.895733694037565031e-02
-8.807276292325125211e-02
-8.718562470735043146e-02
-8.629624021758251773e-02
-8.540491930753059402e-02
-8.451196274089971261e-02
-8.361766124546390899e-02
-8.272229464578094438e-02
-8.182613108031500104e-02
-8.092942630792834824e-02
-8.003242310797431536e-02
-7.913535077746547408e-02
-7.823842472800510150e-02
-7.734184618437137115e-02
-7.644580198584295661e-02
-7.555046449055899394e-02
-7.465599158242640365e-02
-7.376252677933332891e-02
-7.287019944070223521e-02
-7.197912507172876673e-02
-7.108940572100498623e-02
-7.020113046762715969e-02
-6.931437599333072075e-02
-6.842920723469227140e-02
-6.754567810997839927e-02
-6.666383231481402827e-02
-6.578370418048053170e-02
-6.490531958833684056e-02
-6.402869693358459457e-02
-6.315384813137024655e-02
-6.228077965802683580e-02
-6.140949362011129120e-02
-6.053998884378235246e-02
-5.967226197699616180e-02
-5.880630859696245327e-02
-5.794212431531414742e-02
-5.707970587348941416e-02
-5.621905222091402865e-02
-5.536016556870233113e-02
-5.450305241176792159e-02
-5.364772451245319179e-02
-5.279419983904806019e-02
-5.194250345287518278e-02
-5.109266833797107554e-02
-5.024473616778813573e-02
-4.939875800378060178e-02
-4.855479492121626828e-02
-4.771291855807249793e-02
-4.687321158342515337e-02
-4.603576808231951006e-02
-4.520069385471700563e-02
-4.436810662673672939e-02
-4.353813617304937850e-02
-4.271092434992695974e-02
-4.188662503910076107e-02
-4.106540400322288703e-02
-4.024743865436020140e-02
-3.943291773756561064e-02
-3.862204093216665274e-02
-3.781501837397866633e-02
-3.701207010218656585e-02
-3.621342543513851597e-02
-3.541932227975837233e-02
-3.463000637970233692e-02
-3.384573050776260028e-02
-3.306675360835110294e-02
-3.229333989618143885e-02
-3.152575791750454604e-02
-3.076427958044458330e-02
-3.000917916112501652e-02
-2.926073229237248149e-02
-2.851921494183836531e-02
-2.778490238638545856e-02
-2.705806818955133405e-02
-2.633898318882148953e-02
-2.562791449932705010e-02
-2.492512454042207157e-02
-2.423087009139838002e-02
-2.354540138236111552e-02
-2.286896122601824941e-02
-2.220178419583182863e-02
-2.154409585564218133e-02
-2.089611204550711684e-02
-2.025803822810078383e-02
-1.963006889959247742e-02
-1.901238706847521373e-02
-1.840516380534265237e-02
-1.780855786612136130e-02
-1.722271539075722127e-02
-1.664776967883394715e-02
-1.608384104307041332e-02
-1.553103674110697767e-02
-1.498945098545167477e-02
-1.445916503092032311e-02
-1.394024733837317606e-02
-1.343275381303013667e-02
-1.293672811513915319e-02
-1.245220204028423504e-02
-1.197919596615235407e-02
-1.151771936213733492e-02
-1.106777135774673383e-02
-1.062934136539692674e-02
-1.020240975283642250e-02
-9.786948560128291147e-03
-9.382922255853369878e-03
-8.990288526966420946e-03
-8.608999096550391805e-03
-8.239000563568925697e-03
-7.880235258615492927e-03
-7.532642109598514275e-03
-7.196157511285823476e-03
-6.870716192657529489e-03
-6.556252076083548576e-03
-6.252699122449105126e-03
-5.959992156497364441e-03
-5.678067666841242131e-03
-5.406864575314741100e-03
-5.146324970585747921e-03
-4.896394801235498181e-03
-4.657024523822141972e-03
-4.428169701785294836e-03
-4.209791551412389761e-03
-4.001857431473768330e-03
-3.804341273539246088e-03
-3.617223950411639719e-03
-3.440493580549720473e-03
-3.274145766801694630e-03
-3.118183768227394091e-03
-2.972618604250373484e-03
-2.837469090846697368e-03
-2.712761808942643505e-03
-2.598531005655586087e-03
-2.494818429468033394e-03
-2.401673100871011633e-03
-2.319151020446805472e-03
-2.247314816779339298e-03
-2.186233336980568983e-03
-2.135981183000108027e-03
-2.096638197240507408e-03
-2.068288901329573635e-03
-2.051021892201556219e-03
-2.044929199908936211e-03
-2.050105611824125200e-03
-2.066647968093894561e-03
-2.094654433377753002e-03
-2.134223750033613538e-03
-2.185454478009224086e-03
-2.248444226755638622e-03
-2.323288884499374526e-03
-2.410081850192866311e-03
-2.508913273409073361e-03
-2.619869307356125290e-03
-2.743031380062896027e-03
-2.878475488627472382e-03
-3.026271521229242142e-03
-3.186482611383136421e-03
-3.359164528663863541e-03
-3.544365109850029522e-03
-3.742123734135684079e-03
-3.952470845732113276e-03
-4.175427526837761569e-03
-4.411005123592209344e-03
-4.659204927252865759e-03
-4.920017912443886560e-03
-5.193424533927924747e-03
-5.479394582945637353e-03
-5.777887103758122533e-03
-6.088850370616266661e-03
-6.412221924971076362e-03
-6.747928672333313414e-03
-7.095887037791562789e-03
-7.456003178807805477e-03
-7.828173253531663447e-03
-8.212283742510446266e-03
-8.608211821324865051e-03
-9.015825781351878912e-03
-9.434985495548635012e-03
-9.865542925866827365e-03
-1.030734266864737590e-02
-1.076022253411151701e-02
-1.122401415585943044e-02
-1.169854362611100901e-02
-1.218363215227763648e-02
-1.267909673033896546e-02
-1.318475083041551268e-02
-1.370040508987729715e-02
-1.422586800931013862e-02
-1.476094664667482702e-02
-1.530544730504072339e-02
-1.585917620935206260e-02
-1.642194016779384771e-02
-1.699354721346159336e-02
-1.757380722220596228e-02
-1.816253250271683897e-02
-1.875953835513092388e-02
-1.936464359468993007e-02
-1.997767103724238172e-02
-2.059844794366690740e-02
-2.122680642059872336e-02
-2.186258377516016316e-02
-2.250562282172799411e-02
-2.315577213911439516e-02
-2.381288627689010298e-02
-2.447682590993601956e-02
-2.514745794067177118e-02
-2.582465554877203320e-02
-2.650829818854267064e-02
-2.719827153448666976e-02
-2.789446737594065279e-02
-2.859678346200611801e-02
-2.930512329833111565e-02
-3.001939589761760951e-02
-3.073951548603331974e-02
-3.146540116799487197e-02
-3.219697655205668030e-02
-3.293416934088887194e-02
-3.367691088855255532e-02
-3.442513572848457382e-02
-3.517878107578126246e-02
-3.593778630752322845e-02
-3.670209242500935970e-02
-3.747164150186684667e-02
-3.824637612207508475e-02
-3.902623881198404726e-02
-3.981117147042256138e-02
-4.060111480097915171e-02
-4.139600775049561560e-02
-4.219578695774640897e-02
-4.300038621618042928e-02
-4.380973595448092728e-02
-4.462376273855341718e-02
-4.544238879838021633e-02
-4.626553158298950946e-02
-4.709310334657117875e-02
-4.792501076854100567e-02
-4.876115461010268465e-02
-4.960142940959139102e-02
-5.044572321860259223e-02
-5.129391738061753886e-02
-5.214588635353508556e-02
-5.300149757721071830e-02
-5.386061138678779198e-02
-5.472308097228940904e-02
-5.558875238461952195e-02
-5.645746458780392246e-02
-5.732904955698862187e-02
-5.820333242140242336e-02
-5.908013165119035265e-02
-5.995925928673300626e-02
-6.084052120878506026e-02
-6.172371744750061728e-02
-6.260864252816066011e-02
-6.349508585118165960e-02
-6.438283210376857801e-02
-6.527166170037657089e-02
-6.616135124896840858e-02
-6.705167403990081043e-02
-6.794240055413740265e-02
-6.883329898737970687e-02
-6.972413578661942890e-02
-7.061467619555618358e-02
-7.150468480528680837e-02
-7.239392610666237071e-02
-7.328216504071977111e-02
-7.416916754363489517e-02
-7.505470108270236029e-02
-7.593853517993479074e-02
-7.682044191997916549e-02
-7.770019643917866481e-02
-7.857757739275751663e-02
-7.945236739727681852e-02
-8.032435344569506530e-02
-8.119332729257437709e-02
-8.205908580719255274e-02
-8.292143129255379053e-02
-8.378017176853889969e-02
-8.463512121769135865e-02
-8.548609979240040513e-02
-8.633293398251412620e-02
-8.717545674269119860e-02
-8.801350757908027456e-02
-8.884693259519510500e-02
-8.967558449713150526e-02
-9.049932255855067109e-02
-9.131801254612244290e-02
-9.213152660638695979e-02
-9.293974311525009246e-02
-9.374254649157327812e-02
-9.453982697655270717e-02
-9.533148038080424547e-02
-9.611740780127675521e-02
-9.689751531030628418e-02
-9.767171361929803675e-02
-9.843991771967641746e-02
-9.920204650388159129e-02
-9.995802236930499685e-02
-1.007077708081525746e-01
-1.014512199862989544e-01
-1.021883003142479707e-01
-1.029189440133467942e-01
-1.036430846804094752e-01
-1.043606568538954643e-01
-1.050715955847525279e-01
-1.057758360149805288e-01
-1.064733129668970907e-01
-1.071639605459910050e-01
-1.078477117601355090e-01
-1.085244981578001450e-01
-1.091942494877521930e-01
-1.098568933825723876e-01
-1.105123550681281486e-01
-1.111605571009577631e-01
-1.118014191353072090e-01
-1.124348577213521716e-01
-1.130607861359066157e-01
-1.136791142466890420e-01
-1.142897484109808015e-01
-1.148925914092641803e-01
-1.154875424141874746e-01
-1.160744969949557143e-01
-1.166533471570019020e-01
-1.172239814165526028e-01
-1.177862849094612474e-01
-1.183401395334543610e-01
-1.188854241227078334e-01
-1.194220146534576282e-01
-1.199497844791424378e-01
-1.204686045933820310e-01
-1.209783439189160564e-01
-1.214788696204589791e-01
-1.219700474392774736e-01
-1.224517420471593204e-01
-1.229238174173257342e-01
-1.233861372097351805e-01
-1.238385651681480765e-01
-1.242809655262520629e-01
-1.247132034201048900e-01
-1.251351453041258943e-01
-1.255466593678570830e-01
-1.259476159507274540e-01
-1.263378879520848652e-01
-1.267173512338082841e-01
-1.270858850128790685e-01
-1.274433722413751691e-01
-1.277896999714524251e-01
-1.281247597029941676e-01
-1.284484477117416590e-01
-1.287606653558656944e-01
-1.290613193590943730e-01
-1.293503220686887945e-01
-1.296275916867317968e-01
-1.298930524733929726e-01
-1.301466349210252393e-01
-1.303882758981562695e-01
-1.306179187626462790e-01
-1.308355134434967815e-01
-1.310410164910112141e-01
-1.312343910952224746e-01
-1.314156070727173498e-01
-1.315846408222031971e-01
-1.317414752493660524e-01
-1.318860996617771952e-01
-1.320185096347996079e-01
-1.321387068496359118e-01
-1.322466989048378117e-01
-1.323424991027707387e-01
-1.324261262126802396e-01
-1.324976042121562836e-01
-1.325569620089246392e-01
-1.326042331450107969e-01
-1.326394554854274654e-01
-1.326626708936263499e-01
-1.326739248960220330e-01
-1.326732663379604216e-01
-1.326607470335365857e-01
-1.326364214116937945e-01
-1.326003461610398837e-01
-1.325525798758079021e-01
-1.324931827053610622e-01
-1.324222160095965828e-01
-1.323397420225477239e-01
-1.322458235264052095e-01
-1.321405235380943011e-01
-1.320239050104358158e-01
-1.318960305498094454e-01
-1.317569621521034184e-01
-1.316067609585993559e-01
-1.314454870332887881e-01
-1.312731991629592643e-01
-1.310899546812204497e-01
-1.308958093174688586e-01
-1.306908170716049866e-01
-1.304750301151391678e-01
-1.302484987191301347e-01
-1.300112712092135470e-01
-1.297633939477896847e-01
-1.295049113432479304e-01
-1.292358658859229514e-01
-1.289562982102917255e-01
-1.286662471827421661e-01
-1.283657500140760743e-01
-1.280548423957356408e-01
-1.277335586585930938e-01
-1.274019319529899330e-01
-1.270599944485730770e-01
-1.267077775523530181e-01
-1.263453121432845105e-01
-1.259726288215761436e-01
-1.255897581708354249e-01
-1.251967310310872494e-01
-1.247935787806338098e-01
-1.243803336246796093e-01
-1.239570288886084337e-01
-1.235236993137808770e-01
-1.230803813537164199e-01
-1.226271134685319869e-01
-1.221639364155350793e-01
-1.216908935339082454e-01
-1.212080310214717488e-01
-1.207153982015796018e-01
-1.202130477782809709e-01
-1.197010360779712373e-01
-1.191794232758583705e-01
-1.186482736056829329e-01
-1.181076555512559911e-01
-1.175576420185068249e-01
-1.169983104868764640e-01
-1.164297431390382970e-01
-1.158520269680795856e-01
-1.152652538614380440e-01
-1.146695206610464784e-01
-1.140649291993054704e-01
-1.134515863106680816e-01
-1.128296038187884404e-01
-1.121990984993503637e-01
-1.115601920188563079e-01
-1.109130108498175421e-01
-1.102576861629431387e-01
-1.095943536970763049e-01
-1.089231536077722023e-01
-1.082442302955493041e-01
-1.075577322149768728e-01
-1.068638116658832821e-01
-1.061626245680787201e-01
-1.054543302210930317e-01
-1.047390910505132944e-01
-1.040170723425908883e-01
-1.032884419688516325e-01
-1.025533701024988475e-01
-1.018120289284415447e-01
-1.010645923488103642e-01
-1.003112356858388843e-01
-9.955213538399396156e-02
-9.878746871322803547e-02
-9.801741347520645520e-02
-9.724214771432670990e-02
-9.646184943530149158e-02
-9.567669632902012222e-02
-9.488686550833097533e-02
-9.409253325531051482e-02
-9.329387478149209212e-02
-9.249106400242933235e-02
-9.168427332786049933e-02
-9.087367346862305906e-02
-9.005943326134654980e-02
-8.924171951182016671e-02
-8.842069685779874177e-02
-8.759652765187148082e-02
-8.676937186487475306e-02
-8.593938701018777326e-02
-8.510672808910259290e-02
-8.427154755731515456e-02
-8.343399531243805844e-02
-8.259421870229238793e-02
-8.175236255359535908e-02
-8.090856922052357125e-02
-8.006297865249806245e-02
-7.921572848041032178e-02
-7.836695412038857667e-02
-7.751678889408745998e-02
-7.666536416437952361e-02
-7.581280948522929608e-02
-7.495925276443990426e-02
-7.410482043788552131e-02
-7.324963765377162650e-02
-7.239382846540738659e-02
-7.153751603092697864e-02
-7.068082281835820491e-02
-6.982387081441229770e-02
-6.896678173535457368e-02
-6.810967723831186371e-02
-6.725267913138091580e-02
-6.639590958092231321e-02
-6.553949131445402365e-02
-6.468354781759944050e-02
-6.382820352359720728e-02
-6.297358399394091533e-02
-6.211981608878591049e-02
-6.126702812584246954e-02
-6.041535002656059361e-02
-5.956491344850732561e-02
-5.871585190293995143e-02
-5.786830085668642071e-02
-5.702239781755846781e-02
-5.617828240264113870e-02
-5.533609638892365151e-02
-5.449598374586257093e-02
-5.365809064959404379e-02
-5.282256547864028207e-02
-5.198955879108328737e-02
-5.115922328330653468e-02
-5.033171373053164921e-02
-4.950718690949915124e-02
-4.868580150376489168e-02
-4.786771799219801532e-02
-4.705309852137967708e-02
-4.624210676270668063e-02
-4.543490775510394125e-02
-4.463166773434436990e-02
-4.383255395005813959e-02
-4.303773447159281451e-02
-4.224737798395401117e-02
-4.146165357511753108e-02
-4.068073051605400337e-02
-3.990477803484988872e-02
-3.913396508634039289e-02
-3.836846011869152195e-02
-3.760843083838166789e-02
-3.685404397503405649e-02
-3.610546504754528346e-02
-3.536285813293670727e-02
-3.462638563932871061e-02
-3.389620808440145516e-02
-3.317248388066063036e-02
-3.245536912877200475e-02
-3.174501742016678368e-02
-3.104157965004961800e-02
-3.034520384186379857e-02
-2.965603498418380862e-02
-2.897421488091607086e-02
-2.829988201559300448e-02
-2.763317143044553489e-02
-2.697421462083507762e-02
-2.632313944551905108e-02
-2.568007005311399166e-02
-2.504512682500897175e-02
-2.441842633486978470e-02
-2.380008132476149618e-02
-2.319020069780547769e-02
-2.258888952717589757e-02
-2.199624908113286675e-02
-2.141237686368303514e-02
-2.083736667035704024e-02
-2.027130865849477784e-02
-1.971428943133685802e-02
-1.916639213513261775e-02
-1.862769656839393523e-02
-1.809827930234868265e-02
-1.757821381157971541e-02
-1.706757061377483370e-02
-1.656641741746005259e-02
-1.607481927654383705e-02
-1.559283875046364731e-02
-1.512053606869797652e-02
-1.465796929838815779e-02
-1.420519451380311202e-02
-1.376226596637926923e-02
-1.332923625407391593e-02
-1.290615648878636751e-02
-1.249307646062507160e-02
-1.209004479783066209e-02
-1.169710912120543178e-02
-1.131431619194686947e-02
-1.094171205183831937e-02
-1.057934215481089180e-02
-1.022725148895910555e-02
-9.885484688166520234e-03
-9.554086132576465260e-03
-9.233100037227014167e-03
-8.922570528256993164e-03
-8.622541706181263699e-03
-8.333057695827593078e-03
-8.054162682623889832e-03
-7.785900935021941062e-03
-7.528316812942877252e-03
-7.281454762227976621e-03
-7.045359295176592540e-03
-6.820074957349965550e-03
-6.605646280914749535e-03
-6.402117724892539795e-03
-6.209533602771194656e-03
-6.027937998019286710e-03
-5.857374668126685315e-03
-5.697886937870546079e-03
-5.549517582577642716e-03
-5.412308702219237842e-03
-5.286301587234355087e-03
-5.171536577029982838e-03
-5.068052912152988532e-03
-4.975888581167307347e-03
-4.895080163301693786e-03
-4.825662667957367029e-03
-4.767669372181519531e-03
-4.721131657221416117e-03
-4.686078845275013817e-03
-4.662538037547617718e-03
-4.650533954710101003e-03
-4.650088780832796996e-03
-4.661222011840703353e-03
-4.683950309499975220e-03
-4.718287361903709086e-03
-4.764243751376297589e-03
-4.821826830661403787e-03
-4.891040608198438805e-03
-4.971885643227474429e-03
-5.064358951392696102e-03
-5.168453921440830691e-03
-5.284160243533521893e-03
-5.411463849612239106e-03
-5.550346866171480299e-03
-5.700787579711309033e-03
-5.862760415054147148e-03
-6.036235926624323317e-03
-6.221180802701789352e-03
-6.417557882575386854e-03
-6.625326186435740068e-03
-6.844440957764410562e-03
-7.074853717894666327e-03
-7.316512332340604531e-03
-7.569361088416270110e-03
-7.833340783594801293e-03
-8.108388823990522742e-03
-8.394439332284200223e-03
-8.691423264354392747e-03
-8.999268533825368829e-03
-9.317900143696142279e-03
-9.647240324174416112e-03
-9.987208675805471503e-03
-1.033772231695811485e-02
-1.069869603470896026e-02
-1.107004243815154672e-02
-1.145167211314969576e-02
-1.184349377755292317e-02
-1.224541443589801173e-02
-1.265733953263301070e-02
-1.307917310291873553e-02
-1.351081792008815285e-02
-1.395217563887526935e-02
-1.440314693356204226e-02
-1.486363163023491848e-02
-1.533352883238996676e-02
-1.581273703917862247e-02
-1.630115425564314380e-02
-1.679867809435197507e-02
-1.730520586791012977e-02
-1.782063467188773828e-02
-1.834486145778013721e-02
-1.887778309568588150e-02
-1.941929642646314166e-02
-1.996929830320061730e-02
-2.052768562191504415e-02
-2.109435534146291563e-02
-2.166920449273085358e-02
-2.225213017724236506e-02
-2.284302955539253832e-02
-2.344179982459359060e-02
-2.404833818768252127e-02
-2.466254181200799520e-02
-2.528430777967645773e-02
-2.591353302949599147e-02
-2.655011429121101676e-02
-2.719394801267139769e-02
-2.784493028062520054e-02
-2.850295673586409825e-02
-2.916792248348598973e-02
