-8.000047507298618205e-06
-2.400095841840801575e-05
-4.800718981654823145e-05
-8.003134080344913466e-05
-1.200927298418980868e-04
-1.681967634546064326e-04
-2.242887405935142808e-04
-2.881965719430652317e-04
-3.595962308438148793e-04
-4.380331234463292209e-04
-5.230089320192936016e-04
-6.141120499060621300e-04
-7.111501288759366352e-04
-8.142447184276709700e-04
-9.238657171775905945e-04
-1.040805457002463331e-03
-1.166108489184535012e-03
-1.300979504822867170e-03
-1.446689793859498238e-03
-1.604496198010487524e-03
-1.775579361656737113e-03
-1.961002437845023143e-03
-2.161687950998603894e-03
-2.378408985609586825e-03
-2.611790629585310219e-03
-2.862318040686630261e-03
-3.130348195630839898e-03
-3.416123093667100194e-03
-3.719782836425514390e-03
-4.041377588842889022e-03
-4.380877957942543900e-03
-4.738183807030259438e-03
-5.113131924031609835e-03
-5.505503235154243433e-03
-5.915030350350193242e-03
-6.341406120508677642e-03
-6.784293593354608770e-03
-7.243337333936283005e-03
-7.718175616347504146e-03
-8.208452595992607459e-03
-8.713829322716274903e-03
-9.233992407025194693e-03
-9.768659313826042259e-03
-1.031757959757682169e-02
-1.088053184524539162e-02
-1.145731657960451580e-02
-1.204774581776746172e-02
-1.265163031700059469e-02
-1.326876573446330101e-02
-1.389891896905447004e-02
-1.454181585493058253e-02
-1.519713116794718655e-02
-1.586448162845574897e-02
-1.654342227810003119e-02
-1.723344631244144026e-02
-1.793398819449427972e-02
-1.864442967482994942e-02
-1.936410821014322714e-02
-2.009232720201657371e-02
-2.082836746262053257e-02
-2.157149934113273063e-02
-2.232099499912216373e-02
-2.307614039107834525e-02
-2.383624657694288079e-02
-2.460066005906556830e-02
-2.536877189357287718e-02
-2.614002537550331670e-02
-2.691392214117463433e-02
-2.769002657415133017e-02
-2.846796844669529508e-02
-2.924744377973571841e-02
-3.002821396202002419e-02
-3.081010323193074385e-02
-3.159299469018844730e-02
-3.237682507349504829e-02
-3.316157857263350717e-02
-3.394728001817712976e-02
-3.473398777858242165e-02
-3.552178671655146364e-02
-3.631078152899417516e-02
-3.710109075576082521e-02
-3.789284168542050857e-02
-3.868616631724897115e-02
-3.948119846339335354e-02
-4.027807199884420736e-02
-4.107692019530131966e-02
-4.187787601257902947e-02
-4.268107317107750626e-02
-4.348664779349895732e-02
-4.429474038397995805e-02
-4.510549790764335765e-02
-4.591907574244178530e-02
-4.673563929565183184e-02
-4.755536510717778970e-02
-4.837844129881001265e-02
-4.920506727009421599e-02
-5.003545258463420325e-02
-5.086981503459713644e-02
-5.170837791297937941e-02
-5.255136656174334842e-02
-5.339900429832548229e-02
-5.425150785126363340e-02
-5.510908245759821994e-02
-5.597191678979885482e-02
-5.684017788691347883e-02
-5.771400626412510199e-02
-5.859351136701555079e-02
-5.947876752148656410e-02
-6.036981050878829913e-02
-6.126663486839866585e-02
-6.216919200112386995e-02
-6.307738911158329576e-02
-6.399108899597986955e-02
-6.491011064858769053e-02
-6.583423063031434985e-02
-6.676318511696947844e-02
-6.769667252404887314e-02
-6.863435658979830101e-02
-6.957586979002709782e-02
-7.052081695577123999e-02
-7.146877896912774697e-02
-7.241931642190727048e-02
-7.337197313626717121e-02
-7.432627946439955557e-02
-7.528175530472397403e-02
-7.623791279417223288e-02
-7.719425865794658781e-02
-7.815029621916216862e-02
-7.910552709032048213e-02
-8.005945258424627953e-02
-8.101157489580734783e-02
-8.196139811431218947e-02
-8.290842913173138151e-02
-8.385217851303726488e-02
-8.479216139165453303e-02
-8.572789844678878335e-02
-8.665891700968814115e-02
-8.758475233401344373e-02
-8.850494905162693826e-02
-8.941906282052729249e-02
-9.032666215667448095e-02
-9.122733042745628795e-02
-9.212066797104132010e-02
-9.300629429554511940e-02
-9.388385030244478235e-02
-9.475300047336994436e-02
-9.561343495618637722e-02
-9.646487148648807963e-02
-9.730705708359937978e-02
-9.813976946606763063e-02
-9.896281813973974162e-02
-9.977604512156033889e-02
-1.005793252735053545e-01
-1.013725662336697059e-01
-1.021557079435400223e-01
-1.029287217830405915e-01
-1.036916093356606283e-01
-1.044444008164368554e-01
-1.051871532032944562e-01
-1.059199481189888048e-01
-1.066428895140443395e-01
-1.073561012044347840e-01
-1.080597243158768206e-01
-1.087539146857603028e-01
-1.094388402687322404e-01
-1.101146785867262445e-01
-1.107816142581299762e-01
-1.114398366328090556e-01
-1.120895375523037751e-01
-1.127309092471645707e-01
-1.133641423758180306e-01
-1.139894242033470395e-01
-1.146069369131157284e-01
-1.152168560396608227e-01
-1.158193490089174243e-01
-1.164145737701972466e-01
-1.170026775042053296e-01
-1.175837953924198931e-01
-1.181580494363372313e-01
-1.187255473169300801e-01
-1.192863812899101900e-01
-1.198406271161181064e-01
-1.203883430308391872e-01
-1.209295687602093133e-01
-1.214643245975065150e-01
-1.219926105542036981e-01
-1.225144056047264007e-01
-1.230296670444571971e-01
-1.235383299816196212e-01
-1.240403069834996042e-01
-1.245354878953421895e-01
-1.250237398489138785e-01
-1.255049074736354076e-01
-1.259788133197902726e-01
-1.264452584987725003e-01
-1.269040235408732398e-01
-1.273548694656974067e-01
-1.277975390564015101e-01
-1.282317583237422287e-01
-1.286572381424670175e-01
-1.290736760390580884e-01
-1.294807581068353752e-01
-1.298781610231447836e-01
-1.302655541416387619e-01
-1.306426016327508488e-01
-1.310089646461499724e-01
-1.313643034694809419e-01
-1.317082796602702388e-01
-1.320405581299417819e-01
-1.323608091612389348e-01
-1.326687103438882465e-01
-1.329639484158695317e-01
-1.332462210004812797e-01
-1.335152382327760012e-01
-1.337707242707572852e-01
-1.340124186892667491e-01
-1.342400777558918346e-01
-1.344534755899991496e-01
-1.346524052059594745e-01
-1.348366794428604021e-01
-1.350061317825786700e-01
-1.351606170574625732e-01
-1.353000120490087388e-01
-1.354242159770074339e-01
-1.355331508790810213e-01
-1.356267618782553974e-01
-1.357050173366032841e-01
-1.357679088915245691e-01
-1.358154513715027212e-01
-1.358476825872659832e-01
-1.358646629954985974e-01
-1.358664752317006452e-01
-1.358532235105466557e-01
-1.358250328929258288e-01
-1.357820484199731004e-01
-1.357244341163989232e-01
-1.356523718675924639e-01
-1.355660601759170192e-01
-1.354657128044622627e-01
-1.353515573179231435e-01
-1.352238335319819462e-01
-1.350827918844456077e-01
-1.349286917425592536e-01
-1.347617996616922997e-01
-1.345823876116609974e-01
-1.343907311873080157e-01
-1.341871078198518252e-01
-1.339717950052541628e-01
-1.337450685654427152e-01
-1.335072009571690033e-01
