0.000000000000000000e+00
3.604766809607828915e-01
1.113405610019673198e+00
1.922874736392132355e+00
2.777751264300855283e+00
3.671953837326919157e+00
4.601438419725088380e+00
5.563226863607937389e+00
6.554981702595728876e+00
7.574786086680408204e+00
8.621017018784449704e+00
9.692266695754511829e+00
1.078729099017924398e+01
1.190497434025527568e+01
1.304430512489262384e+01
1.420435805579946731e+01
1.538428145480480680e+01
1.658328805192965660e+01
1.780064839974079405e+01
1.903568628560458365e+01
2.028777570667949703e+01
2.155633909272968651e+01
2.284084654216367483e+01
2.414081589099114922e+01
2.545581347125400384e+01
2.678545544037838511e+01
2.812940957942605280e+01
2.948739746882428392e+01
3.085919695652400208e+01
3.224464483693297723e+01
3.364363966032430397e+01
3.505614459255559012e+01
3.648219024443744729e+01
3.792187738962884680e+01
3.937537949000788728e+01
4.084294494863203795e+01
4.232489901319425485e+01
4.382164525778881625e+01
4.533366657835780700e+01
4.686152564783382957e+01
4.840586479102050532e+01
4.996740525681971690e+01
5.154694588618610851e+01
5.314536119729844188e+01
5.476359893325448525e+01
5.640267713939221039e+01
5.806368085348535146e+01
5.974775849791657834e+01
6.145611805343168044e+01
6.319002305994891344e+01
6.495078846872064560e+01
6.673977620082690976e+01
6.855839032161016178e+01
7.040807148488637779e+01
7.229029028211232344e+01
7.420653901820341503e+01
7.615832139470261097e+01
7.814713959429714407e+01
8.017447834497093595e+01
8.224178570152682255e+01
8.435045051132154015e+01
8.650177681612228753e+01
8.869695576492938471e+01
9.093703595448364752e+01
9.322289345636372104e+01
9.555520310963650843e+01
9.793441292243156227e+01
1.003607235834092819e+02
1.028340750678200664e+02
1.053541420644272932e+02
1.079203394052422169e+02
1.105318378601870819e+02
1.131875896466922029e+02
1.158863619541337329e+02
1.186267758936998717e+02
1.214073477502738001e+02
1.242265293677450870e+02
1.270827449630682509e+02
1.299744225215894744e+02
1.329000189462738319e+02
1.358580390455523172e+02
1.388470490385157348e+02
1.418656854679859407e+02
1.449126603395068287e+02
1.479867631420316911e+02
1.510868603288218139e+02
1.542118929036097370e+02
1.573608728918753741e+02
1.605328795337634631e+02
1.637270558980384578e+02
1.669426062690703532e+02
1.701787941898178076e+02
1.734349405977645517e+02
1.767104212079335923e+02
1.800046622675182277e+02
1.833171340503324700e+02
1.866473419217514902e+02
1.899948153684943293e+02
1.933590959010105053e+02
1.967397250567843230e+02
2.001362337715311810e+02
2.035481341294905064e+02
2.069749140173640285e+02
2.104160346051255317e+02
2.138709300025004154e+02
2.173390080272502018e+02
2.208196508709636134e+02
2.243122145956227200e+02
2.278160267962510375e+02
2.313303823047452283e+02
2.348545373337906597e+02
2.383877028282897754e+02
2.419290379269089897e+02
2.454776443417702012e+02
2.490325622124825315e+02
2.525927676876960390e+02
2.561571722288745150e+02
2.597246234731251775e+02
2.632939074389705638e+02
2.668637518761009915e+02
2.704328305957133693e+02
2.739997686303420323e+02
2.775631480448420234e+02
2.811215141655920320e+02
2.846733819422272518e+02
2.882172421348609532e+02
2.917515670460591082e+02
2.952748155870773417e+02
2.987854375640151829e+02
3.022818771667842270e+02
3.057625757221243248e+02
3.092259738207745272e+02
3.126705129486309716e+02
3.160946367497718938e+02
3.194967920353645923e+02
3.228754296352241226e+02
3.262290051719647863e+02
3.295559798222628842e+02
3.328548211138564170e+02
3.361240037887801009e+02
3.393620107428544657e+02
3.425673340304087446e+02
3.457384759049246554e+02
3.488739498542267370e+02
3.519722815854082683e+02
3.550320099193655210e+02
3.580516875659977245e+02
3.610298817648205727e+02
3.639651747892046956e+02
3.668561643230100913e+02
3.697014637260488144e+02
3.724997022103764266e+02
3.752495249539681481e+02
3.779495931831274902e+02
3.805985842592245945e+02
3.831951918078743802e+02
3.857381259274906142e+02
3.882261135077631025e+02
3.906578986767249262e+02
3.930322433788824696e+02
3.953479280691289546e+02
3.976037524909561398e+02
3.997985364963275856e+02
4.019311208603282921e+02
4.040003680475400643e+02
4.060051628975927542e+02
4.079444132127308649e+02
4.098170502468332188e+02
4.116220291106338891e+02
4.133583291186945985e+02
4.150249541091266110e+02
4.166209327665284832e+02
4.181453189733109639e+02
4.195971922061349346e+02
4.209756579848008755e+02
4.222798483722409628e+02
4.235089225179547157e+02
4.246620672335699851e+02
4.257384975884762071e+02
4.267374575147646851e+02
4.276582204133419509e+02
4.285000897560660178e+02
4.292623996811839220e+02
4.299445155811905011e+02
4.305458346827907690e+02
4.310657866185650846e+02
4.315038339892477666e+02
4.318594729146469149e+02
4.321322335704058446e+02
4.323216807075048678e+02
4.324274141513285485e+02
4.324490692769962834e+02
4.323863174627397825e+02
4.322388665115116169e+02
4.320064610523873512e+02
4.316888829148443278e+02
4.312859514808972108e+02
4.307975240172444842e+02
4.302234959904815241e+02
4.295638013684515499e+02
4.284478945097501423e+02
4.283076567943592181e+02
4.281826349185914751e+02
4.280694147471396604e+02
4.279713801462311835e+02
4.278922362859754571e+02
4.278345697708321609e+02
4.277997605090829438e+02
4.277883311090589018e+02
4.278003845267082283e+02
4.278359615022966977e+02
4.278952319382440805e+02
4.279784928710828922e+02
4.280859957134211982e+02
4.282176633082018498e+02
4.283727770540738220e+02
4.285497141463526418e+02
4.287457979225844156e+02
4.289572966006313663e+02
4.291795745298900329e+02
4.294073719508403428e+02
4.296351689581195501e+02
4.298575794169293545e+02
4.300697211958192838e+02
4.302675184719074082e+02
4.304479069445671939e+02
4.306089299855157151e+02
4.307497297898764259e+02
4.308704500876215207e+02
4.309720746864807097e+02
4.310562289152034054e+02
4.311249696468651678e+02
4.311805852339438161e+02
4.312254207538973105e+02
4.312617376858970601e+02
4.312916114515128356e+02
4.313168657247719580e+02
4.313390392783758784e+02
4.313593793456662411e+02
4.313788548340106672e+02
4.313981829358456253e+02
4.314178634493584354e+02
4.314382161785478615e+02
4.314594179270456493e+02
4.314815366900008939e+02
4.315045615989790804e+02
4.315284279458438732e+02
4.315530371948807442e+02
4.315782722993808989e+02
4.316040088921400866e+02
4.316301230467088317e+02
4.316564963363052811e+02
4.316830188775733177e+02
4.317095909614875495e+02
4.317361237644517473e+02
4.317625395159004142e+02
4.317887713866391550e+02
4.318147632633766193e+02
4.318404694938924422e+02
4.318658546261640367e+02
4.318908931233007138e+02
4.319155690126990521e+02
4.319398754199559107e+02
4.319638139428664658e+02
4.319873938348777074e+02
4.320106309876280193e+02
4.320335467250570787e+02
4.320561664443325753e+02
4.320785181583408985e+02
4.321006310089131262e+02
4.321225338274344949e+02
4.321442538195321958e+02
4.321658154431151502e+02
4.321872395351828686e+02
4.322085427241257776e+02
4.322297371426249128e+02
4.322508304342121619e+02
4.322718260259954377e+02
4.322927236228758261e+02
4.323135198662732819e+02
4.323342090933471127e+02
4.323547841313796880e+02
4.323752370658068571e+02
4.323955599284690265e+02
4.324157452640667429e+02
4.324357865462058044e+02
4.324556784285833828e+02
4.324754168307979398e+02
4.324949988709184368e+02
4.325144226675910204e+02
4.325336870425641678e+02
4.325527911597648085e+02
4.325717341392365256e+02
4.325905146834647894e+02
4.326091307501504275e+02
4.326275792996332257e+02
4.326458561375958425e+02
4.326639558649820287e+02
4.326818719379663776e+02
4.326995968321230066e+02
4.327171222970736721e+02
4.327344396817429129e+02
4.327515403059375103e+02
4.327684158516537423e+02
4.327850587473375299e+02
4.328014625200293040e+02
4.328176220935685592e+02
4.328335340157238988e+02
4.328491966023584610e+02
4.328646099926850184e+02
4.328797761153050487e+02
4.328946985703476003e+02
4.329093824377357009e+02
4.329238340256520132e+02
4.329380605762450500e+02
4.329520699473640093e+02
4.329658702897995113e+02
4.329794697388379632e+02
4.329928761372743224e+02
4.330060968042352556e+02
4.330191383606430122e+02
4.330320066179901914e+02
4.330447065327235237e+02
4.330572422241086201e+02
4.330696170494196053e+02
4.330818337268223672e+02
4.330938944936797270e+02
4.331058012863197177e+02
4.331175559266764026e+02
4.331291603015611713e+02
4.331406165216852742e+02
4.331519270495978731e+02
4.331630947884974034e+02
4.331741231269173795e+02
4.331850159376251099e+02
4.331957775322723592e+02
4.332064125763093898e+02
4.332169259712679832e+02
4.332273227134385252e+02
4.332376077393012110e+02
4.332477857686511697e+02
4.332578611561425532e+02
4.332678377611154588e+02
4.332777188440144869e+02
4.332875069957368055e+02
4.332972041037596682e+02
4.333068113564430632e+02
4.333163292842361329e+02
4.333257578341959970e+02
4.333350964721808509e+02
4.333443443054471231e+02
4.333535002174589863e+02
4.333625630061857237e+02
4.333715315174346756e+02
4.333804047653885618e+02
4.333891820338279786e+02
4.333978629529478326e+02
4.334064475486023866e+02
4.334149362626404809e+02
4.334233299449525703e+02
4.334316298195677746e+02
4.334398374287258662e+02
4.334479545599557468e+02
4.334559831621172066e+02
4.334639252566264531e+02
4.334717828501545114e+02
4.334795578545850958e+02
4.334872520192106435e+02
4.334948668790686384e+02
4.335024037220426862e+02
4.335098635758290584e+02
4.335172472146331870e+02
4.335245551839176414e+02
4.335317878405557508e+02
4.335389454046861601e+02
4.335460280190623621e+02
4.335530358112868612e+02
4.335599689544646935e+02
4.335668277220385676e+02
4.335736125332514348e+02
4.335803239864273451e+02
4.335869628782953100e+02
4.335935302085208605e+02
4.336000271697391781e+02
4.336064551242795346e+02
4.336128155696733302e+02
4.336191100956671107e+02
4.336253403359215781e+02
4.336315079178516498e+02
4.336376144139644566e+02
4.336436612978865242e+02
4.336496499077871931e+02
4.336555814193066567e+02
4.336614568293657044e+02
4.336672769514709671e+02
4.336730424222935767e+02
4.336787537186014561e+02
4.336844111829318535e+02
4.336900150558994369e+02
4.336955655126976126e+02
4.337010627011499082e+02
4.337065067786986106e+02
4.337118979459553429e+02
4.337172364746661515e+02
4.337225227285574647e+02
4.337277571759451575e+02
4.337329403936927861e+02
4.337380730626284731e+02
4.337431559551413329e+02
4.337481899161693377e+02
4.337531758391401127e+02
4.337581146387622084e+02
4.337630072226365314e+02
4.337678544636816014e+02
4.337726571752418181e+02
4.337774160904447172e+02
4.337821318470702181e+02
4.337868049787466589e+02
4.337914359128208730e+02
4.337960249748267643e+02
4.338005723989778630e+02
4.338050783437855671e+02
4.338095429115688262e+02
4.338139661704053083e+02
4.338183481770066692e+02
4.338226889989653614e+02
4.338269887349413239e+02
4.338312475315842676e+02
4.338354655961788922e+02
4.338396432044329458e+02
4.338437807030807676e+02
4.338478785073792778e+02
4.338519370939176838e+02
4.338559569894189281e+02
4.338599387564757421e+02
4.338638829773250336e+02
4.338677902368268633e+02
4.338716611058487729e+02
4.338754961261391259e+02
4.338792957976631328e+02
4.338830605691455844e+02
4.338867908323063602e+02
4.338904869200540020e+02
4.338941491085604980e+02
4.338977776229165215e+02
4.339013726458676956e+02
4.339049343288589853e+02
4.339084628046080070e+02
4.339119582002282414e+02
4.339154206500585929e+02
4.339188503072953154e+02
4.339222473537265614e+02
4.339256120069640019e+02
4.339289445248058428e+02
4.339322452065403013e+02
4.339355143912226822e+02
4.339387524531716167e+02
4.339419597950830507e+02
4.339451368393299617e+02
4.339482840180871221e+02
4.339514017630025933e+02
4.339544904951098374e+02
4.339575506156618872e+02
4.339605824984477067e+02
4.339635864840442423e+02
4.339665628763391396e+02
4.339695119414171245e+02
4.339724339088398324e+02
4.339753289751095053e+02
4.339781973090032352e+02
4.339810390583483013e+02
4.339838543577523069e+02
4.339866433366826186e+02
4.339894061274220007e+02
4.339921428723016561e+02
4.339948537298143947e+02
4.339975388792337299e+02
4.340001985234931112e+02
4.340028328902051271e+02
4.340054422308515427e+02
4.340080268182647387e+02
4.340105869426317895e+02
4.340131229063795786e+02
4.340156350183188465e+02
4.340181235874524077e+02
4.340205889169249645e+02
4.340230312984697321e+02
4.340254510077323289e+02
4.340278483007345471e+02
4.340302234116977047e+02
4.340325765522720189e+02
4.340349079122083822e+02
4.340372176613487341e+02
4.340395059527522221e+02
4.340417729266969218e+02
4.340440187152694875e+02
4.340462434471826896e+02
4.340484472525225783e+02
4.340506302670827949e+02
4.340527926360304036e+02
4.340549345166687658e+02
4.340570560801695592e+02
4.340591575121792403e+02
4.340612390123260411e+02
4.340633007926772962e+02
4.340653430753330895e+02
4.340673660893117471e+02
4.340693700669945088e+02
4.340713552403702806e+02
4.340733218373543991e+02
4.340752700784003650e+02
4.340772001736563084e+02
4.340791123207958435e+02
4.340810067036812825e+02
4.340828834918748953e+02
4.340847428410327211e+02
4.340865848940897536e+02
4.340884097831502686e+02
4.340902176319015098e+02
4.340920085584024264e+02
4.340937826779982061e+02
4.340955401062149122e+02
4.340972809613949153e+02
4.340990053669351596e+02
4.341007134529843938e+02
4.341024053575144990e+02
4.341040812267118554e+02
4.341057412147040964e+02
4.341073854826470892e+02
4.341090141972974266e+02
4.341106275291500651e+02
4.341122256503090284e+02
4.341138087322328829e+02
4.341153769435383083e+02
4.341169304479628863e+02
4.341184694026736679e+02
4.341199939569813750e+02
4.341215042515440814e+02
4.341230004181044819e+02
4.341244825797516569e+02
4.341259508516530445e+02
4.341274053422307020e+02
4.341288461546371309e+02
4.341302733884484724e+02
4.341316871414616685e+02
4.341330875114399532e+02
4.341344745977166326e+02
4.341358485025563709e+02
4.341372093321718921e+02
4.341385571973722222e+02
4.341398922137915974e+02
4.341412145017015973e+02
4.341425241854657884e+02
4.341438213926468848e+02
4.341451062528775537e+02
4.341463788965579624e+02
4.341476394534859082e+02
4.341488880515261144e+02
4.341501248153753068e+02
4.341513498655350531e+02
4.341525633175546091e+02
4.341537652815412116e+02
4.341549558620293965e+02
4.341561351581366921e+02
4.341573032640327483e+02
4.341584602696550519e+02
4.341596062616176255e+02
4.341607413242449525e+02
4.341618655406649623e+02
4.341629789938675117e+02
4.341640817676740767e+02
4.341651739475577187e+02
4.341662556212510253e+02
4.341673268791235500e+02
4.341683878143138600e+02
4.341694385225965220e+02
4.341704791020425205e+02
4.341715096524561659e+02
4.341725302746931447e+02
4.341735410698549913e+02
4.341745421384517272e+02
4.341755335795986639e+02
4.341765154902682298e+02
4.341774879646746967e+02
4.341784510938208541e+02
4.341794049652136209e+02
4.341803496627989034e+02
4.341812852670679490e+02
4.341822118553567407e+02
4.341831295022924451e+02
4.341840382803542298e+02
4.341849382605118421e+02
4.341858295128907343e+02
4.341867121074178613e+02
4.341875861144105215e+02
4.341884516050686216e+02
4.341893086518419977e+02
4.341901573286413054e+02
4.341909977109173724e+02
4.341918298755688284e+02
4.341926539007237693e+02
4.341934698653954001e+02
4.341942778490510477e+02
4.341950779311243309e+02
4.341958701905099929e+02
4.341966547050701593e+02
4.341974315511792497e+02
4.341982008033683087e+02
4.341989625340484622e+02
4.341997168133534046e+02
4.342004637091024506e+02
4.342012032868884717e+02
4.342019356102551910e+02
4.342026607409910071e+02
4.342033787394659612e+02
4.342040896650357240e+02
4.342047935764394992e+02
4.342054905321984961e+02
4.342061805909719396e+02
4.342068638118472563e+02
4.342075402545658562e+02
4.342082099796344323e+02
4.342088730483770860e+02
4.342095295228602936e+02
4.342101794657595519e+02
4.342108229401419521e+02
4.342114600091991861e+02
4.342120907359458784e+02
4.342127151829181457e+02
4.342133334118643120e+02
4.342139454834821777e+02
4.342145514571998319e+02
4.342151513910130802e+02
4.342157453414058637e+02
4.342163333633296247e+02
4.342169155102566833e+02
4.342174918343160925e+02
4.342180623864563245e+02
4.342186272166737240e+02
4.342191863742472151e+02
4.342197399079948354e+02
4.342202878665078742e+02
4.342208302983694921e+02
4.342213672523270702e+02
4.342218987774259631e+02
4.342224249230782220e+02
4.342229457390756693e+02
4.342234612755520970e+02
4.342239715828923181e+02
4.342244767115935247e+02
4.342249767121074910e+02
4.342254716346473060e+02
4.342259615290084298e+02
4.342264464443836687e+02
4.342269264292002617e+02
4.342274015309986339e+02
4.342278717963297368e+02
4.342283372707190665e+02
4.342287979986587629e+02
4.342292540236430227e+02
4.342297053882600721e+02
4.342301521342901651e+02
4.342305943028566162e+02
4.342310319345657490e+02
4.342314650696621356e+02
4.342318937481809371e+02
4.342323180100674449e+02
4.342327378952933827e+02
4.342331534439230722e+02
4.342335646961599878e+02
4.342339716923501669e+02
4.342343744729546415e+02
4.342347730784905480e+02
4.342351675494476808e+02
4.342355579261850380e+02
4.342359442488229888e+02
4.342363265571192414e+02
4.342367048903736872e+02
4.342370792873214782e+02
4.342374497860627116e+02
4.342378164240147953e+02
4.342381792378754426e+02
4.342385382636350641e+02
4.342388935366042801e+02
4.342392450914641131e+02
4.342395929623390316e+02
4.342399371828776111e+02
4.342402777863566143e+02
4.342406148057633004e+02
4.342409482738916608e+02
4.342412782234192719e+02
4.342416046869694810e+02
4.342419276971557451e+02
4.342422472866028329e+02
4.342425634879511449e+02
4.342428763338385806e+02
4.342431858568536427e+02
4.342434920894984316e+02
4.342437950641069619e+02
4.342440948127974139e+02
4.342443913673846509e+02
4.342446847593241159e+02
4.342449750196567493e+02
4.342452621789599903e+02
4.342455462673256648e+02
4.342458273143380438e+02
4.342461053490860650e+02
4.342463804001836820e+02
4.342466524957957859e+02
4.342469216636927740e+02
4.342471879313041541e+02
4.342474513257688500e+02
4.342477118740010269e+02
4.342479696027370437e+02
4.342482245385925808e+02
4.342484767080898678e+02
4.342487261376893457e+02
4.342489728538002396e+02
4.342492168827808996e+02
4.342494582509247039e+02
4.342496969844385717e+02
4.342499331094051058e+02
4.342501666517501917e+02
4.342503976371971248e+02
4.342506260912260814e+02
4.342508520390382500e+02
4.342510755055155869e+02
4.342512965152025686e+02
4.342515150922920384e+02
4.342517312606078690e+02
4.342519450436254829e+02
4.342521564644707723e+02
4.342523655459555698e+02
4.342525723105966335e+02
4.342527767806577117e+02
4.342529789781794420e+02
4.342531789250185739e+02
4.342533766428795730e+02
4.342535721533411674e+02
4.342537654778872138e+02
4.342539566379078906e+02
4.342541456547178313e+02
4.342543325495520889e+02
4.342545173435538572e+02
4.342547000577648078e+02
4.342548807130986575e+02
4.342550593303261621e+02
4.342552359300384524e+02
4.342554105326341869e+02
4.342555831582885730e+02
4.342557538269336987e+02
4.342559225582530757e+02
4.342560893716629948e+02
4.342562542863178123e+02
4.342564173211090406e+02
4.342565784946773988e+02
4.342567378254307755e+02
4.342568953315558815e+02
4.342570510310457053e+02
4.342572049417198627e+02
4.342573570812474486e+02
4.342575074671634070e+02
4.342576561168906437e+02
4.342578030477536686e+02
4.342579482769790502e+02
4.342580918217124690e+02
4.342582336990067802e+02
4.342583739258182618e+02
4.342585125190005328e+02
4.342586494952948328e+02
4.342587848713019412e+02
4.342589186634846214e+02
4.342590508881410187e+02
4.342591815613951667e+02
4.342593106991876084e+02
4.342594383172611288e+02
4.342595644311691103e+02
4.342596890562600151e+02
4.342598122076908567e+02
4.342599339004316903e+02
4.342600541492746515e+02
4.342601729688487922e+02
4.342602903736265034e+02
4.342604063779446051e+02
4.342605209960199772e+02
4.342606342419482530e+02
4.342607461297344571e+02
4.342608566732827171e+02
4.342609658864114976e+02
4.342610737828529750e+02
4.342611803762516161e+02
4.342612856801650878e+02
4.342613897080487391e+02
4.342614924732594659e+02
4.342615939890370669e+02
4.342616942685022536e+02
4.342617933246460211e+02
4.342618911703187905e+02
4.342619878182308639e+02
4.342620832809404874e+02
4.342621775708604446e+02
4.342622707002473703e+02
4.342623626812172688e+02
4.342624535257415346e+02
4.342625432456533190e+02
4.342626318526649811e+02
4.342627193583609824e+02
4.342628057742239207e+02
4.342628911116263453e+02
4.342629753818553695e+02
4.342630585961023826e+02
4.342631407654796476e+02
4.342632219010210974e+02
4.342633020136769346e+02
4.342633811143235789e+02
4.342634592137528102e+02
4.342635363226725076e+02
4.342636124516990321e+02
4.342636876113584208e+02
4.342637618120721186e+02
4.342638350641589113e+02
4.342639073778278771e+02
4.342639787631789545e+02
4.342640492301904942e+02
4.342641187887308547e+02
4.342641874485521498e+02
4.342642552192957623e+02
4.342643221104892177e+02
4.342643881315602243e+02
4.342644532918351956e+02
4.342645176005452754e+02
4.342645810668340118e+02
4.342646436997607680e+02
4.342647055083066903e+02
4.342647665013806773e+02
4.342648266878156278e+02
4.342648860763790708e+02
4.342649446757654346e+02
4.342650024946033227e+02
4.342650595414489203e+02
4.342651158247843455e+02
4.342651713530211168e+02
4.342652261344870226e+02
4.342652801774304407e+02
4.342653334900179516e+02
4.342653860803247881e+02
4.342654379563419980e+02
4.342654891259696228e+02
4.342655395970184031e+02
4.342655893772111426e+02
4.342656384741835609e+02
4.342656868954848051e+02
4.342657346485860330e+02
4.342657817408763776e+02
4.342658281796728943e+02
4.342658739722187988e+02
4.342659191256925624e+02
4.342659636472052966e+02
4.342660075438047329e+02
4.342660508224824412e+02
4.342660934901658720e+02
4.342661355537275654e+02
4.342661770199784996e+02
4.342662178956692287e+02
4.342662581874912462e+02
4.342662979020748253e+02
4.342663370459817997e+02
4.342663756257107366e+02
4.342664136476951171e+02
4.342664511182943556e+02
4.342664880438030082e+02
4.342665244304439511e+02
4.342665602843703709e+02
4.342665956116684356e+02
4.342666304183535431e+02
4.342666647103781656e+02
4.342666984936287236e+02
4.342667317739284272e+02
4.342667645570451782e+02
4.342667968486869086e+02
4.342668286545068099e+02
4.342668599801036748e+02
4.342668908310274105e+02
4.342669212127757419e+02
4.342669511307963148e+02
4.342669805904891973e+02
4.342670095972052877e+02
4.342670381562426201e+02
4.342670662728518778e+02
4.342670939522333811e+02
4.342671211995321983e+02
4.342671480198428071e+02
4.342671744182032398e+02
4.342672003996034391e+02
4.342672259689705925e+02
4.342672511311843095e+02
4.342672758910638890e+02
4.342673002533777549e+02
4.342673242228444792e+02
4.342673478041232329e+02
4.342673710018302131e+02
4.342673938205273316e+02
4.342674162647330718e+02
4.342674383389184527e+02
4.342674600475113493e+02
4.342674813948912060e+02
4.342675023854014853e+02
4.342675230233427328e+02
4.342675433129721796e+02
4.342675632585089716e+02
4.342675828641304747e+02
4.342676021339737531e+02
4.342676210721359098e+02
4.342676396826693122e+02
4.342676579695875603e+02
4.342676759368607122e+02
4.342676935884182399e+02
4.342677109281418097e+02
4.342677279598751738e+02
4.342677446874157567e+02
4.342677611145202832e+02
4.342677772449015947e+02
4.342677930822359258e+02
4.342678086301516487e+02
4.342678238922408696e+02
4.342678388720595422e+02
4.342678535731214424e+02
4.342678679989085140e+02
4.342678821528617163e+02
4.342678960383911999e+02
4.342679096588727816e+02
4.342679230176432270e+02
4.342679361180150863e+02
4.342679489632594141e+02
4.342679615566207758e+02
4.342679739013033782e+02
4.342679860004880084e+02
4.342679978573123662e+02
4.342680094748879469e+02
4.342680208562886151e+02
4.342680320045568578e+02
4.342680429226974752e+02
4.342680536136858223e+02
4.342680640804618974e+02
4.342680743259317069e+02
4.342680843529687991e+02
4.342680941644139807e+02
4.342681037630756578e+02
4.342681131517348376e+02
4.342681223331367164e+02
4.342681313099989211e+02
4.342681400850100886e+02
4.342681486608299792e+02
4.342681570400930582e+02
4.342681652254011624e+02
4.342681732193328799e+02
4.342681810244391727e+02
4.342681886432412171e+02
4.342681960782414308e+02
4.342682033319068182e+02
4.342682104066839770e+02
4.342682173049901166e+02
4.342682240292158440e+02
4.342682305817263568e+02
4.342682369648609892e+02
4.342682431809291188e+02
4.342682492322168173e+02
4.342682551209808253e+02
4.342682608494561691e+02
4.342682664198481461e+02
4.342682718343381225e+02
4.342682770950813733e+02
4.342682822042113457e+02
4.342682871638355664e+02
4.342682919760371760e+02
4.342682966428776012e+02
4.342683011663963271e+02
4.342683055486075432e+02
4.342683097915093526e+02
4.342683138970708683e+02
4.342683178672440931e+02
4.342683217039595434e+02
4.342683254091272147e+02
4.342683289846330013e+02
4.342683324323443230e+02
4.342683357541069427e+02
4.342683389517453634e+02
4.342683420270635679e+02
4.342683449818440522e+02
4.342683478178489622e+02
4.342683505368191277e+02
4.342683531404748578e+02
4.342683556305169077e+02
4.342683580086261941e+02
4.342683602764609532e+02
4.342683624356639029e+02
4.342683644878567293e+02
4.342683664346401997e+02
4.342683682776008709e+02
4.342683700183030169e+02
4.342683716582958482e+02
4.342683731991108971e+02
4.342683746422598006e+02
4.342683759892402122e+02
4.342683772415298336e+02
4.342683784005933489e+02
4.342683794678740696e+02
4.342683804448019487e+02
4.342683813327893745e+02
4.342683821332325351e+02
4.342683828475105656e+02
4.342683834769858890e+02
4.342683840230063197e+02
4.342683844869002314e+02
4.342683848699835494e+02
4.342683851735546341e+02
4.342683853988945089e+02
4.342683855472708956e+02
4.342683856199337242e+02
4.342683856181215560e+02
4.342683855430536823e+02
4.342683853959380258e+02
4.342683851779628412e+02
4.342683848903124613e+02
4.342683845341451274e+02
4.342683841106133400e+02
4.342683836208527168e+02
4.342683830659858586e+02
4.342683824471239404e+02
4.342683817653623350e+02
4.342683810217834548e+02
4.342683802174574907e+02
4.342683793534441747e+02
4.342683784307850487e+02
4.342683774505122756e+02
4.342683764136457398e+02
4.342683753211883868e+02
4.342683741741371932e+02
4.342683729734690701e+02
4.342683717201559261e+02
4.342683704151529582e+02
4.342683690594022892e+02
4.342683676538399595e+02
4.342683661993806936e+02
4.342683646969380220e+02
4.342683631474070580e+02
4.342683615516765485e+02
4.342683599106173347e+02
4.342683582250982113e+02
4.342683564959677369e+02
4.342683547240742428e+02
4.342683529102443458e+02
4.342683510553040946e+02
4.342683491600638490e+02
4.342683472253240780e+02
4.342683452518771787e+02
4.342683432405035546e+02
4.342683411919747414e+02
4.342683391070511334e+02
4.342683369864856786e+02
4.342683348310192173e+02
4.342683326413813916e+02
4.342683304182963866e+02
4.342683281624779283e+02
4.342683258746262140e+02
4.342683235554376324e+02
4.342683212055930539e+02
4.342683188257734628e+02
4.342683164166410279e+02
4.342683139788568383e+02
4.342683115130674310e+02
4.342683090199145681e+02
4.342683065000306897e+02
4.342683039540382879e+02
4.342683013825559328e+02
4.342682987861886659e+02
4.342682961655375493e+02
4.342682935211931294e+02
4.342682908537381081e+02
4.342682881637511514e+02
4.342682854517985334e+02
4.342682827184403891e+02
4.342682799642295777e+02
4.342682771897131602e+02
4.342682743954255784e+02
4.342682715818999668e+02
4.342682687496560447e+02
4.342682658992122242e+02
4.342682630310755485e+02
4.342682601457472060e+02
4.342682572437207682e+02
4.342682543254839516e+02
4.342682513915175946e+02
4.342682484422938387e+02
4.342682454782824379e+02
4.342682424999408113e+02
4.342682395077240471e+02
4.342682365020798443e+02
4.342682334834516382e+02
4.342682304522699042e+02
4.342682274089685279e+02
4.342682243539674118e+02
4.342682212876825361e+02
4.342682182105278912e+02
4.342682151229054170e+02
4.342682120252159734e+02
4.342682089178526894e+02
4.342682058012015318e+02
4.342682026756452842e+02
4.342681995415601932e+02
4.342681963993153431e+02
4.342681932492771466e+02
4.342681900918042857e+02
4.342681869272495305e+02
4.342681837559646851e+02
4.342681805782896163e+02
4.342681773945653276e+02
4.342681742051235574e+02
4.342681710102924058e+02
4.342681678103957097e+02
4.342681646057504281e+02
4.342681613966708483e+02
4.342681581834660847e+02
4.342681549664377485e+02
4.342681517458887583e+02
4.342681485221105504e+02
4.342681452953943904e+02
4.342681420660243248e+02
4.342681388342832633e+02
4.342681356004474651e+02
4.342681323647883573e+02
4.342681291275725926e+02
4.342681258890651748e+02
4.342681226495266174e+02
4.342681194092084525e+02
4.342681161683640880e+02
4.342681129272395424e+02
4.342681096860769117e+02
4.342681064451156203e+02
4.342681032045903748e+02
4.342680999647315048e+02
4.342680967257651901e+02
4.342680934879161896e+02
4.342680902514038053e+02
4.342680870164414273e+02
4.342680837832445491e+02
4.342680805520190006e+02
4.342680773229710098e+02
4.342680740963026551e+02
4.342680708722110126e+02
4.342680676508898614e+02
4.342680644325333787e+02
4.342680612173240888e+02
4.342680580054516781e+02
4.342680547970960561e+02
4.342680515924345173e+02
4.342680483916407184e+02
4.342680451948878613e+02
4.342680420023431225e+02
4.342680388141740195e+02
4.342680356305408509e+02
4.342680324516034602e+02
4.342680292775177691e+02
4.342680261084386188e+02
4.342680229445138025e+02
4.342680197858950351e+02
4.342680166327219240e+02
4.342680134851406706e+02
4.342680103432887790e+02
4.342680072073030146e+02
4.342680040773184942e+02
4.342680009534640817e+02
4.342679978358706308e+02
4.342679947246646748e+02
4.342679916199670629e+02
4.342679885219014295e+02
4.342679854305859521e+02
4.342679823461362503e+02
4.342679792686666929e+02
4.342679761982881246e+02
4.342679731351084911e+02
4.342679700792380117e+02
4.342679670307771289e+02
4.342679639898302639e+02
4.342679609564974044e+02
4.342679579308737630e+02
4.342679549130581904e+02
4.342679519031397604e+02
4.342679489012152771e+02
4.342679459073693806e+02
4.342679429216906328e+02
4.342679399442634463e+02
4.342679369751730292e+02
4.342679340144968023e+02
4.342679310623185529e+02
4.342679281187104152e+02
4.342679251837521974e+02
4.342679222575130780e+02
4.342679193400691133e+02
4.342679164314866398e+02
4.342679135318359727e+02
4.342679106411813450e+02
4.342679077595893204e+02
4.342679048871206078e+02
4.342679020238371095e+02
4.342678991697990796e+02
4.342678963250618267e+02
4.342678934896841838e+02
4.342678906637187310e+02
4.342678878472187307e+02
4.342678850402351145e+02
4.342678822428184731e+02
4.342678794550164412e+02
4.342678766768757441e+02
4.342678739084419135e+02
4.342678711497574113e+02
4.342678684008666892e+02
4.342678656618082869e+02
4.342678629326254622e+02
4.342678602133510140e+02
4.342678575040261535e+02
4.342678548046845890e+02
4.342678521153601992e+02
4.342678494360870900e+02
4.342678467668971507e+02
4.342678441078179503e+02
4.342678414588806959e+02
4.342678388201120470e+02
4.342678361915418463e+02
4.342678335731916945e+02
4.342678309650868300e+02
4.342678283672512407e+02
4.342678257797066408e+02
4.342678232024728686e+02
4.342678206355726047e+02
4.342678180790203442e+02
4.342678155328366643e+02
4.342678129970383907e+02
4.342678104716379721e+02
4.342678079566522911e+02
4.342678054520953310e+02
4.342678029579780059e+02
4.342678004743125371e+02
4.342677980011087016e+02
4.342677955383783797e+02
4.342677930861278242e+02
4.342677906443651068e+02
4.342677882130999478e+02
4.342677857923337683e+02
4.342677833820766864e+02
4.342677809823288726e+02
4.342677785930962955e+02
4.342677762143800351e+02
4.342677738461825925e+02
4.342677714885047635e+02
4.342677691413474008e+02
4.342677668047092538e+02
4.342677644785892426e+02
4.342677621629837859e+02
4.342677598578940774e+02
4.342677575633110223e+02
4.342677552792337679e+02
4.342677530056582782e+02
4.342677507425757994e+02
4.342677484899821820e+02
4.342677462478690131e+02
4.342677440162301536e+02
4.342677417950561107e+02
4.342677395843390968e+02
4.342677373840669475e+02
4.342677351942334667e+02
4.342677330148239321e+02
4.342677308458293055e+02
4.342677286872370814e+02
4.342677265390354933e+02
4.342677244012098754e+02
4.342677222737489160e+02
4.342677201566355620e+02
4.342677180498568532e+02
4.342677159533972144e+02
4.342677138672418664e+02
4.342677117913729035e+02
4.342677097257752052e+02
4.342677076704298997e+02
4.342677056253214687e+02
4.342677035904300737e+02
4.342677015657369566e+02
4.342676995512241547e+02
4.342676975468731939e+02
4.342676955526605980e+02
4.342676935685707917e+02
4.342676915945784231e+02
4.342676896306657568e+02
4.342676876768103398e+02
4.342676857329903441e+02
4.342676837991810430e+02
4.342676818753637349e+02
4.342676799615139771e+02
4.342676780576082933e+02
4.342676761636205924e+02
4.342676742795303539e+02
4.342676724053134194e+02
4.342676705409417082e+02
4.342676686863927102e+02
4.342676668416402777e+02
4.342676650066601951e+02
4.342676631814233588e+02
4.342676613659058944e+02
4.342676595600819383e+02
4.342676577639230686e+02
4.342676559774033649e+02
4.342676542004929274e+02
4.342676524331695305e+02
4.342676506753990679e+02
4.342676489271581772e+02
4.342676471884170724e+02
4.342676454591457968e+02
4.342676437393172364e+02
4.342676420289030830e+02
4.342676403278717885e+02
4.342676386361950449e+02
4.342676369538438053e+02
4.342676352807883973e+02
4.342676336169976707e+02
4.342676319624411576e+02
4.342676303170924825e+02
4.342676286809139583e+02
4.342676270538820518e+02
4.342676254359607242e+02
4.342676238271212128e+02
4.342676222273324811e+02
4.342676206365623557e+02
4.342676190547805390e+02
4.342676174819540620e+02
4.342676159180499553e+02
4.342676143630403658e+02
4.342676128168896525e+02
4.342676112795659833e+02
4.342676097510387763e+02
4.342676082312743802e+02
4.342676067202411900e+02
4.342676052179055546e+02
4.342676037242359257e+02
4.342676022391979131e+02
4.342676007627590593e+02
4.342675992948877592e+02
4.342675978355486563e+02
4.342675963847109983e+02
4.342675949423393718e+02
4.342675935084018874e+02
4.342675920828649510e+02
4.342675906656928646e+02
4.342675892568572635e+02
4.342675878563180163e+02
4.342675864640471559e+02
4.342675850800073363e+02
4.342675837041658724e+02
4.342675823364894541e+02
4.342675809769443731e+02
4.342675796254953298e+02
4.342675782821092980e+02
4.342675769467522855e+02
4.342675756193906977e+02
4.342675742999902582e+02
4.342675729885145302e+02
4.342675716849349783e+02
4.342675703892123238e+02
4.342675691013148480e+02
4.342675678212083312e+02
4.342675665488579284e+02
4.342675652842290219e+02
4.342675640272893816e+02
4.342675627780024001e+02
4.342675615363370980e+02
4.342675603022555038e+02
4.342675590757272630e+02
4.342675578567148591e+02
4.342675566451854934e+02
4.342675554411075609e+02
4.342675542444422376e+02
4.342675530551584302e+02
4.342675518732231694e+02
4.342675506985979155e+02
4.342675495312531666e+02
4.342675483711532820e+02
4.342675472182633030e+02
4.342675460725503171e+02
4.342675449339811280e+02
4.342675438025205494e+02
4.342675426781341912e+02
4.342675415607907894e+02
4.342675404504534526e+02
4.342675393470909739e+02
4.342675382506679966e+02
4.342675371611521769e+02
4.342675360785096927e+02
4.342675350027054719e+02
4.342675339337082505e+02
4.342675328714825582e+02
4.342675318159965627e+02
4.342675307672157032e+02
