0.000000000000000000e+00
-2.240743877843343057e-03
-6.814809614329675469e-03
-1.155918790165344490e-02
-1.645207342651389126e-02
-2.148259908774718951e-02
-2.664470224769388551e-02
-3.193525759661497432e-02
-3.735310817401682471e-02
-4.289836222980625280e-02
-4.857187356546432966e-02
-5.437488874355267399e-02
-6.030883121999863761e-02
-6.637518545403509052e-02
-7.257544768100387955e-02
-7.891111747065338022e-02
-8.538371115690779334e-02
-9.199478336697097802e-02
-9.874594616496779054e-02
-1.056388772159948530e-01
-1.126753093718662058e-01
-1.198569945344729604e-01
-1.271856349696349753e-01
-1.346627755842177976e-01
-1.422896513626596970e-01
-1.500669853223826067e-01
-1.579947342432888036e-01
-1.660717822628612339e-01
-1.742955863958286500e-01
-1.826617833011709990e-01
-1.911637732893609609e-01
-1.997923056153467769e-01
-2.085350983240346068e-01
-2.173765358667196779e-01
-2.262974976241594049e-01
-2.352753792060866544e-01
-2.442843743750700014e-01
-2.532960867927158688e-01
-2.622805353278181428e-01
-2.712076022000928788e-01
-2.800489480284795718e-01
-2.887803809703655133e-01
-2.973846190172935167e-01
-3.058543278681327138e-01
-3.141952564988059748e-01
-3.224292358504499134e-01
-3.305967623888363960e-01
-3.387588668159651206e-01
-3.469979770619602277e-01
-3.554175265442154341e-01
-3.641401350739670306e-01
-3.733042707800677817e-01
-3.830594124627850761e-01
-3.935597871783329538e-01
-4.049568066209303652e-01
-4.173903211300284966e-01
-4.309787861271843212e-01
-4.458084230029726314e-01
-4.619215011312007846e-01
-4.793040107033448294e-01
-4.978732521680058198e-01
-5.174662121918345292e-01
-5.378299592028952247e-01
-5.586155750813759369e-01
-5.793772388492470782e-01
-5.995779082857097819e-01
-6.186025590699273380e-01
-6.357791384407391888e-01
-6.504063286718064774e-01
-6.617860247935141160e-01
-6.692573281748082081e-01
-6.722281306381319155e-01
-6.702002977846177600e-01
-6.627852093397450517e-01
-6.497078818794079780e-01
-6.307997144937189660e-01
-6.059815470002831717e-01
-5.752397801030610935e-01
-5.385986491307903634e-01
-4.960915599112922791e-01
-4.477340274225980465e-01
-3.935004383874911582e-01
-3.333065635414413919e-01
-2.669992603705395595e-01
-1.943539588091880432e-01
-1.150793834151500050e-01
-2.882786152190419671e-02
6.479112299837197497e-02
1.661965550192689989e-01
2.758226736017377334e-01
3.941081519540148292e-01
5.214880529330230274e-01
6.583880964248010059e-01
8.052200454515059391e-01
9.623765648946118745e-01
1.130223877105891006e+00
1.309090943503747440e+00
1.499254587790574078e+00
1.700920761055385810e+00
1.914202969247071451e+00
2.139099809998356250e+00
2.375474627688163309e+00
2.623041293820278952e+00
2.881360608732165929e+00
3.149851323099710498e+00
3.427818076612766163e+00
3.714495867050914057e+00
4.009107600031597940e+00
4.310928594520419210e+00
4.619350291211844706e+00
4.933935183472272001e+00
5.254456141456330442e+00
5.580915486556932592e+00
5.913541900042105226e+00
6.252766040912774770e+00
6.599178258959909726e+00
6.953473789045347075e+00
7.316392115278404162e+00
7.688657609409801807e+00
8.070927941240825021e+00
8.463755159793322491e+00
8.867562030943190621e+00
9.282633672375254719e+00
9.709122292102620122e+00
1.014706132458968568e+01
1.059638464575050421e+01
1.105694676765642726e+01
1.152854074155970920e+01
1.201091165311129316e+01
1.250376481211492319e+01
1.300676881128526929e+01
1.351955440961683053e+01
1.404171061610873039e+01
1.457277941612619543e+01
1.511225037177945296e+01
1.565955595938044098e+01
1.621406810604889870e+01
1.677509605142603277e+01
1.734188543591102416e+01
1.791361840467635602e+01
1.848941448468571025e+01
1.906833200009674556e+01
1.964936980673093103e+01
2.023146913432231031e+01
2.081351532650501213e+01
2.139433927352115461e+01
2.197271835524014705e+01
2.254737676177188632e+01
2.311698513985973591e+01
2.368015962110672490e+01
2.423546041097873172e+01
2.478139023596651214e+01
2.531639303767138927e+01
2.583885334418744151e+01
2.634709672509370648e+01
2.683939164348817030e+01
2.731395286735457262e+01
2.776894641974850231e+01
2.820249586563692645e+01
2.861268958918790872e+01
2.899758863574166412e+01
2.935523468992443696e+01
2.968365783316865247e+01
2.998088384931612893e+01
3.024494099902811683e+01
3.047386633052745708e+01
3.066571171003816687e+01
3.081854982359662642e+01
3.093048041792914660e+01
3.099963701745619460e+01
3.102419429086725700e+01
3.100237616016147513e+01
3.093246466437912545e+01
3.081280952076019730e+01
3.064183827542251493e+01
3.041806690495974408e+01
3.014011071725201418e+01
2.980669539858104145e+01
2.941666805863843592e+01
2.896900813027582444e+01
2.846283798224311568e+01
2.789743310033679791e+01
2.727223168550551691e+01
2.658684350872226787e+01
2.584105785591702897e+01
2.503485039466403350e+01
2.416838880088454289e+01
2.324203700055488753e+01
2.225635790870842357e+01
2.121211458466871136e+01
2.011026976709649716e+01
1.895198379873272643e+01
1.773861101210650304e+01
1.647169465758213391e+01
1.515296054896327860e+01
1.378430957775026400e+01
1.236780929362362258e+01
1.090568474478936878e+01
9.400308766839657437e+00
7.854191893067195451e+00
6.273637967684294381e+00
4.648065294224920763e+00
2.986776190212026449e+00
1.293104921220674441e+00
-4.298299132709644255e-01
-2.179214842108422090e+00
-3.952506647466748291e+00
-5.747390062980002767e+00
-7.561732346784310721e+00
-9.393506414932858206e+00
-1.124063803978117448e+01
-1.310073303195360950e+01
-1.497066898066964313e+01
-1.684608852770008980e+01
-1.872088881669503735e+01
-2.058684208852707798e+01
-2.243348740893304694e+01
-2.424839605871648018e+01
-2.601783967869391745e+01
-2.772779947759829611e+01
-2.936517171072114252e+01
-3.091897251321677231e+01
-3.238133809895884951e+01
-3.374815512036832388e+01
-3.501922881031111956e+01
-3.619798360936306381e+01
-3.729077111012998103e+01
-3.830591667418821089e+01
-3.925266052979577580e+01
-4.014014190585521646e+01
-4.097654315097452127e+01
-4.176846591293133315e+01
-4.252056472836147805e+01
-4.323542388098178435e+01
-4.391363646631521078e+01
-4.455403165154189082e+01
-4.515399536447671380e+01
-4.570983738083077697e+01
-4.621716969703402356e+01
-4.667127334480164791e+01
-4.706744073713412035e+01
-4.740128693314261454e+01
-4.766902583791829784e+01
-4.786770719848618683e+01
-4.799540867730513583e+01
-4.805137568468637710e+01
-4.803610115192054764e+01
-4.795133866934497746e+01
-4.780004550605417535e+01
-4.758625661003952700e+01
-4.731489607060336766e+01
-4.699153787536238269e+01
-4.662213230489044236e+01
-4.621271734234733231e+01
-4.576913565058475797e+01
-4.529677689133063723e+01
-4.480036259694327327e+01
-4.428378682959396428e+01
-4.375002097345554830e+01
-4.320108574302298621e+01
-4.263808836551902459e+01
-4.206131833234110218e+01
-4.147039142582423210e+01
-4.086442909895470166e+01
-4.024225878981633286e+01
-3.960262036270785302e+01
-3.894436448747933355e+01
-3.826663024953484182e+01
-3.756899145123168182e+01
-3.685156373033782984e+01
-3.611506759179326309e+01
-3.536084553581622458e+01
-3.459083448704791408e+01
-3.380749751959842797e+01
-3.301372127966760672e+01
-3.221268740663788321e+01
-3.140772754783711207e+01
-3.060217219400499289e+01
-2.979920351234318332e+01
-2.900172164843070277e+01
-2.821223267388677414e+01
-2.743276457854790351e+01
-2.666481558060024781e+01
-2.590933670905963027e+01
-2.516674826512485197e+01
-2.443698755097580033e+01
-2.371958331030850786e+01
-2.301375077333455010e+01
-2.231850012576273912e+01
-2.163275067564791243e+01
-2.095544298395464011e+01
-2.028564172935250554e+01
-1.962262303365469052e+01
-1.896594129822233299e+01
-1.831547218589912518e+01
-1.767143011153268617e+01
-1.703436035759159495e+01
-1.640510759230937765e+01
-1.578476403506169845e+01
-1.517460169852643048e+01
-1.457599397791682350e+01
-1.399033231384328246e+01
-1.341894371548892195e+01
-1.286301460834977206e+01
-1.232352580430790567e+01
-1.180120243860289975e+01
-1.129648155563154432e+01
-1.080949873668896544e+01
-1.034009384017008415e+01
-9.887834655809911055e+00
-9.452056142061564969e+00
-9.031911987824287280e+00
-8.626434569863477009e+00
-8.234598998127353298e+00
-7.855386865084938108e+00
-7.487845534393500202e+00
-7.131139290189821622e+00
-6.784589377353313466e+00
-6.447700837723459699e+00
-6.120175022462490233e+00
-5.801907665884641574e+00
-5.492973373983318197e+00
-5.193598248396256167e+00
-4.904123079541022889e+00
-4.624960061883939488e+00
-4.356546282261888337e+00
-4.099297299948034379e+00
-3.853563979830369135e+00
-3.619595378170515687e+00
-3.397509947600156011e+00
-3.187276667055357393e+00
-2.988706963379854642e+00
-2.801457527473075970e+00
-2.625043390761902629e+00
-2.458859966574095779e+00
-2.302212215444001231e+00
-2.154348696108172589e+00
-2.014498033803533872e+00
-1.881905283432729448e+00
-1.755865781888701349e+00
-1.635754357525115665e+00
-1.521048167846174692e+00
-1.411341938554301123e+00
-1.306354938664753718e+00
-1.205929607429879979e+00
-1.110022310519752864e+00
-1.018687206959270952e+00
-9.320546252109807028e-01
-8.503056513602587074e-01
-7.736448091546890282e-01
-7.022727552791820926e-01
-6.363608257677242364e-01
-5.760290624882600241e-01
-5.213290423034777632e-01
-4.722324489530365099e-01
-4.286258997676668514e-01
-3.903120952618337469e-01
-3.570169308072763670e-01
-3.284018238359749375e-01
-3.040801913916766352e-01
-2.836367796955983067e-01
-2.666484122051997474e-01
-2.527046890793371858e-01
-2.414272386997708963e-01
-2.324862794148430112e-01
-2.256134852311788563e-01
-2.206104413984348867e-01
-2.173523035812650051e-01
-2.157866139970110453e-01
-2.159275557405635482e-01
-2.178462216825209907e-01
-2.216577173644509458e-01
-2.275060951900513828e-01
-2.355482201862741931e-01
-2.459376920072600115e-01
-2.588098955231998843e-01
-2.742691301366448897e-01
-2.923785871631707778e-01
-3.131537195159808107e-01
-3.365592960735739325e-01
-3.625101725310742040e-01
-3.908755586694496742e-01
-4.214863360936078607e-01
-4.541447943779530760e-01
-4.886360177085862233e-01
-5.247400763755649677e-01
-5.622441596592580026e-01
-6.009538279795378912e-01
-6.407026572682070764e-01
-6.813596882830097456e-01
-7.228342671381824402e-01
-7.650780573058000300e-01
-8.080842038189075538e-01
-8.518838234184613611e-01
-8.965401676896362915e-01
-9.421409487410983274e-01
-9.887894196363049559e-01
-1.036594861427602154e+00
-1.085663140372616908e+00
-1.136087966171089647e+00
-1.187943408109958909e+00
-1.241278116980311097e+00
-1.296111567002185438e+00
-1.352432481711730361e+00
-1.410199453930090385e+00
-1.469343621013877055e+00
-1.529773123965128434e+00
-1.591378970169785134e+00
-1.654041840952004350e+00
-1.717639340900859679e+00
-1.782053177887519269e+00
-1.847175788821004971e+00
-1.912915984899427713e+00
-1.979203274196152051e+00
-2.045990623860006963e+00
-2.113255539678675632e+00
-2.180999459998474777e+00
-2.249245575029476640e+00
-2.318035284661164042e+00
-2.387423590843923193e+00
-2.457473780302393607e+00
-2.528251786267674106e+00
-2.599820623488767524e+00
-2.672235268652798368e+00
-2.745538313222027682e+00
-2.819756649053601905e+00
-2.894899366665413254e+00
-2.970956956131090010e+00
-3.047901809002610207e+00
-3.125689931257397802e+00
-3.204263699556349820e+00
-3.283555429277612348e+00
-3.363491477893830961e+00
-3.443996582522686367e+00
-3.524998127522167124e+00
-3.606430055593136785e+00
-3.688236172115239242e+00
-3.770372644053622935e+00
-3.852809558091394138e+00
-3.935531471593321839e+00
-4.018536961689846976e+00
-4.101837244955845563e+00
-4.185454000500612892e+00
-4.269416577573565519e+00
-4.353758802940774331e+00
-4.438515621348642526e+00
-4.523719804167853908e+00
-4.609398946555756993e+00
-4.695572944805121551e+00
-4.782252105203383508e+00
-4.869435986044095444e+00
-4.957113021140003184e+00
-5.045260917586688265e+00
-5.133847768723057925e+00
-5.222833777083678797e+00
-5.312173445058647303e+00
-5.401818065515954004e+00
-5.491718330976709694e+00
-5.581826879734876456e+00
-5.672100609063136289e+00
-5.762502608616046018e+00
-5.853003598992131629e+00
-5.943582798806573919e+00
-6.034228185716528969e+00
-6.124936159099775068e+00
-6.215710652830239269e+00
-6.306561781406685441e+00
-6.397504131147798034e+00
-6.488554827609050335e+00
-6.579731519858569300e+00
-6.671050422286157300e+00
-6.762524544606662857e+00
-6.854162222721924991e+00
-6.945966037659104586e+00
-7.037932180150050954e+00
-7.130050285525953768e+00
-7.222303730659405119e+00
-7.314670353729525232e+00
-7.407123530429771563e+00
-7.499633518679729605e+00
-7.592168969615499918e+00
-7.684698495221709891e+00
-7.777192183869033215e+00
-7.869622963065467047e+00
-7.961967723266411667e+00
-8.054208136241754801e+00
-8.146331125302367582e+00
-8.238328969775693622e+00
-8.330199051937370314e+00
-8.421943278389221632e+00
-8.513567228748797788e+00
-8.605079100825264504e+00
-8.696488532308308095e+00
-8.787805384251441865e+00
-8.879038570468082980e+00
-8.970195010537963753e+00
-9.061278772334389942e+00
-9.152290454445392243e+00
-9.243226840507986708e+00
-9.334080837484862059e+00
-9.424841690355378887e+00
-9.515495446969453042e+00
-9.606025631070792770e+00
-9.696414069020420357e+00
-9.786641807397245429e+00
-9.876690055447170380e+00
-9.966541086935876592e+00
-1.005617904179541711e+01
-1.014559057696124000e+01
-1.023476532838481035e+01
-1.032369616042240068e+01
-1.041237919419518221e+01
-1.050081362232049287e+01
-1.058900133092333817e+01
-1.067694636275450648e+01
-1.076465426429513172e+01
-1.085213136578386184e+01
-1.093938404601590264e+01
-1.102641803212247851e+01
-1.111323778070936896e+01
-1.119984597857126118e+01
-1.128624319224945793e+01
-1.137242768366900236e+01
-1.145839539761868764e+01
-1.154414011454719002e+01
-1.162965375138787749e+01
-1.171492678367371809e+01
-1.179994875505110485e+01
-1.188470883581453563e+01
-1.196919639025247761e+01
-1.205340151373275148e+01
-1.213731550405100279e+01
-1.222093123753336386e+01
-1.230424342818469086e+01
-1.238724875676382453e+01
-1.246994586637777047e+01
-1.255233523016204344e+01
-1.263441890531305489e+01
-1.271620019461397533e+01
-1.279768324225949527e+01
-1.287887259411922969e+01
-1.295977275362690762e+01
-1.304038776359777785e+01
-1.312072084133342287e+01
-1.320077408941324393e+01
-1.328054829877271459e+01
-1.336004285347689802e+01
-1.343925573935678131e+01
-1.351818365163126145e+01
-1.359682218995521907e+01
-1.367516612385657027e+01
-1.375320970765915263e+01
-1.383094702110247454e+01
-1.390837231151272135e+01
-1.398548031390851065e+01
-1.406226652819009360e+01
-1.413872743610568250e+01
-1.421486064570922281e+01
-1.429066495623158062e+01
-1.436614034233832626e+01
-1.444128786184626279e+01
-1.451610949645635174e+01
-1.459060793888124863e+01
-1.466478634305929063e+01
-1.473864805592984339e+01
-1.481219634967328602e+01
-1.488543417258529189e+01
-1.495836393478020909e+01
-1.503098734169498130e+01
-1.510330528491385849e+01
-1.517531779507203282e+01
-1.524702405773803093e+01
-1.531842248829229902e+01
-1.538951085841722488e+01
-1.546028646325692080e+01
-1.553074631631693592e+01
-1.560088735745000577e+01
-1.567070665933192686e+01
-1.574020161827706943e+01
-1.580937011703872486e+01
-1.587821064964589368e+01
-1.594672240113288808e+01
-1.601490527879730053e+01
-1.608275989450601173e+01
-1.615028750149076586e+01
-1.621748989160300880e+01
-1.628436926166364174e+01
-1.635092805924773529e+01
-1.641716881926083715e+01
-1.648309400269431535e+01
-1.654870584852028514e+01
-1.661400624819361838e+01
-1.667899665038726198e+01
-1.674367800116601757e+01
-1.680805072220175589e+01
-1.687211472692672487e+01
-1.693586947197377413e+01
-1.699931403888945169e+01
-1.706244723926658935e+01
-1.712526773524041346e+01
-1.718777416637658462e+01
-1.724996527411462921e+01
-1.731184001523899951e+01
-1.737339765725755569e+01
-1.743463784968014352e+01
-1.749556066751142680e+01
-1.755616662496402114e+01
-1.761645665975129305e+01
-1.767643209012396710e+01
-1.773609454879476743e+01
-1.779544589905754037e+01
-1.785448813957668790e+01
-1.791322330484922531e+01
-1.797165336816328818e+01
-1.802978015362225506e+01
-1.808760526283788295e+01
-1.814513002064916236e+01
-1.820235544279967144e+01
-1.825928222680738600e+01
-1.831591076579343280e+01
-1.837224118320500565e+01
-1.842827338540541859e+01
-1.848400712754357755e+01
-1.853944208797861393e+01
-1.859457794541651765e+01
-1.864941445379940888e+01
-1.870395150959029706e+01
-1.875818920731080652e+01
-1.881212788000254932e+01
-1.886576812241469270e+01
-1.891911079608325963e+01
-1.897215701659479237e+01
-1.902490812473411097e+01
-1.907736564399726831e+01
-1.912953122802878170e+01
-1.918140660190749713e+01
-1.923299350145941844e+01
-1.928429361497501304e+01
-1.933530853100478453e+01
-1.938603969563405371e+01
-1.943648838175670335e+01
-1.948665567186128555e+01
-1.953654245505776998e+01
-1.958614943777263306e+01
-1.963547716708387725e+01
-1.968452606423409179e+01
-1.973329646593538200e+01
-1.978178867010274189e+01
-1.983000298274851048e+01
-1.987793976290527098e+01
-1.992559946236326596e+01
-1.997298265790232108e+01
-2.002009007403989926e+01
-2.006692259510691656e+01
-2.011348126624352517e+01
-2.015976728379348515e+01
-2.020578197598752013e+01
-2.025152677581741045e+01
-2.029700318808363591e+01
-2.034221275325967326e+01
-2.038715701056980834e+01
-2.043183746300042003e+01
-2.047625554642308998e+01
-2.052041260477983542e+01
-2.056430987281771650e+01
-2.060794846716942175e+01
-2.065132938603812818e+01
-2.069445351725198634e+01
-2.073732165357080248e+01
-2.077993451418797122e+01
-2.082229277041824389e+01
-2.086439707380918662e+01
-2.090624808462291639e+01
-2.094784649866323889e+01
-2.098919307073924756e+01
-2.103028863326267128e+01
-2.107113410892748107e+01
-2.111173051677565127e+01
-2.115207897158279593e+01
-2.119218067683516438e+01
-2.123203691195362808e+01
-2.127164901504170302e+01
-2.131101836230618574e+01
-2.135014634581216342e+01
-2.138903435111933504e+01
-2.142768373633680312e+01
-2.146609581386337595e+01
-2.150427183614579008e+01
-2.154221298597121859e+01
-2.157992037207066005e+01
-2.161739502989598805e+01
-2.165463792732202819e+01
-2.169164997482323542e+01
-2.172843203904130860e+01
-2.176498495884118256e+01
-2.180130956255538877e+01
-2.183740668519976680e+01
-2.187327718453218495e+01
-2.190892195482865645e+01
-2.194434193759866503e+01
-2.197953812853040745e+01
-2.201451158047223089e+01
-2.204926340225733838e+01
-2.208379475376909795e+01
-2.211810683755675200e+01
-2.215220088790033515e+01
-2.218607815799293803e+01
-2.221973990631579454e+01
-2.225318738313649192e+01
-2.228642181791315124e+01
-2.231944440871052393e+01
-2.235225631386049372e+01
-2.238485864678045800e+01
-2.241725247383362785e+01
-2.244943881534004504e+01
-2.248141864968863501e+01
-2.251319291991080718e+01
-2.254476254230610266e+01
-2.257612841642253443e+01
-2.260729143559706245e+01
-2.263825249740659729e+01
-2.266901251320064148e+01
-2.269957241621057165e+01
-2.272993316763495386e+01
-2.276009576047817973e+01
-2.279006122085081643e+01
-2.281983060682489395e+01
-2.284940500498805704e+01
-2.287878552506356300e+01
-2.290797329290285234e+01
-2.293696944262774196e+01
-2.296577510825125046e+01
-2.299439141552784349e+01
-2.302281947450001098e+01
-2.305106037323366763e+01
-2.307911517316392747e+01
-2.310698490620734447e+01
-2.313467057386344550e+01
-2.316217314822199569e+01
-2.318949357476128625e+01
-2.321663277660286440e+01
-2.324359165999817378e+01
-2.327037112050231826e+01
-2.329697204940862321e+01
-2.332339534006393933e+01
-2.334964189354730024e+01
-2.337571262338269662e+01
-2.340160845903506015e+01
-2.342733034793673141e+01
-2.345287925599666323e+01
-2.347825616665772941e+01
-2.350346207854215663e+01
-2.352849800194019281e+01
-2.355336495446761091e+01
-2.357806395616171358e+01
-2.360259602438236470e+01
-2.362696216890230971e+01
-2.365116338750419800e+01
-2.367520066230736120e+01
-2.369907495716040557e+01
-2.372278721609256991e+01
-2.374633836300620260e+01
-2.376972930250917670e+01
-2.379296092179993138e+01
-2.381603409343040312e+01
-2.383894967876972260e+01
-2.386170853180317408e+01
-2.388431150305984829e+01
-2.390675944345116477e+01
-2.392905320757540721e+01
-2.395119365654466037e+01
-2.397318165986962413e+01
-2.399501809659398077e+01
-2.401670385539750896e+01
-2.403823983388315355e+01
-2.405962693695551025e+01
-2.408086607461939366e+01
-2.410195815924339513e+01
-2.412290410250500372e+01
-2.414370481233629562e+01
-2.416436118994965909e+01
-2.418487412724721253e+01
-2.420524450469395106e+01
-2.422547318984504727e+01
-2.424556103656721007e+01
-2.426550888497513370e+01
-2.428531756208576553e+01
-2.430498788307738778e+01
-2.432452065304823918e+01
-2.434391666923454522e+01
-2.436317672332370421e+01
-2.438230160385717227e+01
-2.440129209852864278e+01
-2.442014899616947332e+01
-2.443887308834746364e+01
-2.445746517046029567e+01
-2.447592604230635516e+01
-2.449425650803243570e+01
-2.451245737562453542e+01
-2.453052945583851852e+01
-2.454847356077311815e+01
-2.456629050218680277e+01
-2.458398108961137041e+01
-2.460154612850033118e+01
-2.461898641844675240e+01
-2.463630275169566630e+01
-2.465349591185395184e+01
-2.467056667315830509e+01
-2.468751579999877777e+01
-2.470434404706861642e+01
-2.472105215975568626e+01
-2.473764087504605413e+01
-2.475411092261833801e+01
-2.477046302623523388e+01
-2.478669790518233640e+01
-2.480281627574504455e+01
-2.481881885253562814e+01
-2.483470634973082269e+01
-2.485047948195460776e+01
-2.486613896491871856e+01
-2.488168551566946007e+01
-2.489711985253688908e+01
-2.491244269474918838e+01
-2.492765476172996841e+01
-2.494275677221548904e+01
-2.495774944318577582e+01
-2.497263348874639632e+01
-2.498740961894986867e+01
-2.500207853883989628e+01
-2.501664094743841815e+01
-2.503109753716228170e+01
-2.504544899331790475e+01
-2.505969599392244618e+01
-2.507383920983352255e+01
-2.508787930505047825e+01
-2.510181693729373364e+01
-2.511565275872919756e+01
-2.512938741680704879e+01
-2.514302155519840198e+01
-2.515655581462760892e+01
-2.516999083374901147e+01
-2.518332724980439252e+01
-2.519656569918049627e+01
-2.520970681774770128e+01
-2.522275124098382548e+01
-2.523569960389465905e+01
-2.524855254077658628e+01
-2.526131068472477637e+01
-2.527397466711704510e+01
-2.528654511692752749e+01
-2.529902266005092315e+01
-2.531140791863754202e+01
-2.532370151044233353e+01
-2.533590404833262255e+01
-2.534801613990703117e+01
-2.536003838720682779e+01
-2.537197138672786423e+01
-2.538381572944990694e+01
-2.539557200108936286e+01
-2.540724078247035322e+01
-2.541882265001481755e+01
-2.543031817623898405e+01
-2.544172793033271773e+01
-2.545305247868793685e+01
-2.546429238540827100e+01
-2.547544821272140325e+01
-2.548652052125169121e+01
-2.549750987026948224e+01
-2.550841681771828462e+01
-2.551924192013734682e+01
-2.552998573251090875e+01
-2.554064880797909609e+01
-2.555123169748731016e+01
-2.556173494935535473e+01
-2.557215910891409294e+01
-2.558250471807082249e+01
-2.559277231496480454e+01
-2.560296243363586655e+01
-2.561307560384830140e+01
-2.562311235096194650e+01
-2.563307319589966937e+01
-2.564295865524002238e+01
-2.565276924138697723e+01
-2.566250546279115952e+01
-2.567216782428931765e+01
-2.568175682739990862e+01
-2.569127297067961990e+01
-2.570071675008193779e+01
-2.571008865919839081e+01
-2.571938918957050646e+01
-2.572861883081634460e+01
-2.573777807077544821e+01
-2.574686739549861159e+01
-2.575588728924151383e+01
-2.576483823431385645e+01
-2.577372071091269845e+01
-2.578253519691679685e+01
-2.579128216763638193e+01
-2.579996209556099984e+01
-2.580857545012997889e+01
-2.581712269752244993e+01
-2.582560430048522448e+01
-2.583402071821501522e+01
-2.584237240632160137e+01
-2.585065981681771063e+01
-2.585888339817097403e+01
-2.586704359546024534e+01
-2.587514085048758261e+01
-2.588317560201005563e+01
-2.589114828593039874e+01
-2.589905933553404793e+01
-2.590690918164204959e+01
-2.591469825286446849e+01
-2.592242697567644427e+01
-2.593009577459383763e+01
-2.593770507216947863e+01
-2.594525528904500788e+01
-2.595274684391631581e+01
-2.596018015342838225e+01
-2.596755563209580941e+01
-2.597487369218345066e+01
-2.598213474351439345e+01
-2.598933919337468978e+01
-2.599648744633645947e+01
-2.600357990416716802e+01
-2.601061696572287474e+01
-2.601759902689968840e+01
-2.602452648058931572e+01
-2.603139971673090258e+01
-2.603821912233786406e+01
-2.604498508156973458e+01
-2.605169797585449487e+01
-2.605835818402374571e+01
-2.606496608242150614e+01
-2.607152204505916870e+01
-2.607802644373191470e+01
-2.608447964811773545e+01
-2.609088202591487970e+01
-2.609723394284685583e+01
-2.610353576271893417e+01
-2.610978784746623660e+01
-2.611599055705687533e+01
-2.612214424950502689e+01
-2.612824928077566256e+01
-2.613430600473247978e+01
-2.614031477303058182e+01
-2.614627593502859781e+01
-2.615218983775582728e+01
-2.615805682576319668e+01
-2.616387724118419555e+01
-2.616965142359242691e+01
-2.617537971009619469e+01
-2.618106243528779942e+01
-2.618669993132255058e+01
-2.619229252794707463e+01
-2.619784055259924571e+01
-2.620334433045900369e+01
-2.620880418456226835e+01
-2.621422043587813278e+01
-2.621959340337502908e+01
-2.622492340410531142e+01
-2.623021075326323626e+01
-2.623545576420553971e+01
-2.624065874850782620e+01
-2.624582001591591052e+01
-2.625093987439868215e+01
-2.625601863006102121e+01
-2.626105658714686797e+01
-2.626605404798954169e+01
-2.627101131292874925e+01
-2.627592868031683793e+01
-2.628080644643523556e+01
-2.628564490547717014e+01
-2.629044434952572828e+01
-2.629520506853464212e+01
-2.629992735034068119e+01
-2.630461148066410715e+01
-2.630925774318563981e+01
-2.631386641949382010e+01
-2.631843778924644539e+01
-2.632297213014146564e+01
-2.632746971800668234e+01
-2.633193082686977959e+01
-2.633635572894581856e+01
-2.634074469478548508e+01
-2.634509799319357626e+01
-2.634941589135883078e+01
-2.635369865478401152e+01
-2.635794654737196652e+01
-2.636215983133831742e+01
-2.636633876724545189e+01
-2.637048361398819907e+01
-2.637459462873823668e+01
-2.637867206693556454e+01
-2.638271618226099235e+01
-2.638672722662624892e+01
-2.639070545012009461e+01
-2.639465110105970780e+01
-2.639856442591712948e+01
-2.640244566940327786e+01
-2.640629507440394264e+01
-2.641011288206800600e+01
-2.641389933181028482e+01
-2.641765466132767415e+01
-2.642137910666451717e+01
-2.642507290225091765e+01
-2.642873628090205784e+01
-2.643236947389436864e+01
-2.643597271097928569e+01
-2.643954622040723734e+01
-2.644309022892502981e+01
-2.644660496182439147e+01
-2.645009064292560197e+01
-2.645354749457010257e+01
-2.645697573762390675e+01
-2.646037559146918738e+01
-2.646374727398006144e+01
-2.646709100153475447e+01
-2.647040698897149014e+01
-2.647369544959758514e+01
-2.647695659517569311e+01
-2.648019063593994815e+01
-2.648339778057402327e+01
-2.648657823623022978e+01
-2.648973220853713428e+01
-2.649285990164798932e+01
-2.649596151820446721e+01
-2.649903725940839649e+01
-2.650208732503801912e+01
-2.650511191344389772e+01
-2.650811122163304390e+01
-2.651108544521298427e+01
-2.651403477848350576e+01
-2.651695941442199000e+01
-2.651985954468125328e+01
-2.652273535963695394e+01
-2.652558704834666514e+01
-2.652841479860921936e+01
-2.653121879688251283e+01
-2.653399922835933467e+01
-2.653675627692689432e+01
-2.653949012514283368e+01
-2.654220095427422166e+01
-2.654488894424434875e+01
-2.654755427370582765e+01
-2.655019711993440978e+01
-2.655281765894721957e+01
-2.655541606543897615e+01
-2.655799251280734552e+01
-2.656054717317874747e+01
-2.656308021742233905e+01
-2.656559181515956425e+01
-2.656808213478575453e+01
-2.657055134347831427e+01
-2.657299960724049015e+01
-2.657542709089545951e+01
-2.657783395809406102e+01
-2.658022037135742721e+01
-2.658258649204913127e+01
-2.658493248041645529e+01
-2.658725849557185938e+01
-2.658956469549627855e+01
-2.659185123706674858e+01
-2.659411827602127687e+01
-2.659636596697532696e+01
-2.659859446341954481e+01
-2.660080391773067277e+01
-2.660299448113266862e+01
-2.660516630376389458e+01
-2.660731953460663135e+01
-2.660945432156267998e+01
-2.661157081139560887e+01
-2.661366914980476395e+01
-2.661574948137547381e+01
-2.661781194964146380e+01
-2.661985669705768487e+01
-2.662188386503726178e+01
-2.662389359396456712e+01
-2.662588602319704023e+01
-2.662786129107871602e+01
-2.662981953495454945e+01
-2.663176089118928758e+01
-2.663368549513916150e+01
-2.663559348121941639e+01
-2.663748498283007393e+01
-2.663936013244267542e+01
-2.664121906153809505e+01
-2.664306190063894064e+01
-2.664488877929466071e+01
-2.664669982611087562e+01
-2.664849516872129698e+01
-2.665027493380102896e+01
-2.665203924708384875e+01
-2.665378823332707725e+01
-2.665552201637990493e+01
-2.665724071912063664e+01
-2.665894446351501301e+01
-2.666063337060882077e+01
-2.666230756052550532e+01
-2.666396715250027682e+01
-2.666561226485646330e+01
-2.666724301506360462e+01
-2.666885951968242807e+01
-2.667046189443635740e+01
-2.667205025418547848e+01
-2.667362471293517956e+01
-2.667518538386002547e+01
-2.667673237927488117e+01
-2.667826581069925851e+01
-2.667978578876341089e+01
-2.668129242333930051e+01
-2.668278582343441485e+01
-2.668426609723871934e+01
-2.668573335213648079e+01
-2.668718769467670882e+01
-2.668862923062533810e+01
-2.669005806490838495e+01
-2.669147430167902257e+01
-2.669287804425448485e+01
-2.669426939520542419e+01
-2.669564845626496208e+01
-2.669701532843350833e+01
-2.669837011190338671e+01
-2.669971290613307247e+01
-2.670104380978943936e+01
-2.670236292082552154e+01
-2.670367033642651222e+01
-2.670496615304909938e+01
-2.670625046643147016e+01
-2.670752337157409784e+01
-2.670878496275986436e+01
-2.671003533357577453e+01
-2.671127457687816786e+01
-2.671250278482693830e+01
-2.671372004888235097e+01
-2.671492645979776626e+01
-2.671612210763930761e+01
-2.671730708177699398e+01
-2.671848147087894176e+01
-2.671964536295286052e+01
-2.672079884529102856e+01
-2.672194200453873236e+01
-2.672307492664185702e+01
-2.672419769689940949e+01
-2.672531039993020840e+01
-2.672641311970335209e+01
-2.672750593952730469e+01
-2.672858894209093705e+01
-2.672966220940384119e+01
-2.673072582287682053e+01
-2.673177986326470545e+01
-2.673282441072774418e+01
-2.673385954477339510e+01
-2.673488534434011399e+01
-2.673590188771038356e+01
-2.673690925260052609e+01
-2.673790751610420102e+01
-2.673889675473014904e+01
-2.673987704437729462e+01
-2.674084846037055740e+01
-2.674181107743891062e+01
-2.674276496972981931e+01
-2.674371021080116861e+01
-2.674464687364456950e+01
-2.674557503066921527e+01
-2.674649475371347762e+01
-2.674740611405081836e+01
-2.674830918239888433e+01
-2.674920402889733850e+01
-2.675009072315958747e+01
-2.675096933423640166e+01
-2.675183993062023546e+01
-2.675270258029820525e+01
-2.675355735070149876e+01
-2.675440430873072728e+01
-2.675524352076172363e+01
-2.675607505265782038e+01
-2.675689896977348781e+01
-2.675771533691886361e+01
-2.675852421841750584e+01
-2.675932567808843032e+01
-2.676011977922985352e+01
-2.676090658465682282e+01
-2.676168615669200790e+01
-2.676245855711817967e+01
-2.676322384730269732e+01
-2.676398208804835122e+01
-2.676473333972660384e+01
-2.676547766219982805e+01
-2.676621511486132476e+01
-2.676694575661781528e+01
-2.676766964592445674e+01
-2.676838684075664787e+01
-2.676909739861594062e+01
-2.676980137656482839e+01
-2.677049883119389051e+01
-2.677118981864975922e+01
-2.677187439462670682e+01
-2.677255261437687750e+01
-2.677322453270289770e+01
-2.677389020397959030e+01
-2.677454968215113240e+01
-2.677520302072002778e+01
-2.677585027275085849e+01
-2.677649149092064818e+01
-2.677712672744019073e+01
-2.677775603412464989e+01
-2.677837946237832512e+01
-2.677899706316100037e+01
-2.677960888706172682e+01
-2.678021498422378954e+01
-2.678081540440871322e+01
-2.678141019695760860e+01
-2.678199941082073110e+01
-2.678258309457373798e+01
-2.678316129633287801e+01
-2.678373406389891898e+01
-2.678430144463845863e+01
-2.678486348553735752e+01
-2.678542023322552268e+01
-2.678597173392427067e+01
-2.678651803349725924e+01
-2.678705917742900056e+01
-2.678759521084350581e+01
-2.678812617848791433e+01
-2.678865212474852342e+01
-2.678917309365465371e+01
-2.678968912888296927e+01
-2.679020027373258017e+01
-2.679070657117426890e+01
-2.679120806381854436e+01
-2.679170479391825666e+01
-2.679219680340122522e+01
-2.679268413382703784e+01
-2.679316682643536751e+01
-2.679364492211266224e+01
-2.679411846141863407e+01
-2.679458748457841466e+01
-2.679505203147255088e+01
-2.679551214167076978e+01
-2.679596785440992335e+01
-2.679641920860422033e+01
-2.679686624284124719e+01
-2.679730899539845268e+01
-2.679774750423393925e+01
-2.679818180700044650e+01
-2.679861194102045374e+01
-2.679903794334120448e+01
-2.679945985066251524e+01
-2.679987769942567866e+01
-2.680029152574559248e+01
-2.680070136542622095e+01
-2.680110725401073068e+01
-2.680150922672385150e+01
-2.680190731849847907e+01
-2.680230156398715735e+01
-2.680269199756139642e+01
-2.680307865326778938e+01
-2.680346156492021237e+01
-2.680384076601910692e+01
-2.680421628979934212e+01
-2.680458816920599929e+01
-2.680495643691529040e+01
-2.680532112534069711e+01
-2.680568226660739128e+01
-2.680603989258327147e+01
-2.680639403486213723e+01
-2.680674472477960535e+01
-2.680709199341333715e+01
-2.680743587156359808e+01
-2.680777638979566291e+01
-2.680811357839536413e+01
-2.680844746742445750e+01
-2.680877808665877637e+01
-2.680910546564518881e+01
-2.680942963368829624e+01
-2.680975061981951058e+01
-2.681006845286071893e+01
-2.681038316136391586e+01
-2.681069477364462728e+01
-2.681100331780646684e+01
-2.681130882167235541e+01
-2.681161131286421551e+01
-2.681191081875658710e+01
-2.681220736649265746e+01
-2.681250098298676221e+01
-2.681279169493859627e+01
-2.681307952878694323e+01
-2.681336451078914251e+01
-2.681364666694480547e+01
-2.681392602305390938e+01
-2.681420260469019468e+01
-2.681447643721605800e+01
-2.681474754576152009e+01
-2.681501595526412984e+01
-2.681528169043770049e+01
-2.681554477578902151e+01
-2.681580523561785867e+01
-2.681606309400808641e+01
-2.681631837485747383e+01
-2.681657110183357418e+01
-2.681682129843022722e+01
-2.681706898791765070e+01
-2.681731419337620537e+01
-2.681755693769559912e+01
-2.681779724355419603e+01
-2.681803513345221290e+01
-2.681827062968318387e+01
-2.681850375435442402e+01
-2.681873452938748414e+01
-2.681896297651076111e+01
-2.681918911727075283e+01
-2.681941297301625582e+01
-2.681963456492189835e+01
-2.681985391399530272e+01
-2.682007104102035555e+01
-2.682028596664656561e+01
-2.682049871133392571e+01
-2.682070929533256276e+01
-2.682091773876959451e+01
-2.682112406156670659e+01
-2.682132828346823317e+01
-2.682153042408401689e+01
-2.682173050280709958e+01
-2.682192853889739581e+01
-2.682212455143394436e+01
-2.682231855933275710e+01
-2.682251058134522737e+01
-2.682270063606165422e+01
-2.682288874190874139e+01
-2.682307491715391734e+01
-2.682325917990351627e+01
-2.682344154811266890e+01
-2.682362203957131896e+01
-2.682380067191820672e+01
-2.682397746264393845e+01
-2.682415242907188713e+01
-2.682432558839047942e+01
-2.682449695762443298e+01
-2.682466655366079067e+01
-2.682483439323732455e+01
-2.682500049293253142e+01
-2.682516486919439558e+01
-2.682532753832526851e+01
-2.682548851647311494e+01
-2.682564781965538714e+01
-2.682580546375311314e+01
-2.682596146448952368e+01
-2.682611583746893302e+01
-2.682626859814820364e+01
-2.682641976184868327e+01
-2.682656934375995661e+01
-2.682671735893177356e+01
-2.682686382230156141e+01
-2.682700874863462559e+01
-2.682715215261566755e+01
-2.682729404875658474e+01
-2.682743445146047634e+01
-2.682757337500765971e+01
-2.682771083354145958e+01
-2.682784684108480633e+01
-2.682798141153773486e+01
-2.682811455866715278e+01
-2.682824629614617606e+01
-2.682837663748125578e+01
-2.682850559608687036e+01
-2.682863318526153762e+01
-2.682875941817474086e+01
-2.682888430789228096e+01
-2.682900786734410303e+01
-2.682913010935931197e+01
-2.682925104664468563e+01
-2.682937069181321021e+01
-2.682948905732848743e+01
-2.682960615557374240e+01
-2.682972199881191955e+01
-2.682983659919864294e+01
-2.682994996877152971e+01
-2.683006211947531483e+01
-2.683017306312558503e+01
-2.683028281146232530e+01
-2.683039137609603131e+01
-2.683049876853510796e+01
-2.683060500019564643e+01
-2.683071008239119237e+01
-2.683081402631592027e+01
-2.683091684307464675e+01
-2.683101854368419481e+01
-2.683111913904406265e+01
-2.683121863995268086e+01
-2.683131705714095006e+01
-2.683141440120402876e+01
-2.683151068266056427e+01
-2.683160591194371136e+01
-2.683170009937089162e+01
-2.683179325518494807e+01
-2.683188538952344970e+01
-2.683197651243983728e+01
-2.683206663388955349e+01
-2.683215576373868316e+01
-2.683224391177532198e+01
