-8.744672760565348106e-04
-8.744672854814460744e-04
-8.744672807202605964e-04
-8.744672807165951257e-04
-8.744672807297725189e-04
-8.744672807179212134e-04
-8.744672807301681443e-04
-8.744672807325493775e-04
-8.744672807319210824e-04
-8.744672807227451541e-04
-8.744672807271321614e-04
-8.744672807366366029e-04
-8.744672807351714120e-04
-8.744672807261947602e-04
-8.744672807296781933e-04
-8.744672807276542047e-04
-8.744672807255648387e-04
-8.744672807223378194e-04
-8.744672807317454416e-04
-8.744672807307500356e-04
-8.744672807210569429e-04
-8.744672807365561551e-04
-8.744672807337360368e-04
-8.744672807270278611e-04
-8.744672807266826511e-04
-8.744672807305185584e-04
-8.744672807218686851e-04
-8.744672807319066625e-04
-8.744672807320386099e-04
-8.744672807208614613e-04
-8.744672807272325585e-04
-8.744672807242026471e-04
-8.744672807228184462e-04
-8.744672807204441518e-04
-8.744672807269668205e-04
-8.744672807266667134e-04
-8.744672807411992509e-04
-8.744672807326764460e-04
-8.744672807391377489e-04
-8.744672807263916513e-04
-8.744672807284075084e-04
-8.744672807213833962e-04
-8.744672807148142152e-04
-8.744672807217378219e-04
-8.744672807273237399e-04
-8.744672807200579590e-04
-8.744672807310219535e-04
-8.744672807203149149e-04
-8.744672807229770650e-04
-8.744672807284770057e-04
-8.744672807254562016e-04
-8.744672807287325522e-04
-8.744672807356936722e-04
-8.744672807253478898e-04
-8.744672807194306396e-04
-8.744672807253884390e-04
-8.744672807283294458e-04
-8.744672807288793532e-04
-8.744672807260126142e-04
-8.744672807241021415e-04
-8.744672807351034326e-04
-8.744672807313725845e-04
-8.744672807241673021e-04
-8.744672807220550594e-04
-8.744672807190400016e-04
-8.744672807284528280e-04
-8.744672807175535604e-04
-8.744672807267902040e-04
-8.744672807210094548e-04
-8.744672807249390372e-04
-8.744672807283541656e-04
-8.744672807235487648e-04
-8.744672807292219610e-04
-8.744672807370595501e-04
-8.744672807291407543e-04
-8.744672807248612999e-04
-8.744672807217242693e-04
-8.744672807301206562e-04
-8.744672807191090653e-04
-8.744672807282299161e-04
-8.744672807331876473e-04
-8.744672807254846077e-04
-8.744672807337128349e-04
-8.744672807255676576e-04
-8.744672807163207141e-04
-8.744672807282312171e-04
-8.744672807319505727e-04
-8.744672807319116498e-04
-8.744672807319138182e-04
-8.744672807181099730e-04
-8.744672807235542942e-04
-8.744672807295240198e-04
-8.744672807277398567e-04
-8.744672807359952973e-04
-8.744672807345304317e-04
-8.744672807281811270e-04
-8.744672807336431207e-04
-8.744672807294314289e-04
-8.744672807241813967e-04
-8.744672807281154243e-04
