0.000000000000000000e+00
6.768156139843948260e-01
1.441891357200411505e+00
2.254102829872446812e+00
3.113220530738665559e+00
4.008673833786486895e+00
4.940273881300326408e+00
5.902588152032013369e+00
6.895422824312142041e+00
7.915274607575062404e+00
8.961937385964068525e+00
1.003287256338345657e+01
1.112786306208121445e+01
1.224493502323031535e+01
1.338386496684577409e+01
1.454304675513164113e+01
1.572225699569151658e+01
1.692015006816759737e+01
1.813651080423186102e+01
1.937019273115876672e+01
2.062099866462283160e+01
2.188794594698207874e+01
2.317086676482465180e+01
2.446892302843534139e+01
2.578198925236783623e+01
2.710936325216178489e+01
2.845097623778188023e+01
2.980626050738909782e+01
3.117521945585614418e+01
3.255742342099267006e+01
3.395296416271917650e+01
3.536155688265256458e+01
3.678339799934025223e+01
3.821835622752789163e+01
3.966674833798103350e+01
4.112860571927583919e+01
4.260437975728892468e+01
4.409427293011508198e+01
4.559888314436323498e+01
4.711859040348473826e+01
4.865414767871848056e+01
5.020611572409228529e+01
5.177540669624313807e+01
5.336276089696283975e+01
5.496924830055125710e+01
5.659578199287461331e+01
5.824358197082428035e+01
5.991372090359806890e+01
6.160755400872903920e+01
6.332629354497710494e+01
6.507140820184109486e+01
6.684422344681303230e+01
6.864629360016350290e+01
7.047902572791335274e+01
7.234402725551404956e+01
7.424275137801110702e+01
7.617682250831197166e+01
7.814770103236327259e+01
8.015698798961886951e+01
8.220610645828172380e+01
8.429658576237976320e+01
8.642975611928592627e+01
8.860701175113183581e+01
9.082951516261917391e+01
9.309843837330254246e+01
9.541467399901104329e+01
9.777905521252903043e+01
1.001920735870852184e+02
1.026540822178516805e+02
1.051650256683695375e+02
1.077246369447014445e+02
1.103321919076538364e+02
1.129867172453297002e+02
1.156867866000016249e+02
1.184307578118043978e+02
1.212166235359112534e+02
1.240422836649076146e+02
1.269054424996738675e+02
1.298038948142918798e+02
1.327354331499071236e+02
1.356981044230891769e+02
1.386900845388751407e+02
1.417098747533712810e+02
1.447561287717965399e+02
1.478277926523623194e+02
1.509239011458422794e+02
1.540436873962110553e+02
1.571863778456142029e+02
1.603513022341154510e+02
1.635377140159587839e+02
1.667449226846100032e+02
1.699721528470157352e+02
1.732187026830602576e+02
1.764838334573915688e+02
1.797669351886339939e+02
1.830674184820593950e+02
1.863848576181649150e+02
1.897188603333002561e+02
1.930691772033233633e+02
1.964355520958490047e+02
1.998178113476715794e+02
2.032157108264564158e+02
2.066290181213481958e+02
2.100573641352893901e+02
2.135003252400146323e+02
2.169572908262366013e+02
2.204275672540347273e+02
2.239102913343314185e+02
2.274045830083746296e+02
2.309095072711782564e+02
2.344242364401462737e+02
2.379479803372049389e+02
2.414800672501782515e+02
2.450197873349661108e+02
2.485664101013716731e+02
2.521190287466914697e+02
2.556766264817109118e+02
2.592379960299658705e+02
2.628018566857478504e+02
2.663667946610532340e+02
2.699313697762880224e+02
2.734940449132425329e+02
2.770532814798130516e+02
2.806074685997742222e+02
2.841550163061112926e+02
2.876942877088860087e+02
2.912236871458717360e+02
2.947415880320275505e+02
2.982464113300382564e+02
3.017365517032444018e+02
3.052104530002841329e+02
3.086665358937637507e+02
3.121032691174794422e+02
3.155190972260534750e+02
3.189125096518614555e+02
3.222819718309441441e+02
3.256259936274783513e+02
3.289430631661165307e+02
3.322317141971056458e+02
3.354904628216875722e+02
3.387178733508122832e+02
3.419124959953272764e+02
3.450729300958823274e+02
3.481977635089710930e+02
3.512856343791728477e+02
3.543351717979125510e+02
3.573450553479679570e+02
3.603139571424603673e+02
3.632405997310694943e+02
3.661236992966398702e+02
3.689620216325137108e+02
3.717543266153971331e+02
3.744994225430538108e+02
3.771961116298711545e+02
3.798432426687484167e+02
3.824396581389464131e+02
3.849842459900579001e+02
3.874758880234011258e+02
3.899135097597646222e+02
3.922960297075757126e+02
3.946224082388762895e+02
3.968915984352116197e+02
3.991025936614609009e+02
4.012543794108498219e+02
4.033459798173022364e+02
4.053764107710119902e+02
4.073447252249542316e+02
4.092499675006777125e+02
4.110912178230206564e+02
4.128675478555333598e+02
4.145780641169754404e+02
4.162218645930606158e+02
4.177980812902466141e+02
4.193058379924116821e+02
4.207442920300413789e+02
4.221125933254477332e+02
4.234099254448265128e+02
4.246354656527313409e+02
4.257884251173693428e+02
4.268680101248029928e+02
4.278734616828832031e+02
4.288040177895287570e+02
4.296589522456914096e+02
4.304375378816982902e+02
4.311390846580947027e+02
4.317629038373018489e+02
4.323083453733507326e+02
4.327747629966559657e+02
4.331615509061510920e+02
4.334681097074864056e+02
4.336938824025226609e+02
4.338383211428366053e+02
4.339009225063614394e+02
4.338811949874879019e+02
4.337786935272866913e+02
4.335929876716227795e+02
4.333236953442550430e+02
4.329704516475119362e+02
4.325329419060323062e+02
4.320108710898372237e+02
4.307222622553143196e+02
4.319677906591636543e+02
4.307477776237685134e+02
4.319747382557329161e+02
4.307800695657458618e+02
4.320338885298540959e+02
4.308940849213554429e+02
4.321988803136057413e+02
4.311182443728214366e+02
4.324736253054128383e+02
4.314450166574258105e+02
4.328434747678830945e+02
4.318590691867237297e+02
4.333003993748662879e+02
4.323700379395577897e+02
4.338753501759264850e+02
4.330246826703438501e+02
4.346161841129018626e+02
4.338514613532648809e+02
4.355085787474061476e+02
4.347756477296367166e+02
4.364156023046876385e+02
4.356170449935668785e+02
4.371478748806688941e+02
4.362150464384353086e+02
4.376031419501364326e+02
4.365391713134395104e+02
4.378184864736534792e+02
4.366766425872456239e+02
4.379073504721085328e+02
4.367436590567743906e+02
4.379707284414774904e+02
4.368159533685077349e+02
4.380566330972938545e+02
4.369171083728018630e+02
4.381705798575477502e+02
4.370416477926959260e+02
4.383021689755333341e+02
4.371784665327368771e+02
4.384418236331330263e+02
4.373202093123548480e+02
4.385840938242323546e+02
4.374625951946543410e+02
4.387251619248987708e+02
4.376018828847424516e+02
4.388613459447560672e+02
4.377347596424669973e+02
4.389901712941200458e+02
4.378600395242636978e+02
4.391119918204724968e+02
4.379795979279165863e+02
4.392299024817255031e+02
4.380972304658743042e+02
4.393477607430904754e+02
4.382162327541722675e+02
4.394677868558210889e+02
4.383374383333334663e+02
4.395893648589324130e+02
4.384589739152185075e+02
4.397097499246276584e+02
4.385777173985063087e+02
4.398259254433627348e+02
4.386911304619429757e+02
4.399360254959751160e+02
4.387980306393451428e+02
4.400394108236946522e+02
4.388981065197838234e+02
4.401358930820326805e+02
4.389911822556335323e+02
4.402253371965223323e+02
4.390773383488317450e+02
4.403083079685518442e+02
4.391579022953358731e+02
4.403870833318119367e+02
4.392361254657465679e+02
4.404657093499003508e+02
4.393164825410646017e+02
4.405485791351568423e+02
4.394027016111469948e+02
4.406381794464629138e+02
4.394955554402986309e+02
4.407332956037319036e+02
4.395918503180017751e+02
4.408290775306625164e+02
4.396856833417156167e+02
4.409193469301065420e+02
4.397714050020879313e+02
4.409996620201999917e+02
4.398462255110200090e+02
4.410690438735516636e+02
4.399108657091896930e+02
4.411295941183838067e+02
4.399683753966368158e+02
4.411848647931419123e+02
4.400224400843005128e+02
4.412384388975735874e+02
4.400764501832861129e+02
4.412935362338274103e+02
4.401335266275614799e+02
4.413532268127147518e+02
4.401966503380476183e+02
4.414202330700463790e+02
4.402679669487409342e+02
4.414956727002771117e+02
4.403470495762926475e+02
4.415771136679899769e+02
4.404292181893495126e+02
4.416577531638573646e+02
4.405061189423326482e+02
4.417286606078731666e+02
4.405694546908902112e+02
4.417833737045016846e+02
4.406155477592317311e+02
4.418215232943852016e+02
4.406473672232064018e+02
4.418489824943205804e+02
4.406728952317185986e+02
4.418748303315990142e+02
4.407012426241295771e+02
4.419072547881966102e+02
4.407389701192918778e+02
4.419508197015701967e+02
4.407886179121563828e+02
4.420062844244823737e+02
4.408495450886604772e+02
4.420719714440326698e+02
4.409192502184134810e+02
4.421445396858848653e+02
4.409933190370122134e+02
4.422181614820347022e+02
4.410642623255239414e+02
4.422837600562996840e+02
4.411219859673672090e+02
4.423313167287118404e+02
4.411579978625542822e+02
4.423553550487075654e+02
4.411709976938319073e+02
4.423593008046360637e+02
4.411689702168329177e+02
4.423548875819262207e+02
4.411661344799555877e+02
4.423573192199536379e+02
4.411771278663379690e+02
4.423792159351480109e+02
4.412113419717312013e+02
4.424259025013177506e+02
4.412696743122510270e+02
4.424939956006595025e+02
4.413450408359634594e+02
4.425735630617423908e+02
4.414255933071930258e+02
4.426516941442747566e+02
4.414980615983895404e+02
4.427153391080437359e+02
4.415501757200534030e+02
4.427536709613264065e+02
4.415733963481195588e+02
4.427614312827802792e+02
4.415667177922821907e+02
4.427425449732737093e+02
4.415391071612166911e+02
4.427104262407517012e+02
4.415072076061433108e+02
4.426833982331236257e+02
4.414895106475945568e+02
4.426789029968931004e+02
4.415015020807691144e+02
4.427096703585103228e+02
4.415522019993853746e+02
4.427797943909786227e+02
4.416394685253883949e+02
4.428798989476809993e+02
4.417464677360820247e+02
4.429865530018868185e+02
4.418451418511095881e+02
4.430698952078593038e+02
4.419070702083758988e+02
4.431061395292733778e+02
4.419158297276196663e+02
4.430881606117376350e+02
4.418744897245544507e+02
4.430289260358044885e+02
4.418043989432296712e+02
4.429555857248526536e+02
4.417352449161490426e+02
4.428969942070280581e+02
4.416922435054049174e+02
4.428730797795158765e+02
4.416898405417121012e+02
4.428938830833988050e+02
4.417353100080755439e+02
4.429650473400894271e+02
4.418322927761257688e+02
4.430858984325216170e+02
4.419720478001114543e+02
4.432358488523850042e+02
4.421201708992379054e+02
4.433680098947859278e+02
4.422223759972306993e+02
4.434286744988640407e+02
4.422345013848423605e+02
4.433909519708878975e+02
4.421516230445419069e+02
4.432726960876000248e+02
4.420114410105698539e+02
4.431256454269847609e+02
4.418722786270640199e+02
4.430069465424198825e+02
4.417833544009672551e+02
4.429533200993955688e+02
4.417672913945132223e+02
4.429747631330005788e+02
4.418252264172954256e+02
4.430680518635116982e+02
4.419528820392454236e+02
4.432283054248090366e+02
4.421416263884679552e+02
4.434370638170231587e+02
4.423563363128176888e+02
4.436381405807982219e+02
4.425209340923793775e+02
4.437440051167553747e+02
4.425512807373036708e+02
4.436915600045127235e+02
4.424204870419438862e+02
4.434978080089225614e+02
4.421869783661467181e+02
4.432507571615724942e+02
4.419510227845433974e+02
4.430454900021121603e+02
4.417896887913688033e+02
4.429354066114349280e+02
4.417341464666041588e+02
4.429358139175585620e+02
4.417919115185103465e+02
4.430529183410969836e+02
4.419701781833381915e+02
4.432917126416409133e+02
4.422634600565265828e+02
4.436250461099519953e+02
4.426124507009811850e+02
4.439558950943612103e+02
4.428855739038675097e+02
4.441321434731197542e+02
4.429342879763842120e+02
4.440387305918751508e+02
4.427052812818031384e+02
4.437020675571523043e+02
4.423053913483270208e+02
4.432903779979610590e+02
4.419290673127000559e+02
4.429824302234147808e+02
4.417034195416470652e+02
4.428354895180990525e+02
4.416219207247030454e+02
4.428073246859981396e+02
4.416458130374166444e+02
4.428969108923083127e+02
4.418262745125506967e+02
4.431945729085317680e+02
4.422548116713227842e+02
4.437424012636107591e+02
4.428786911216672024e+02
4.443699237200048628e+02
4.434200466101686970e+02
4.447359365493003907e+02
4.435421161917871018e+02
4.445824376294458489e+02
4.431271921851007960e+02
4.439645384674151387e+02
4.423977478311807090e+02
4.432289127688967483e+02
4.417527018975200690e+02
4.427413327238056127e+02
4.414456395028403222e+02
4.425925311796564756e+02
4.414011823584070271e+02
4.425922326992172202e+02
4.414075050351145251e+02
4.426116570662709933e+02
4.414953529199480045e+02
4.428559968498220201e+02
4.419833749902056752e+02
4.436328110151176816e+02
4.430179583103056302e+02
4.448052422798863290e+02
4.441368644534746863e+02
4.456531036754776096e+02
4.445294023869163311e+02
4.454919371202181537e+02
4.438301769656787314e+02
4.443796090442008904e+02
4.425054286495411588e+02
4.430685609605084210e+02
4.414075935815793628e+02
4.423138222933388306e+02
4.410290421428209129e+02
4.422434107145564326e+02
4.411240118310097955e+02
4.423412707150362166e+02
4.411083397647100810e+02
4.421935142330643203e+02
4.409271382073453651e+02
4.421724784614979740e+02
4.412937325365993502e+02
4.431037312204102818e+02
4.428337020554315018e+02
4.451094502410487621e+02
4.449756622556586763e+02
4.469412675792255527e+02
4.460600399578144106e+02
4.469867173081192959e+02
4.450138820334120169e+02
4.450522557198310665e+02
4.425926980202597747e+02
4.426349594241667660e+02
4.406332106335582921e+02
4.414400912712625882e+02
4.402864470385449636e+02
4.417758576654656508e+02
4.409398188219068970e+02
4.423138602404043240e+02
4.410283147272884321e+02
4.418458734298176296e+02
4.401706104780715236e+02
4.410007439397879807e+02
4.398620179892516262e+02
4.417072408191477280e+02
4.418401317502895154e+02
4.448541235005983481e+02
4.456485914861449373e+02
4.485077979433084465e+02
4.482571300284964764e+02
4.493940521023525321e+02
4.471638159478330294e+02
4.465390388986135690e+02
4.431628795611172791e+02
4.422432065439730877e+02
4.394572550817237016e+02
4.398456695533133143e+02
4.387311904522034069e+02
4.406578996080032766e+02
4.404488235659757720e+02
4.423688764533455355e+02
4.413308923871487082e+02
4.419903481421443416e+02
4.397631061473170462e+02
4.397764240536723719e+02
4.377857120696528455e+02
4.390252082623005094e+02
4.390507831549991806e+02
4.425757417088550483e+02
4.444212283209065504e+02
4.486115137122448573e+02
4.496339041477302771e+02
4.516927759069704962e+02
4.498504013653429183e+02
4.490157871456785301e+02
4.448876792925132122e+02
4.428443887655930666e+02
4.388312583348555336e+02
4.381978551071524635e+02
4.365180866703246920e+02
4.384405341144993713e+02
4.387033706167300124e+02
4.413380216907244744e+02
4.410053718403779612e+02
4.421567658919386190e+02
4.400348283774931701e+02
4.396597101226276436e+02
4.368194247950012254e+02
4.369380603222894024e+02
4.358928098709289429e+02
4.387576390602048377e+02
4.406101623459534835e+02
4.455151697682017016e+02
4.477740034559926698e+02
4.512759211338621412e+02
4.507529692027566171e+02
4.508272245349011200e+02
4.470017916801656952e+02
4.446009995863602171e+02
4.396785072904154390e+02
4.378364326038181957e+02
4.349750452080110108e+02
4.360339948285778746e+02
4.359364150774393920e+02
4.387439121322345272e+02
4.390031349815902786e+02
4.409865865865954220e+02
4.397111912567004879e+02
4.399231841150896116e+02
4.371786907186940425e+02
4.367883821787622765e+02
4.346852149052438108e+02
4.362182638801477879e+02
4.369017545929043536e+02
4.412164560589405369e+02
4.436681072877408383e+02
4.480680847119455734e+02
4.488851451130186661e+02
4.504160782674586017e+02
4.478409624120428703e+02
4.462150179386082982e+02
4.414273705729723929e+02
4.390581812525704777e+02
4.351743183757942575e+02
4.350424368218503446e+02
4.339523358977454564e+02
4.362351702403178138e+02
4.365071924475937521e+02
4.389518934931790000e+02
4.384473656420810812e+02
4.395365178950430618e+02
4.374995664400601072e+02
4.373899321927661958e+02
4.349690596733173606e+02
4.355812476389099288e+02
4.349869099583501111e+02
4.381092333571962172e+02
4.398936795860713573e+02
4.443705894856303757e+02
4.459486232547848203e+02
4.486966035951811591e+02
4.475059985875873281e+02
4.471264045744549094e+02
4.431713414718975059e+02
4.410267007788671663e+02
4.367110639733892867e+02
4.356572171312396904e+02
4.334964837525481016e+02
4.349233924532167634e+02
4.347737722770371533e+02
4.372415811999430275e+02
4.371184379621594189e+02
4.388418897691239522e+02
4.375099104634585387e+02
4.379367338374676137e+02
4.356749653179728057e+02
4.359313023582250821e+02
4.344816110256678030e+02
4.364884335060987723e+02
4.372990048460988532e+02
4.413187475457147571e+02
4.431150191003217174e+02
4.466708208349800202e+02
4.466530780123904378e+02
4.475331377462756564e+02
4.446388984302939207e+02
4.431181816013203161e+02
4.388489395799843464e+02
4.372730727187058051e+02
4.342222208359346496e+02
4.347198846801393302e+02
4.339069337695223680e+02
4.361130649438464957e+02
4.360878081907083015e+02
4.381770025100088901e+02
4.373749085655776412e+02
4.383258259078031642e+02
4.363913830871176742e+02
4.366269003479193316e+02
4.347231965359455899e+02
4.358981922957523238e+02
4.357422630949492941e+02
4.390188284470808640e+02
4.405962087566351784e+02
4.445477927147031778e+02
4.454197577643761861e+02
4.474477570172246601e+02
4.456843552989916475e+02
4.450156908449553157e+02
4.411317657729520079e+02
4.393993074877944878e+02
4.357199477375127117e+02
4.353439126709875495e+02
4.337210377838324575e+02
4.354283603104433951e+02
4.352848600015838088e+02
4.375571134664554052e+02
4.371360676778697325e+02
4.385526030498759269e+02
4.370080002594164625e+02
4.374038974893678073e+02
4.353258430807879904e+02
4.359554428395039167e+02
4.349794616408773322e+02
4.374115928133405760e+02
4.384412713830503208e+02
4.423758364531053644e+02
4.437915400922569233e+02
4.467718330242948923e+02
4.461249713811164384e+02
4.464679861410862713e+02
4.432551697352554925e+02
4.417083691371851160e+02
4.377061117455810404e+02
4.366152200313442791e+02
4.341331434742560305e+02
4.351289870895820968e+02
4.346221082135469942e+02
4.368970381881887874e+02
4.367389354914965907e+02
4.385635505433431263e+02
4.374473274663563416e+02
4.381363133203454936e+02
4.360892069343425419e+02
4.364181144219021462e+02
4.348175089533538085e+02
4.364361083708172373e+02
4.367231909414797997e+02
4.402751117370388556e+02
4.418422581803004050e+02
4.454849241371889548e+02
4.458338882470056888e+02
4.472573307336091375e+02
4.449505514451645922e+02
4.439242410333559974e+02
4.399468465820979759e+02
4.384009188068957883e+02
4.351372586192003951e+02
4.352899370478480705e+02
4.341568311480961597e+02
4.361820749667127757e+02
4.361276509541936548e+02
4.382853327462125890e+02
4.376075828126343481e+02
4.387027387831942633e+02
4.368757868561500004e+02
4.371310933268728718e+02
4.351224898506013687e+02
4.360460243823384303e+02
4.355235382093503631e+02
4.384216783356048381e+02
4.397510929711213521e+02
4.436906657589355518e+02
4.448011040004436722e+02
4.472520170496114247e+02
4.459882857714867441e+02
4.457729927869855828e+02
4.421870291350464299e+02
4.405316279123770755e+02
4.367051944770508953e+02
4.360257031817476445e+02
4.340704701727895554e+02
4.355476727733394569e+02
4.353409071351096031e+02
4.376851754399657466e+02
4.373993402995290012e+02
4.389607894072124736e+02
4.375237539443577361e+02
4.379396282527650328e+02
4.357692322596827808e+02
4.361914397842965059e+02
4.349125213585982124e+02
4.370071574331408328e+02
4.377663542589529584e+02
4.416006986064082867e+02
4.431377219882233476e+02
4.464353850980592711e+02
4.462226764963602363e+02
4.470113887703418527e+02
4.441470964769269472e+02
4.427660291616492145e+02
4.387117736944653075e+02
4.373789153747612772e+02
4.345562929256294638e+02
4.352412924336993569e+02
4.345632491008121860e+02
4.368403353650704730e+02
4.368085035938345868e+02
4.388084667366288727e+02
4.378576732590457823e+02
4.386446116091789804e+02
4.365799288676250853e+02
4.367615076720085767e+02
4.348996263882239646e+02
4.361882238590773113e+02
4.361588718198611332e+02
4.395086082171648627e+02
4.410663194877166688e+02
4.449079003087413184e+02
4.456153543823888867e+02
4.474700886639407713e+02
4.455664409871583302e+02
4.448179750832744048e+02
4.409259759718923988e+02
4.392561753668646247e+02
4.357035785399028782e+02
4.355020727615880105e+02
4.340744367573857403e+02
4.359595866775703144e+02
4.359376084021873226e+02
4.382466537215711924e+02
4.377689440110206647e+02
4.390496386938831961e+02
4.373279529611073713e+02
4.375576671498789665e+02
4.353801093074843038e+02
4.360141851395532058e+02
4.351442354171663851e+02
4.377350031045784817e+02
4.389014522254278745e+02
4.428863014832847398e+02
4.442442249984554792e+02
4.470801801990788817e+02
4.462469620061031605e+02
4.464079178284799241e+02
4.430558068171347941e+02
4.414369854428820190e+02
4.374450045389086199e+02
4.364503716923568959e+02
4.341346091456691738e+02
4.353270618691016125e+02
4.349968104179276907e+02
4.373871617916539662e+02
4.372646122344399373e+02
4.390415825153032756e+02
4.378066995125219023e+02
4.383385439856607491e+02
4.361446049248694408e+02
4.363881809268911525e+02
4.348017793847423604e+02
4.365345115758403836e+02
4.369896500341392880e+02
4.406866248626611196e+02
4.423082477088190672e+02
4.458905045872453456e+02
4.460863286942351351e+02
4.473092115113992122e+02
4.448050251747545190e+02
4.436273967854303919e+02
4.395746582516027274e+02
4.380448423952085477e+02
4.348872578037901349e+02
4.352076850999877706e+02
4.342551813298346701e+02
4.364241267795881640e+02
4.364499247692306199e+02
4.386212848868761967e+02
4.378956441520000453e+02
4.388930337209050094e+02
4.369477167673510962e+02
4.371025023471402164e+02
4.350504913109859899e+02
4.360147982155307318e+02
4.356126749724959382e+02
4.386644772092251401e+02
4.401112174686297180e+02
4.440746059606354947e+02
4.451014923358989108e+02
4.473870457903022952e+02
4.459221949687902793e+02
4.455196075130908753e+02
4.418031320758806828e+02
4.401008566537317392e+02
4.363204814407502568e+02
4.357656129554801510e+02
4.339740406429047539e+02
4.356018450067983849e+02
4.354939186951312422e+02
4.378761094509383156e+02
4.375785075718745247e+02
4.390887302698353096e+02
4.375753437503313990e+02
4.379147352030686307e+02
4.356953190815845005e+02
4.361199131442008365e+02
4.349084725040686976e+02
4.371217961463835309e+02
4.380064762752775778e+02
4.419150090246739069e+02
4.434358716061910854e+02
4.466254459296666823e+02
4.462424498424221611e+02
4.468422819012378682e+02
4.438171472653508545e+02
4.423409407183149256e+02
4.382782611365122420e+02
4.370228633610938118e+02
4.343381904832146461e+02
4.351747581854712621e+02
4.346140387620056345e+02
4.369481892247079031e+02
4.369189816457749203e+02
4.388855231054116643e+02
4.378799647007926978e+02
4.386075231138249819e+02
4.365011215684286299e+02
4.366759041903616207e+02
4.348539630268091969e+02
4.362291569157416120e+02
4.363114065527431649e+02
4.397551411715916743e+02
4.413450758534974057e+02
4.451349069683690800e+02
4.457166924297562218e+02
4.474032131986657532e+02
4.453301484476292558e+02
4.444521305442634684e+02
4.405019810493503769e+02
4.388582982176308747e+02
4.354069009055230595e+02
4.353480103322802961e+02
4.340566218015359823e+02
4.360300731219653017e+02
4.360343937673785604e+02
4.383214266893461399e+02
4.377949385702493146e+02
4.390170122721250436e+02
4.372469833498885237e+02
4.374579920624153146e+02
4.353025939099100015e+02
4.360019991087668245e+02
4.352304078594194152e+02
4.379237574029688176e+02
4.391573303373418753e+02
4.431407820021934185e+02
4.444209695798869006e+02
4.471204980514717704e+02
4.461252473491311434e+02
4.461367537656020090e+02
4.426841223393778364e+02
4.410380121454948608e+02
4.370983141415827049e+02
4.362192114782832277e+02
4.340451002664255498e+02
4.353588683404893800e+02
4.350955081766854846e+02
4.374919561177301830e+02
4.373323417184394657e+02
4.390500550020778974e+02
4.377531361337300950e+02
4.382421167812890417e+02
4.360428409539683230e+02
4.363259329620160543e+02
4.348209005744752176e+02
4.366584911195036511e+02
4.372085279715084312e+02
4.409521858769767277e+02
4.425484293883058626e+02
4.460349886162679240e+02
4.460884327078189813e+02
4.471558046358957768e+02
4.445195008155055802e+02
4.432644773485432097e+02
4.392079377712876749e+02
4.377482058787703068e+02
4.347141181245856956e+02
4.351722972415241770e+02
4.343285772662089244e+02
4.365488744873981659e+02
4.365681314737354342e+02
4.386930896012689800e+02
4.379015291390388143e+02
4.388340799213460741e+02
4.368488666860190506e+02
4.370058422453805065e+02
4.350042951165117984e+02
4.360601827246673565e+02
4.357670308139869348e+02
4.389074353420606940e+02
4.403859116692224234e+02
4.443064279863108936e+02
4.452250962604819051e+02
4.473642297234696912e+02
4.457495515685521354e+02
4.452283396395861814e+02
4.414524111260886912e+02
4.397636088928287563e+02
4.360659216340799276e+02
4.356387069630819155e+02
4.339802062217710841e+02
4.357056248577010820e+02
4.356370205560714339e+02
4.380034945303382301e+02
4.376534070718026896e+02
4.390933392864932330e+02
4.375141619253984686e+02
4.378164261784130531e+02
4.356054075692172773e+02
4.360887931832448885e+02
4.349767630115695169e+02
4.373014129996212773e+02
4.382690302364123340e+02
4.421966604344778489e+02
4.436607913155370966e+02
4.467320893438321718e+02
4.461996850109879915e+02
4.466541654057455730e+02
4.435215503652048596e+02
4.420002356776608963e+02
4.379651028618029613e+02
4.368020668962396371e+02
4.342476217370199834e+02
4.352116558490440639e+02
4.347377613556970459e+02
4.370999944894820146e+02
4.370473413121909516e+02
4.389565074060511165e+02
4.378784165909709714e+02
4.385413496791317129e+02
4.364026183435170196e+02
4.365928872338135420e+02
4.348382272960431010e+02
4.363192842750426053e+02
4.365136885152107880e+02
4.400333301205166663e+02
4.416300029861550911e+02
4.453502442739703042e+02
4.458051748557361407e+02
4.473398350724263537e+02
4.451259868938863065e+02
4.441506139106505771e+02
4.401686120678022007e+02
4.385651179827710848e+02
4.352147503544628080e+02
4.352872753200434772e+02
4.341167201922659729e+02
4.361651839190548117e+02
4.361863417398932938e+02
4.384422675689390871e+02
4.378543928953762361e+02
4.390032636616676314e+02
4.371724823768120700e+02
4.373583280460272817e+02
4.352276650350794966e+02
4.360033607248834642e+02
4.353431869378480883e+02
4.381470409550510112e+02
4.394473093714494780e+02
4.434238001952434729e+02
4.446219193484894276e+02
4.471868189179531328e+02
4.460385598392642805e+02
4.459146582011541682e+02
4.423755302582204649e+02
4.407108592400728071e+02
4.368240054838337301e+02
4.360537050946558111e+02
4.340109654977800346e+02
4.354371196797029597e+02
4.352359606801820746e+02
4.376375301270786622e+02
4.374394169788366185e+02
4.390921804622265086e+02
4.377231937490900009e+02
4.381574741348724729e+02
4.359426872039488785e+02
4.362613760530972513e+02
4.348421523045283266e+02
4.367950592567203785e+02
4.374513213326571304e+02
4.412495909997454646e+02
4.428239609085850930e+02
4.462159955677984726e+02
4.461283480629723499e+02
4.470430462028084548e+02
4.442785430502789268e+02
4.429490625416555076e+02
4.388882068460610526e+02
4.374938787745693958e+02
4.345755575138138624e+02
4.351631717098991885e+02
4.344217872866839230e+02
4.366904812700245202e+02
4.367033871236412779e+02
4.387826669611532111e+02
4.379234679170011191e+02
4.387864700499229684e+02
4.367545976032567410e+02
4.369072223565572131e+02
4.349532916514338012e+02
4.361039943871329001e+02
4.359282216375688677e+02
4.391675527013525766e+02
4.406862868042896366e+02
4.445689819658732631e+02
4.453813719787381729e+02
4.473742722864424195e+02
4.456093198774726716e+02
4.449689039741278407e+02
4.411321687974995029e+02
4.394539068900643883e+02
4.358340482254327526e+02
4.355280364851372497e+02
4.339952260240480655e+02
4.358113007377504005e+02
4.357771834964311211e+02
4.381263023662668274e+02
4.377241406331700659e+02
4.390944980362858132e+02
4.374497863099240362e+02
4.377145688961128371e+02
4.355113931421591360e+02
4.360544752569945786e+02
4.350453452344144125e+02
4.374870437536766872e+02
4.385437964833209890e+02
4.424954623242127809e+02
4.439057671944217986e+02
4.468599093077333464e+02
4.461779307256791753e+02
4.464863694898527342e+02
4.432454746226322868e+02
4.416780834342637263e+02
4.376688274576970343e+02
4.365951442383228027e+02
4.341657151456726069e+02
4.352496397102005403e+02
4.348538078331613406e+02
4.372368449033066327e+02
4.371569291031709668e+02
4.390083449697831952e+02
4.378598858117574082e+02
4.384623487243744648e+02
4.362962246218529572e+02
4.365067049895006335e+02
4.348234945294149725e+02
4.364138789155662153e+02
4.367228020500087382e+02
4.403194804254912356e+02
4.419231056287932802e+02
4.455738507837386919e+02
4.459022090957075193e+02
4.472855734087338533e+02
4.449318607349894137e+02
4.438604865008375668e+02
4.398480419174915141e+02
4.382855045017622615e+02
4.350349097300041308e+02
4.352341934334700113e+02
4.341760927175778875e+02
4.362893378165317699e+02
4.363185135423263432e+02
4.385382817263128459e+02
4.378880465680243788e+02
4.389667479901557954e+02
4.370816951884005448e+02
4.372505895732891190e+02
4.351525433415919224e+02
4.360104537706801580e+02
4.354643432640914398e+02
4.383778268776564460e+02
4.397414359667699273e+02
4.437073462829604864e+02
4.448213379644845418e+02
4.472516643795248683e+02
4.459522173200949737e+02
4.456961250730928441e+02
4.420744975771461895e+02
4.403952698573739326e+02
4.365639987550899832e+02
4.359022325859879174e+02
4.339860935292444424e+02
4.355156363212870474e+02
4.353659155119176489e+02
4.377636125181321631e+02
4.375216888507283102e+02
4.391083708311138594e+02
4.376706975867792835e+02
4.380577049895534287e+02
4.358368262194265981e+02
4.362001496660415683e+02
4.348728880372319736e+02
4.369425415250609035e+02
4.377015342624253549e+02
4.415480480188500110e+02
4.430945594151448859e+02
4.463889456128476922e+02
4.461604439014828358e+02
4.469256126971566800e+02
4.440380977509520335e+02
4.426403147269845135e+02
4.385809228434104057e+02
4.372558102990865905e+02
4.344531357326027887e+02
4.351651005937640662e+02
4.345168664590174785e+02
4.368236827728043181e+02
4.368220068364603321e+02
4.388507785824415350e+02
4.379229171317213059e+02
4.387198321781297636e+02
4.366486254149878050e+02
4.368061686818693943e+02
4.349086022366649331e+02
4.361596199242951570e+02
4.361013521705552307e+02
4.394344304554866198e+02
4.409854617242471591e+02
4.448234101710045820e+02
4.455261121554273700e+02
4.473734271146058177e+02
4.454623004327511353e+02
4.447091858233881112e+02
4.408190134385314991e+02
4.391579260892935963e+02
4.356198872330496670e+02
4.354346593808757575e+02
4.340221231224248868e+02
4.359199775511122539e+02
4.359111197837275995e+02
4.382359151813160452e+02
4.377776142637568455e+02
4.390777229788650402e+02
4.373708523097640182e+02
4.376049323777950804e+02
4.354180062708961145e+02
4.360286039465005388e+02
4.351267925332683149e+02
4.376845767326424266e+02
4.388243318258225258e+02
4.427916000629007840e+02
4.441410965659065937e+02
4.469749002543516667e+02
4.461443642895918629e+02
4.463114482189830028e+02
4.429693650264492817e+02
4.413637188143827075e+02
4.373870424711189457e+02
4.364063803431989754e+02
4.341010023022278119e+02
4.352992049081345272e+02
4.349730817449562892e+02
4.373689620857405771e+02
4.372560810934156734e+02
4.390465514497327604e+02
4.378274979770010304e+02
4.383728568151024660e+02
4.361854819121305695e+02
4.364236381703235566e+02
4.348185689414886497e+02
4.365215893857289302e+02
4.369431356624546083e+02
4.406102797562104456e+02
4.422125215327637306e+02
4.457872384311121436e+02
4.459862450955881741e+02
4.472196792864975237e+02
4.447310383403892047e+02
4.435709031578617783e+02
4.395357493492651884e+02
4.380205501150397822e+02
4.348727827170728801e+02
4.351972871772503595e+02
4.342458497655852625e+02
4.364161224155837999e+02
4.364464912424022032e+02
4.386255202053220046e+02
4.379105165171891940e+02
4.389194069245834271e+02
4.369835461356868223e+02
4.371412166892923210e+02
4.350824498170003949e+02
4.360282569176778793e+02
4.355984206290406746e+02
4.386188348865199487e+02
4.400389411722984505e+02
4.439863036989232796e+02
4.450102248353407504e+02
4.473037150580473735e+02
4.458547469023602048e+02
4.454715514450949740e+02
4.417745702603439781e+02
4.400882493611862287e+02
4.363184192205020508e+02
4.357675679083841374e+02
4.339758633816886686e+02
4.356028440853132224e+02
4.354973039731308972e+02
4.378852627938324531e+02
4.375958033806386993e+02
4.391147442977949709e+02
4.376093742981164496e+02
4.379528600676155747e+02
4.357314241217990798e+02
4.361455105553123417e+02
4.349149789874455792e+02
4.371025540615493128e+02
4.379607418500211793e+02
4.418484392880277483e+02
4.433595034059176214e+02
4.465509487758801015e+02
4.461798624678007172e+02
4.467975506966276384e+02
4.437922472134967506e+02
4.423332254533814876e+02
4.382824338270012277e+02
4.370318624358693569e+02
4.343464766279578271e+02
4.351799977929100010e+02
4.346187391274299898e+02
4.369568569622077803e+02
4.369354620545099124e+02
4.389106902351500139e+02
4.379131768202805688e+02
4.386456992439156579e+02
4.365392839331235564e+02
4.367073119683847153e+02
4.348718426191705930e+02
4.362271255174640601e+02
4.362864592192693749e+02
4.397088939137542525e+02
4.412848915971289330e+02
4.450708929662957871e+02
4.456592357635296935e+02
4.473598488959947872e+02
4.453050464073887156e+02
4.444447092682740958e+02
4.405081280165389899e+02
4.388710930323356365e+02
4.354196300086825886e+02
4.353560812208118591e+02
4.340603394005564155e+02
4.360335931300090806e+02
4.360435368775500251e+02
4.383394820068688205e+02
4.378225430219357008e+02
4.390520853216207797e+02
4.372854300460907098e+02
4.374933761593504187e+02
4.353283628456050565e+02
4.360118939439159931e+02
4.352205007399554120e+02
4.378933754993161074e+02
4.391108356754294277e+02
4.430861378481232578e+02
4.443679893737211728e+02
4.470774412076863200e+02
4.460978835332788321e+02
4.461266858081424971e+02
4.426892141077167935e+02
4.410524092596764376e+02
4.371149340289904330e+02
4.362314710018722508e+02
4.340502222959853498e+02
4.353585551724131051e+02
4.350955760202123201e+02
4.374982336409261165e+02
4.373483610085841633e+02
4.390758853233797936e+02
4.377865570806646929e+02
4.382778485893994116e+02
4.360741837699679877e+02
4.363457920702865636e+02
4.348239013770468091e+02
4.366417747372932467e+02
4.371738062762194090e+02
4.409052711144189516e+02
4.424983701477999034e+02
4.459906502139837698e+02
4.460569563422762940e+02
4.471407307499059698e+02
4.445208569873913120e+02
4.432781649643726496e+02
4.392274769685755587e+02
4.377659813429197015e+02
4.347245526976305428e+02
4.351735204701146245e+02
4.343239410432204295e+02
4.365446128053071106e+02
4.365705149984552804e+02
4.387052568014189546e+02
4.379239440185116337e+02
4.388639936125309760e+02
4.368809279545670847e+02
4.370326784122744357e+02
4.350189816156163261e+02
4.360572653250133612e+02
4.357449456799334371e+02
4.388690408071300340e+02
4.403387328680692008e+02
4.442597446281434372e+02
4.451876628981094655e+02
4.473416931993114645e+02
4.457442277868798328e+02
4.452382942520774805e+02
4.414725497099072413e+02
4.397863867252705745e+02
4.360840126525596361e+02
4.356468590615845642e+02
4.339779526362823390e+02
4.356970068215759966e+02
4.356290622692334296e+02
4.380020930117207172e+02
4.376619856042776178e+02
4.391121390239929383e+02
4.375406557615245902e+02
4.378447215574644815e+02
4.356282633394499157e+02
4.360988281054489448e+02
4.349690092188020571e+02
4.372747366410348491e+02
4.382277899118908522e+02
4.421491692645307694e+02
4.436170727854178608e+02
4.467002209865069062e+02
4.461846671232599419e+02
4.466566874635266799e+02
4.435385917182853177e+02
