0.000000000000000000e+00
-5.489083012388817906e-03
-1.109673779781417124e-02
-1.681754766751453189e-02
-2.274819790093829397e-02
-2.889448361730728720e-02
-3.527664138522368376e-02
-4.188127428875532132e-02
-4.870639137831744847e-02
-5.573512623445253666e-02
-6.295939176510501056e-02
-7.036337042114837459e-02
-7.793774317639190485e-02
-8.566835192385724440e-02
-9.354590983775779023e-02
-1.015575430138824231e-01
-1.096941300274352216e-01
-1.179435599673865909e-01
-1.262966899831212686e-01
-1.347417274801614440e-01
-1.432692887013331529e-01
-1.518675893701129098e-01
-1.605268661825220988e-01
-1.692351943261201086e-01
-1.779824361724422488e-01
-1.867565729991156331e-01
-1.955472992232216711e-01
-2.043427936858961402e-01
-2.131330508732389717e-01
-2.219070369178552937e-01
-2.306558255289701265e-01
-2.393700883735618845e-01
-2.480430748419166775e-01
-2.566683766323194504e-01
-2.652427555528902303e-01
-2.737641034815396779e-01
-2.822340890546684022e-01
-2.906562213926235927e-01
-2.990382731705949482e-01
-3.073903718996007228e-01
-3.157271843062972039e-01
-3.240660180103986931e-01
-3.324288228160412473e-01
-3.408403725699145070e-01
-3.493302138040235150e-01
-3.579310514317057823e-01
-3.666807767349382630e-01
-3.756211201098267338e-01
-3.847997498032782460e-01
-3.942690417970879935e-01
-4.040879633848817321e-01
-4.143205023594873637e-01
-4.250367456975254754e-01
-4.363102628810793249e-01
-4.482176466249256919e-01
-4.608341548289445200e-01
-4.742311681293358561e-01
-4.884697610636976606e-01
-5.035960301263457950e-01
-5.196328209624425654e-01
-5.365734047095429560e-01
-5.543720260909594799e-01
-5.729367757473937672e-01
-5.921200436025628733e-01
-6.117120918108867045e-01
-6.314335820725318627e-01
-6.509329350956249982e-01
-6.697850019145334954e-01
-6.874969915827477962e-01
-7.035179759795937571e-01
-7.172566631384142966e-01
-7.281019658144032292e-01
-7.354484294526173471e-01
-7.387188770526336157e-01
-7.373850291978669702e-01
-7.309793431725211121e-01
-7.191014040013214981e-01
-7.014158840547679574e-01
-6.776481492290713504e-01
-6.475753262195667048e-01
-6.110171801833530481e-01
-5.678223375712150300e-01
-5.178530328253145854e-01
-4.609655209483207727e-01
-3.969925853195945820e-01
-3.257284519695531344e-01
-2.469230691044685955e-01
-1.602837980958611297e-01
-6.548717771283918410e-02
3.780543256470991764e-02
1.499292996411440981e-01
2.712031589105663443e-01
4.019223524858261953e-01
5.423628296605329524e-01
6.927904487224623153e-01
8.534736321171294549e-01
1.024691717336509100e+00
1.206741544944634370e+00
1.399944199245737764e+00
1.604661947159229385e+00
1.821325488333286557e+00
2.050468556662053743e+00
2.292753076301778492e+00
2.548971607051271349e+00
2.820013304500889717e+00
3.106793339597970771e+00
3.410147769831610276e+00
3.730708616001493283e+00
4.068779011102833465e+00
4.424244483418306118e+00
4.796555400288525561e+00
5.184811299005332330e+00
5.587946311902214802e+00
6.004975906856088841e+00
6.435215705541622810e+00
6.878381617701506912e+00
7.334535043769164986e+00
7.803934677345750970e+00
8.286900593057453079e+00
8.783759890316559904e+00
9.294850591126305517e+00
9.820517366236572343e+00
1.036106026666448088e+01
1.091666716178883689e+01
1.148738152497298870e+01
1.207312722176061470e+01
1.267376035618826791e+01
1.328911246049324291e+01
1.391900996004869739e+01
1.456327664526816079e+01
1.522172081406051802e+01
1.589411802579934374e+01
1.658020761089665029e+01
1.727971342229739093e+01
1.799236973907500214e+01
1.871793316687171682e+01
1.945617075159498199e+01
2.020681883286317770e+01
2.096951385712384308e+01
2.174374155680493459e+01
2.252885159578136154e+01
2.332411156422472231e+01
2.412872016652227103e+01
2.494176759708250302e+01
2.576220867729898600e+01
2.658889428153327117e+01
2.742062394317429153e+01
2.825616285906744451e+01
2.909421317129078943e+01
2.993338790925611193e+01
3.077222705358599342e+01
3.160923835252447134e+01
3.244291300255338228e+01
3.327171186241224632e+01
3.409405360399011897e+01
3.490831458021864364e+01
3.571282087351426071e+01
3.650584153880640770e+01
3.728560554727692988e+01
3.805033021641361302e+01
3.879822568725836618e+01
3.952748477878839140e+01
4.023629089904233069e+01
4.092284072068014211e+01
4.158534861969710050e+01
4.222203603107239189e+01
4.283113072580459857e+01
4.341087666506793141e+01
4.395953270861078011e+01
4.447536261160630033e+01
4.495663222592777686e+01
4.540161751564714621e+01
4.580861257138690235e+01
4.617593713379866927e+01
4.650194595421649524e+01
4.678504040604141778e+01
4.702367976549192008e+01
4.721639370704508565e+01
4.736179165472464092e+01
4.745856702956024264e+01
4.750549896095407121e+01
4.750145688686325229e+01
4.744540425569448416e+01
4.733640012205694347e+01
4.717360168236712070e+01
4.695627169236843201e+01
4.668378554858259122e+01
4.635563585419549781e+01
4.597143569080344605e+01
4.553092282970430915e+01
4.503396053485153061e+01
4.448053459389154796e+01
4.387074812321793615e+01
4.320481675257678944e+01
4.248306261789230120e+01
4.170590926052364011e+01
4.087387852508959440e+01
3.998759045903830156e+01
3.904776414398406814e+01
3.805522071016218888e+01
3.701674868410077579e+01
3.590525171705712637e+01
3.476454318339494876e+01
3.355144444312782070e+01
3.230807524909096173e+01
3.099103862443200796e+01
2.964243700747692856e+01
2.821786466173216468e+01
2.675913110025385322e+01
2.522155527631650784e+01
2.364538916512378819e+01
2.198378309558268029e+01
2.027294343914218189e+01
1.846090977273547651e+01
1.657861485919306688e+01
1.457047954353697605e+01
1.246954907279882718e+01
1.023216862420463258e+01
7.915425801257470084e+00
5.510370455164206760e+00
3.112655003043983015e+00
7.449172946986664101e-01
-1.483822371087626379e+00
-3.563044043046375009e+00
-5.420990486994014645e+00
-7.101225418087551589e+00
-8.590073572087476350e+00
-9.979928090160228749e+00
-1.128686909306816233e+01
-1.260982863200956672e+01
-1.394995217953237443e+01
-1.537595146847752403e+01
-1.685244675407807335e+01
-1.841463622166429559e+01
-2.000408430906463764e+01
-2.164734624522952799e+01
-2.329148296417338315e+01
-2.497837043713775529e+01
-2.667324025471930327e+01
-2.843119231066509656e+01
-3.021922242210166587e+01
-3.207939677315835070e+01
-3.395183031846295307e+01
-3.584301056601862001e+01
-3.765709274658456707e+01
-3.937366422669265376e+01
-4.088727694907925070e+01
-4.219006425553823192e+01
-4.321139153474405248e+01
-4.399551960776773285e+01
-4.453227582533759232e+01
-4.492360633125861114e+01
-4.520350261015937576e+01
-4.549654755708365883e+01
-4.583436195497938570e+01
-4.631584049380489887e+01
-4.692994295649918968e+01
-4.772528519858497020e+01
-4.864309671101091226e+01
-4.969535616327061689e+01
-5.080279990031942816e+01
-5.197363721536260073e+01
-5.313789326948551661e+01
-5.431941246834071535e+01
-5.546249914191457719e+01
-5.659741494181389498e+01
-5.766361835240422806e+01
-5.867596583678312072e+01
-5.955272002444166901e+01
-6.028936020870014545e+01
-6.079506410178601072e+01
-6.107349890819614302e+01
-6.106276611164901169e+01
-6.081481913930667815e+01
-6.032911242712179956e+01
-5.972186144777583650e+01
-5.904776119362588815e+01
-5.845809403215866951e+01
-5.801461775058226067e+01
-5.784494867711089228e+01
-5.795956387419312250e+01
-5.841553364874812360e+01
-5.914539229173249169e+01
-6.013371098290110695e+01
-6.125713473282212362e+01
-6.246817657599717677e+01
-6.363727176731890722e+01
-6.473332070204253341e+01
-6.565842941301878000e+01
-6.641913011898805053e+01
-6.695228646987163756e+01
-6.729015963238998665e+01
-6.738427897208941886e+01
-6.727284049022728141e+01
-6.691035532386740670e+01
-6.634232867286084456e+01
-6.554134803027181988e+01
-6.458511254528491463e+01
-6.349132054755034460e+01
-6.238961027835955520e+01
-6.134646791046361614e+01
-6.052536669481992249e+01
-6.000082360260989844e+01
-5.991135972879214933e+01
-6.027216142973475144e+01
-6.113331031466771037e+01
-6.240383538771197891e+01
-6.402548715582940986e+01
-6.581357618884771910e+01
-6.764546848552004121e+01
-6.931120355508835473e+01
-7.070494224093863522e+01
-7.167130641997391649e+01
-7.218641234853168953e+01
-7.219005702515391931e+01
-7.175191433994552881e+01
-7.089127268155527872e+01
-6.973547132353257894e+01
-6.833764569320123883e+01
-6.683851923534007256e+01
-6.529115953751988854e+01
-6.383087839380391415e+01
-6.250651376994437669e+01
-6.145310929684524126e+01
-6.072122888568230792e+01
-6.044331731289389609e+01
-6.065413546976537873e+01
-6.144838558317769639e+01
-6.279555830929496096e+01
-6.469758375553658425e+01
-6.701063039932580523e+01
-6.961629008904174043e+01
-7.226149843828125086e+01
-7.474908457388107763e+01
-7.679437175866860343e+01
-7.822603602730168859e+01
-7.884410160298648407e+01
-7.861243547264939480e+01
-7.749977389811988360e+01
-7.564954158426860431e+01
-7.319658740127772489e+01
-7.041545222892568745e+01
-6.752202570959559580e+01
-6.481548256533687891e+01
-6.248277616661175671e+01
-6.075107728286070596e+01
-5.970747861181075677e+01
-5.946763769853464510e+01
-6.000915905478291279e+01
-6.134885583816037524e+01
-6.337877518370510188e+01
-6.604094428336361489e+01
-6.915803920130781535e+01
-7.260304981503338695e+01
-7.612823778796098395e+01
-7.953859180414781349e+01
-8.253058429097234239e+01
-8.487996567649543067e+01
-8.629624111626435479e+01
-8.662341212866124351e+01
-8.570054456700313494e+01
-8.355870557682237632e+01
-8.026667904521218588e+01
-7.610312709458480640e+01
-7.137100125798588124e+01
-6.653691522903363875e+01
-6.201701987786509562e+01
-5.829730331385428599e+01
-5.571349392609999995e+01
-5.457973723400766630e+01
-5.498983211573113294e+01
-5.697640992782339708e+01
-6.034651873911570874e+01
-6.487323696415160157e+01
-7.015680222568903446e+01
-7.583160918774672155e+01
-8.143160182368580990e+01
-8.659178257775010934e+01
-9.090163347366751623e+01
-9.409239809464270365e+01
-9.587808232562349531e+01
-9.613485345657500147e+01
-9.473937611081032628e+01
-9.174926253573050872e+01
-8.724309895431247242e+01
-8.149950507909898079e+01
-7.482939177225762251e+01
-6.773891706932636225e+01
-6.073751376338816499e+01
-5.447121827660737381e+01
-4.950064169439315265e+01
-4.640997354322666979e+01
-4.557239903017841698e+01
-4.726287708168763402e+01
-5.144565755199107571e+01
-5.792620165606763294e+01
-6.619030631540965715e+01
-7.561285945264637576e+01
-8.535041557057661521e+01
-9.459157774731136215e+01
-1.024727501761437907e+02
-1.083297482989289620e+02
-1.115932562129511325e+02
-1.120028731775776123e+02
-1.094548780796250185e+02
-1.041667520838368546e+02
-9.648111842037110364e+01
-8.699727106381180874e+01
-7.635497886043651761e+01
-6.535782305831105532e+01
-5.475762079990045095e+01
-4.538267964951296563e+01
-3.792677224455565010e+01
-3.307832508210481137e+01
-3.130622203279847326e+01
-3.298423921318556040e+01
-3.817526879021124842e+01
-4.676290802573817018e+01
-5.825644851215668041e+01
-7.195972580785678474e+01
-8.682965604673950111e+01
-1.017104322680205541e+02
-1.152600484703708617e+02
-1.262427890506438644e+02
-1.334920305169226822e+02
-1.362078175193064453e+02
-1.338897187630526560e+02
-1.265719123123305963e+02
-1.146694007576888907e+02
-9.911462065054888626e+01
-8.110700652665252619e+01
-6.216751736261937822e+01
-4.383094677623694224e+01
-2.767456154432818494e+01
-1.501747987284045394e+01
-6.985008231790857280e+00
-4.262878994155016699e+00
-7.224147522250518705e+00
-1.574418778595929780e+01
-2.938110939470766425e+01
-4.723540077020061290e+01
-6.816684736198590144e+01
-9.068478609068790774e+01
-1.131937996008998653e+02
-1.339160682751376044e+02
-1.511744956108782389e+02
-1.633525345303103222e+02
-1.692040470206336522e+02
-1.678182648042268283e+02
-1.589053460248803731e+02
-1.427050495841230031e+02
-1.201880099901031826e+02
-9.285823230382482052e+01
-6.283112123976854946e+01
-3.250599481842778005e+01
-4.527988435104816745e+00
1.862002209581373791e+01
3.468790437250925152e+01
4.204613795579757607e+01
3.968538201887895411e+01
2.749281818833594571e+01
6.115049232475371355e+00
-2.291353378557812448e+01
-5.745554557688069508e+01
-9.477632923611190563e+01
-1.319350878339301971e+02
-1.658592669278688163e+02
-1.937621438579478763e+02
-2.131993054388227620e+02
-2.224251484306123530e+02
-2.203558122676145103e+02
-2.068182304640532720e+02
-1.824053610440938655e+02
-1.486217895363680555e+02
-1.076435846817065567e+02
-6.237567804421746587e+01
-1.611619083641585348e+01
2.749391522702853763e+01
6.489956592998055385e+01
9.273331457731478622e+01
1.082610108631449748e+02
1.094794743444875849e+02
9.552053395261066271e+01
6.664600802843619931e+01
2.449274592587835286e+01
-2.812461570320749615e+01
-8.718518274887389907e+01
-1.479112447984637129e+02
-2.050170866817866226e+02
-2.533930829340561104e+02
-2.884651856552582103e+02
-3.068346451974953197e+02
-3.064484072971898740e+02
-2.869341426752966981e+02
-2.494178739552521620e+02
-1.965589398643160166e+02
-1.321857638139208575e+02
-6.120765791419739799e+01
1.094029374667218235e+01
7.860777895313071895e+01
1.365513177221508840e+02
1.801074464932927413e+02
2.056157520324005645e+02
2.104522418759506763e+02
1.933904345007357506e+02
1.546407928865630765e+02
9.616519253629235209e+01
2.147052787052268741e+01
-6.431928995060559373e+01
-1.547263505648817272e+02
-2.421504885251912356e+02
-3.188496623828403926e+02
-3.776194228081633355e+02
-4.126739854968271857e+02
-4.201293763469326450e+02
-3.986267211542949553e+02
-3.492251057297031593e+02
-2.752888738004428433e+02
-1.820580410443382107e+02
-7.674782354509102333e+01
3.208807774196509399e+01
1.354522070291911859e+02
2.250827155358820164e+02
2.938997678142588938e+02
3.365746544385834795e+02
3.496019933998165925e+02
3.314067309663719243e+02
2.821978547694061490e+02
2.045056905023234322e+02
1.031568455206395356e+02
-1.486267816151325860e+01
-1.407359742335562487e+02
-2.639259457456460041e+02
-3.735173547928932294e+02
-4.595857497015445006e+02
-5.143737969439534936e+02
-5.327721734273818583e+02
-5.129479538298987791e+02
-4.561333562086444999e+02
-3.664751111054147259e+02
-2.501570523563427741e+02
-1.156868636401702588e+02
2.608861288884645546e+01
1.634868790303264632e+02
2.858694015387893614e+02
3.840343574400639000e+02
4.508354546889659105e+02
4.817401760535047970e+02
4.744600545416217301e+02
4.281627853667350792e+02
3.443711401408990014e+02
2.278227331050120483e+02
8.664398465276349270e+01
-6.851190335830028744e+01
-2.243794260999985681e+02
-3.664739802084184248e+02
-4.814553952699164938e+02
-5.593975865171387341e+02
-5.942158882301829408e+02
-5.841555779470127163e+02
-5.311785236282973983e+02
-4.402202417462976882e+02
-3.182236077231981426e+02
-1.741611254899469259e+02
-1.928682820456356239e+01
1.342115703765407488e+02
2.751831179719906686e+02
3.939261746070807249e+02
4.826894843862362450e+02
5.363722068543272599e+02
5.519223804637242665e+02
5.271057789845471007e+02
4.613763228288589744e+02
3.566945016075788999e+02
2.195460330085588794e+02
6.014789227629989909e+01
-1.080573651346945780e+02
-2.693274134103600090e+02
-4.077110160178317528e+02
-5.106807211844128460e+02
-5.702331738779412262e+02
-5.832887784336001005e+02
-5.512882842188827226e+02
-4.788408831332003501e+02
-3.727201572537746870e+02
-2.415482749872192016e+02
-9.549425824543914132e+01
5.427315536092373804e+01
1.972411598722138706e+02
3.241235149587715796e+02
4.274885983935569129e+02
5.017480089452340053e+02
5.432523647131353073e+02
5.486090086430353949e+02
5.154938782936446842e+02
4.428466649154039487e+02
3.331119181002075038e+02
1.934463351083451244e+02
3.515971271064154280e+01
-1.274811111443723348e+02
-2.784309554198151773e+02
-4.028407994297101595e+02
-4.898922305897956448e+02
-5.335348227720668319e+02
-5.326969805571354755e+02
-4.903916208986366883e+02
-4.121628830099123206e+02
-3.056041717217444784e+02
-1.795478726372905385e+02
-4.382231717330307674e+01
9.189257996558706054e+01
2.189050852685555810e+02
3.300377694436676848e+02
4.194030051751321935e+02
4.825842765501372469e+02
5.158176730623653157e+02
5.155772934394319691e+02
4.791213381907436997e+02
4.053194921340350447e+02
2.970048751979483086e+02
1.616686816900912618e+02
1.051621395082884192e+01
-1.422892043332875573e+02
-2.813069460009741078e+02
-3.928564016972399031e+02
-4.674113739557569716e+02
-5.000680489948148306e+02
-4.909060441553481269e+02
-4.435219592298233238e+02
-3.639992937390412635e+02
-2.600076200971234357e+02
-1.402619680140198852e+02
-1.386038422081082899e+01
1.105832005266331635e+02
2.257972300882997843e+02
3.256563359430504079e+02
4.051057789926195483e+02
4.600391023810010438e+02
4.867314747921539038e+02
4.816557370290354356e+02
4.421016397215903453e+02
3.671885000647826018e+02
2.602807351776298219e+02
1.287594116313177892e+02
-1.636901519086268308e+01
-1.613201585633375998e+02
-2.911687521100038794e+02
-3.932357375335418510e+02
-4.586550417344894868e+02
-4.833503074351777968e+02
-4.678514424871154915e+02
-4.161849391554010253e+02
-3.345987208993435615e+02
-2.309567564729484275e+02
-1.138403539612922941e+02
7.839985411130214743e+00
1.261083242578864656e+02
2.342258582302265495e+02
3.266680260325404106e+02
3.987426212367186054e+02
4.467150311657217117e+02
4.669500186752255786e+02
4.562919951726153158e+02
4.121946417253320760e+02
3.344261578108444155e+02
2.267135738427764409e+02
9.657291651109687791e+01
-4.517630085868825063e+01
-1.848275946122689675e+02
-3.080632516107933725e+02
-4.028029494407314814e+02
-4.608446663583221152e+02
-4.785712818192021132e+02
-4.569753247648214938e+02
-4.002454832202895432e+02
-3.149206239032164376e+02
-2.089506436154872517e+02
-9.118189367231445885e+01
2.950263242776145489e+01
1.451686298908924755e+02
2.493371168821586252e+02
3.366081853272082753e+02
4.026811686795318792e+02
4.440113468355174291e+02
4.573509660661395628e+02
4.398649068720633295e+02
3.895429708737410692e+02
3.067976579798502144e+02
1.960154008806139245e+02
6.491196334219353048e+01
-7.544693629557377790e+01
-2.114712682220186935e+02
-3.292250401597393648e+02
-4.173568931006027469e+02
-4.682077587620143504e+02
-4.788408164973435532e+02
-4.505806846748868111e+02
-3.879602550263484773e+02
-2.976376984162745885e+02
-1.878638269373068397e+02
-6.768152067066660038e+01
5.377277452649184397e+01
1.686110900313142338e+02
2.702528211694747142e+02
3.534507394757805514e+02
4.140357881494546746e+02
4.487781505869926377e+02
4.546608280922325775e+02
4.293644633682247331e+02
3.713715364915340160e+02
2.820729907656384512e+02
1.665050469032597675e+02
3.300182685409026817e+01
-1.070608044312415359e+02
-2.399502022113774728e+02
-3.523074551667010610e+02
-4.334223257096778070e+02
-4.765149166998636474e+02
-4.793220806819202835e+02
-4.437792461764493055e+02
-3.746499119881650586e+02
-2.789008263462224022e+02
-1.649198189686539990e+02
-4.209324956156683584e+01
8.042628824508005891e+01
1.946460049834164465e+02
2.940384849781165713e+02
3.733119245900464875e+02
4.285523327320274802e+02
4.565927919358719009e+02
4.547689843598227526e+02
4.210592804202995012e+02
3.546932710420394415e+02
2.579857899156368148e+02
1.369021636146258061e+02
4.147025425953643207e-01
-1.394606898049299843e+02
-2.690045458435249657e+02
-3.753461871266761136e+02
-4.487003215597117105e+02
-4.831771090835038649e+02
-4.775125249748172109e+02
-4.341767178712882469e+02
-3.583973701772754339e+02
-2.573072722309508436e+02
-1.395889471945049536e+02
-1.470531660975200339e+01
1.081560173075145030e+02
2.211720333206383202e+02
3.177788281339715013e+02
3.928591140074726127e+02
4.425652467009410884e+02
4.638824848290246337e+02
4.542717744942044646e+02
4.121078664138051408e+02
3.372652890999369220e+02
2.331808566443876316e+02
1.066125827408393434e+02
-3.255842849923089943e+01
-1.717926000634396360e+02
-2.972833794241441865e+02
-3.969083996041013052e+02
-4.617252331108987846e+02
-4.870314977601265127e+02
-4.724675210649884320e+02
-4.212500340930143921e+02
-3.389467529650294182e+02
-2.330511970147806551e+02
-1.123528981057988858e+02
1.356003185961412782e+01
1.357850650509519710e+02
2.466105274899041433e+02
3.397119831884152745e+02
4.100551937368906010e+02
4.540173416531849853e+02
4.685212378139653993e+02
4.512832509556103560e+02
4.008615951396471928e+02
3.180057584351641253e+02
2.070503792260816454e+02
7.569677770831719954e+01
-6.542724193070034744e+01
-2.031381372925466167e+02
-3.238438205601896698e+02
-4.160648253431388639e+02
-4.719231518522127544e+02
-4.877802788567048538e+02
-4.643366775098546668e+02
-4.053757424505231484e+02
-3.169947461239781887e+02
-2.068897017195523631e+02
-8.410752239281168841e+01
4.192147550968741143e+01
1.625089034103785934e+02
2.703049834712437587e+02
3.591397467461629276e+02
4.243036267528144663e+02
4.622098485904004974e+02
4.698956176254212096e+02
4.451410701160464214e+02
3.868763143596770533e+02
2.965976898969482818e+02
1.796152808003751034e+02
4.435735910999551379e+01
-9.769112532340830057e+01
-2.329970190577488438e+02
-3.481644509239881700e+02
-4.325636752198486192e+02
-4.792352120796958843e+02
-4.857506770469385629e+02
-4.536257193018484486e+02
-3.873402004194695110e+02
-2.933431631164552300e+02
-1.797028447632992538e+02
-5.552749620432666688e+01
6.982593336686500152e+01
1.880951845487956007e+02
2.921613968720305365e+02
3.762304627048745260e+02
4.357895063560412154e+02
4.674362558572914850e+02
4.681964625471955515e+02
4.360792991555963454e+02
3.702948234235673226e+02
2.732748486578739175e+02
1.510449411245467672e+02
1.287623200434393311e+01
-1.291525265558269666e+02
-2.611511466892661701e+02
-3.702313399064826172e+02
-4.464653745978069992e+02
-4.839919521054282541e+02
-4.813554682471801698e+02
-4.409598946982620191e+02
-3.677589025310383022e+02
-2.686969520529095234e+02
-1.520351369357797466e+02
-2.707840883420101363e+01
9.711628500056531266e+01
2.125423842905217953e+02
3.124886333582994666e+02
3.913895298648187691e+02
4.451068915911889690e+02
4.702380183146676700e+02
4.640239386490264906e+02
4.245461495528268188e+02
3.515817402550574116e+02
2.483244559699139700e+02
1.216197801959704066e+02
-1.863975771798084224e+01
-1.597121135623292503e+02
-2.876970443897574796e+02
-3.901591179236252174e+02
-4.580668643840050436e+02
-4.864882987294164423e+02
-4.750282880226520774e+02
-4.267145162853360034e+02
-3.470924564767913125e+02
-2.433958783022355874e+02
-1.242344787791879526e+02
1.106709806435901555e+00
1.237328757365438605e+02
2.360424958794766326e+02
3.315493610852295205e+02
4.050935654326503936e+02
4.527190324911022117e+02
4.711932009569026150e+02
4.578481608353882848e+02
4.110456341791410750e+02
3.310870460442803278e+02
2.220797402650758841e+02
9.147981960146773872e+01
-5.007030343516771609e+01
-1.894366450909204787e+02
-3.127139021988755303e+02
-4.081787370524447169e+02
-4.675583794928895713e+02
-4.870168762746827724e+02
-4.669676992510894706e+02
-4.111526788557104055e+02
-3.254918062857800578e+02
-2.176422656442090329e+02
-9.637128580588876048e+01
2.894283901744347531e+01
1.497541595725671186e+02
2.586703807812905325e+02
3.495834140167866053e+02
4.175668831848787477e+02
4.589749799398749701e+02
4.705910296892050155e+02
4.500342570375319156e+02
3.958415371244971084e+02
3.091237051023653066e+02
1.947032930417622083e+02
6.080024241461796919e+01
-8.139722346615531023e+01
-2.182982182240319844e+02
-3.363270263343007400e+02
-4.243693026624523554e+02
-4.751229189560003761e+02
-4.856680240516968752e+02
-4.573227880732664516e+02
-3.943098698770162400e+02
-3.030537998749657618e+02
-1.914333369236104545e+02
-6.851387281417851227e+01
5.646784492352526286e+01
1.751509376485918210e+02
2.805022217858820568e+02
3.666081149281233138e+02
4.289383858337033644e+02
4.639370784462601023e+02
4.686013789894500405e+02
4.406747628460008173e+02
3.791319818520194076e+02
2.858079028717860410e+02
1.663791495141597352e+02
2.965562306908248047e+01
-1.124905809281368647e+02
-2.462987778930460081e+02
-3.584984050535066444e+02
-4.388070931014819962e+02
-4.807684160442611301e+02
-4.825304389261635833e+02
-4.460790651280747170e+02
-3.762401945767335292e+02
-2.797380132084447268e+02
-1.648180200658463264e+02
-4.063183202776247072e+01
8.362056380537671885e+01
1.999345783273249708e+02
3.014536971718677023e+02
3.826239833740576159e+02
4.391255664501079536e+02
4.676169792440501851e+02
4.651705381774243051e+02
4.298244464871265791e+02
3.609339937321041134e+02
2.612749961912999197e+02
1.371790624952117241e+02
-1.782673563324578936e+00
-1.432640454062168374e+02
-2.732961908228288621e+02
-3.792060020310520940e+02
-4.514178841292460902e+02
-4.845331294564335849e+02
-4.775672564215517468e+02
-4.332839246579126211e+02
-3.569053986109188372e+02
-2.555957539357681298e+02
-1.377766062589507783e+02
-1.280139365347486091e+01
1.103962351680709162e+02
2.239958040412520859e+02
3.214832788675709025e+02
3.974970462239352855e+02
4.480718175791032536e+02
4.698797503479607940e+02
4.602655150975215292e+02
4.173999627807911565e+02
3.413102668302944949e+02
2.355515403432642643e+02
1.072590535723555831e+02
-3.340778895326570819e+01
-1.735130457247903450e+02
-2.991950728504541530e+02
-3.983035190304684647e+02
-4.621830580086510736e+02
-4.863527161374605612e+02
-4.708233883221856786e+02
-4.189114096228245216e+02
-3.363763738458444550e+02
-2.306255285157908475e+02
-1.104076742387167087e+02
1.495846064516888418e+01
1.366819700209606481e+02
2.472944229373291591e+02
3.404546610652718073e+02
4.111719060058330797e+02
4.556275308573692655e+02
4.706689467219866856e+02
4.537583743917266474e+02
4.034006016399684995e+02
3.202371292361527821e+02
2.087519510540697638e+02
7.670036392195959252e+01
-6.501147955831243053e+01
-2.031038405171433396e+02
-3.238025414030499860e+02
-4.157214822612681928e+02
-4.709991593492293305e+02
-4.862559052927749690e+02
-4.622747776716897761e+02
-4.030460035531644962e+02
-3.146701248311037489e+02
-2.049451822308931241e+02
-8.275340274854102063e+01
4.252376275912104120e+01
1.624395975437422521e+02
2.697057736693541301e+02
3.583283699372718729e+02
4.235249833657902627e+02
4.617485102884104435e+02
4.698645782985829555e+02
4.456261628886379640e+02
3.877639321531964924e+02
2.977931292468069842e+02
1.809192040614177586e+02
4.568064455050136985e+01
-9.646414292027964166e+01
-2.318209373349571933e+02
-3.470187994721055702e+02
-4.313180972704884653e+02
-4.778653149221128160e+02
-4.842051959238066274e+02
-4.520035665452026024e+02
-3.857110036235750385e+02
-2.919138334919709905e+02
-1.786115170344780836e+02
-5.495742835676321647e+01
6.984733977280450290e+01
1.875459977470437707e+02
2.912002312817260190e+02
3.749995395915461813e+02
4.345411445674196784e+02
4.663338136463123647e+02
4.674603282510580584e+02
4.357900815962452725e+02
3.705428930675670927e+02
2.739926657688299656e+02
1.521963995076524725e+02
1.430009225042908838e+01
-1.275532898670206805e+02
-2.595485108405903247e+02
-3.686774872533761709e+02
-4.450593216503417580e+02
-4.827182004124567811e+02
-4.802678356965240027e+02
-4.400242157764428157e+02
-3.670311061272036568e+02
-2.681641302506711781e+02
-1.517782597528700990e+02
-2.708258576256332617e+01
9.679719791556749442e+01
2.119690906206013779e+02
3.116748828935465099e+02
3.904666617153966399e+02
4.441390672470082563e+02
4.693920152947816860e+02
4.633878776667037300e+02
4.242836045084129637e+02
3.517313341875717470e+02
2.489531547402623346e+02
1.226534778439548745e+02
-1.725185921633385533e+01
-1.581591189985597339e+02
-2.861037935468119713e+02
-3.887185047954706079e+02
-4.568495458584541211e+02
-4.856002453110438637e+02
-4.744410490110119554e+02
-4.264476521955052704e+02
-3.470538942191228671e+02
-2.435686209764568275e+02
-1.245161261234183030e+02
7.263804527565298486e-01
1.233312297753205939e+02
2.355986194803138005e+02
3.311216269497281246e+02
4.046549318513800699e+02
4.523336128275990404e+02
4.708619615150714708e+02
4.576781478147377129e+02
4.110755833239054482e+02
3.314266354244828108e+02
2.227198130951629764e+02
9.245422423984814486e+01
-4.886888423509185486e+01
-1.880858764395458138e+02
-3.114059710003307373e+02
-4.070153883819263001e+02
-4.666983173644719045e+02
-4.864842153511027618e+02
-4.668170053251809577e+02
-4.113055841259503040e+02
-3.259145243489282393e+02
-2.181903493233743347e+02
-9.697769354194599600e+01
2.841626091367447771e+01
1.493278265422820823e+02
2.584150626963582909e+02
3.494533652991757435e+02
4.175796608228333753e+02
4.590585679799405625e+02
4.707744270705849203e+02
4.502835341367119781e+02
3.962342620427946258e+02
3.096525376497297657e+02
1.954322201354158324e+02
6.168386415377767662e+01
-8.035798155195220716e+01
-2.172316872347967092e+02
-3.353022144788442347e+02
-4.235418741762116497e+02
-4.745452262804138854e+02
-4.854385856229399678e+02
-4.574084440420937199e+02
-3.947176272506080750e+02
-3.036628418875488933e+02
-1.921761787606696998e+02
-6.922502864365731057e+01
5.585508952689394846e+01
1.747554023543572157e+02
2.803172854609108526e+02
3.666715071409762459e+02
4.291708006373394255e+02
4.643330318408552557e+02
4.690757663403753668e+02
4.412445774362480506e+02
3.797526848211713286e+02
2.865252485848361630e+02
1.671520200228289923e+02
3.051866234343447104e+01
-1.116099058533017114e+02
-2.454170000249489476e+02
-3.577345653365289309e+02
-4.381984151950713340e+02
-4.804263233599494924e+02
-4.824537635097083239e+02
-4.463169240358256502e+02
-3.767197733199071763e+02
-2.804335298417029207e+02
-1.655864216593167839e+02
-4.140003172425360844e+01
8.300115831677362621e+01
1.995008420185689602e+02
3.012914789843426888e+02
3.826940248946442580e+02
4.394407043582663164e+02
4.680899531581832207e+02
4.657953983050775832e+02
4.305194601082955614e+02
3.617168672474142568e+02
2.620813980273125026e+02
1.380326691237722798e+02
-9.444750863342505909e-01
-1.424293716095672835e+02
-2.725539711658560691e+02
-3.785675641696873299e+02
-4.509807806124886156e+02
-4.843013891267514737e+02
-4.776106634380330433e+02
-4.335619808020360324e+02
-3.574348084829864547e+02
-2.562767934386109800e+02
-1.385657384989768843e+02
-1.355493262861148196e+01
1.097312364283989155e+02
2.235389316406987064e+02
3.212404279280909805e+02
3.975251420830609277e+02
4.483134966341294785e+02
4.703470131801607295e+02
4.608752508672747581e+02
4.181562759760523704e+02
3.421346761013742253e+02
2.364483321099640989e+02
1.081491408544882233e+02
-3.251777315685171743e+01
-1.727067301100819350e+02
-2.984758096064012989e+02
-3.977581743686125719e+02
-4.618092334539055628e+02
-4.862231841684854317e+02
-4.709098146619006684e+02
-4.192517975146860181e+02
-3.369025644051278050e+02
-2.313299166309499242e+02
-1.111731143768039374e+02
1.417647107192829026e+01
1.360099568799151939e+02
2.467616033031973757e+02
3.401542651896727421e+02
4.110847669959727000e+02
4.557966412696180214e+02
4.710372860484715147e+02
4.543416583594711256e+02
4.041251932316996545e+02
3.211060446583401244e+02
2.096744675256954906e+02
7.766837411499000154e+01
-6.409355378911982370e+01
-2.022495837016423366e+02
-3.231073793966951371e+02
-4.151862143780416545e+02
-4.706990648631333443e+02
-4.861667682722005566e+02
-4.624417521757607119e+02
-4.034133652630179085e+02
-3.152508386060140992e+02
-2.056476989133202551e+02
-8.355197320637410030e+01
4.174850741875673066e+01
1.617191286928000409e+02
2.691482474829292642e+02
3.579408999975515826e+02
4.233786333577588721e+02
4.618124972411503677e+02
4.701802707851713876e+02
4.461375430780353781e+02
3.884907621123516037e+02
2.986527299999653451e+02
1.819003822953944791e+02
4.667885442341571434e+01
-9.547519987938176200e+01
-2.309552170500627426e+02
-3.462954942198791741e+02
-4.308259951075659728e+02
-4.775905665523742982e+02
-4.841997145736074799e+02
-4.522168827019688706e+02
-3.861630811445068048e+02
-2.925254149515657218e+02
-1.793728670358962063e+02
-5.575919191385276008e+01
6.903295108001884728e+01
1.868281460754257068e+02
2.905955856835328177e+02
3.745969819734621069e+02
4.343277117386344344e+02
4.663704744890920892e+02
4.677117777731464230e+02
4.362955652288273996e+02
3.712425240635797081e+02
2.748887927624641634e+02
1.531889415258898453e+02
1.536063328584691590e+01
-1.265493813082180168e+02
-2.586420325467145176e+02
-3.679800584274880748e+02
-4.445772342480670432e+02
-4.825194438835090978e+02
-4.803115543821074880e+02
-4.403359355722545843e+02
-3.675363181235071579e+02
-2.688605212915514358e+02
-1.525651394937528949e+02
-2.793466149204266458e+01
9.598925771209349023e+01
2.112238752694354389e+02
3.110883463800282698e+02
3.900376962283017974e+02
4.439383989346908947e+02
4.693979163632675409e+02
4.636542980558090221e+02
4.247703705712533520e+02
3.524653104868702940e+02
2.498504127615480002e+02
1.236957311227029095e+02
-1.618555537186341553e+01
-1.571179478858100538e+02
-2.852210925878728176e+02
-3.880245753252614804e+02
-4.564362485022993496e+02
-4.854462015898810705e+02
-4.745837255230453593e+02
-4.268195614871332282e+02
-3.476574159476342629e+02
-2.443084190561286277e+02
-1.253705017335863658e+02
-1.303110742428543745e-01
1.224942659326737839e+02
2.348811720936248548e+02
3.305293156741212215e+02
4.042666280732746600e+02
4.521323307296087251e+02
4.709108306645989614e+02
4.579469285879796416e+02
4.116109254126145061e+02
3.321682183523770391e+02
2.236663942125260292e+02
9.349851998364897554e+01
-4.776874520150363423e+01
-1.870705442543646768e+02
-3.105264104652383139e+02
-4.063873139651243491e+02
-4.663259395014100619e+02
-4.864259096044352191e+02
-4.670187286756613503e+02
-4.117784448139265123e+02
-3.265689102372867865e+02
-2.190095137343869283e+02
-9.784959581732346123e+01
2.751990137540769865e+01
1.485126548908597215e+02
2.576925947892947306e+02
3.489100444824499618e+02
4.172044671385781385e+02
4.589172578825424580e+02
4.708431738284716630e+02
4.506165406644981886e+02
3.967913718630824178e+02
3.104540561861479091e+02
1.963879709490106507e+02
6.276724444783508261e+01
-7.927918164169705051e+01
-2.162162946188972228e+02
-3.344855366446033713e+02
-4.229517215883897734e+02
-4.742659776656133772e+02
-4.854371025053821995e+02
-4.577099636701582313e+02
-3.952426082757294807e+02
-3.044015189852099184e+02
-1.930216076666251865e+02
-7.014683632359333387e+01
5.497039568381831032e+01
1.739267394257274191e+02
2.796387218379852584e+02
3.661407330924034795e+02
4.288582324371554932e+02
4.642175018751829612e+02
4.692163713755523986e+02
4.416088981430980311e+02
3.803817348840739214e+02
2.873482489143018483e+02
1.681592215883124481e+02
3.159325240383338951e+01
-1.105194567151181673e+02
-2.444557097563774732e+02
-3.569493349443504258e+02
-4.376973851614410478e+02
-4.802019540556379980e+02
-4.825512946366698088e+02
-4.466709662879369489e+02
-3.773313264526296962e+02
-2.812036019519557613e+02
-1.664896235814367174e+02
-4.231907977647438202e+01
8.209351126867886705e+01
1.987069166127845392e+02
3.006178221515726818e+02
3.822205161658839643e+02
4.391500409396096529e+02
4.680450736622531167e+02
4.659681747369712639e+02
4.309608822503504371e+02
3.623772513398084811e+02
2.629687473045648858e+02
1.390466822419559776e+02
1.591835379297208419e-01
-1.413766823712708174e+02
-2.716113724711589157e+02
-3.778625341376211964e+02
-4.505301135625087454e+02
-4.841750174829001026e+02
-4.777618434287802529e+02
-4.340054336701031161e+02
-3.580823439614428025e+02
-2.571114413209572831e+02
-1.394744252501955089e+02
-1.450532009528853905e+01
1.088496823822187025e+02
2.227413582281781146e+02
3.206163370464154241e+02
3.970666792449549121e+02
4.480870929450003359e+02
4.703297802550212054e+02
4.611226753303265014e+02
4.186320694430778531e+02
3.428679424004099019e+02
2.373555817539953523e+02
1.092095093295540664e+02
-3.143196550980167103e+01
-1.716542046658336176e+02
-2.975988304535744646e+02
-3.970938005570678797e+02
-4.614524581013680518e+02
-4.861507496045959442e+02
-4.711535990695872442e+02
-4.197366339891244706e+02
-3.376218313854902817e+02
-2.321788766213146573e+02
-1.121221546208490736e+02
1.324394539870422705e+01
1.351169813961965929e+02
2.460063105228356335e+02
3.395388126836218134e+02
4.106841879930988171e+02
4.555916145450564727e+02
4.710895084648020656e+02
4.546204049000723444e+02
4.046766227947225616e+02
3.218673607060300128e+02
2.106413163153130199e+02
7.872884865499486295e+01
-6.298735959444923083e+01
-2.012440015985171158e+02
-3.222564925394759712e+02
-4.146066878947486884e+02
-4.703932814699508071e+02
