-1.000000000000156021e-06
-4.000000000006161137e-06
-9.000000000156828378e-06
-1.600000000256164036e-05
-2.500000002999812365e-05
-3.600000026731437657e-05
-4.900000186817989170e-05
-6.400001036453918006e-05
-8.100004532439287000e-05
-1.000001496700886783e-04
-1.210003150741781059e-04
-1.439999661007870856e-04
-1.689960931769879686e-04
-1.959788782561974220e-04
-2.249260232982694765e-04
-2.558054119680845998e-04
-2.886082506547578397e-04
-3.234324860311308856e-04
-3.605864317759365444e-04
-4.005873939147486305e-04
-4.438957084039702817e-04
-4.904141251044218282e-04
-5.391556077587102581e-04
-5.885949351564088083e-04
-6.376319148523367300e-04
-6.862425075031899652e-04
-7.350174734726083693e-04
-7.841633946336777801e-04
-8.333637926257882970e-04
-8.826253993339212367e-04
-9.326245739190846271e-04
-9.839376309035577448e-04
-1.036569710897740620e-03
-1.090621083607371845e-03
-1.146707217490773069e-03
-1.205291117848588788e-03
-1.266362784184576692e-03
-1.330113421575644357e-03
-1.397074120811684543e-03
-1.467445940967931992e-03
-1.541187170787311229e-03
-1.618605223926021779e-03
-1.700035757075188262e-03
-1.785437167894398432e-03
-1.874885660685122460e-03
-1.968698942402871948e-03
-2.066912222827067738e-03
-2.169469328158692319e-03
-2.276594870928253835e-03
-2.388385280339639771e-03
-2.504739537023281930e-03
-2.625786141997162471e-03
-2.751641669558838044e-03
-2.882185115148146876e-03
-3.017430611802918855e-03
-3.157429898871812277e-03
-3.302026847684666391e-03
-3.451223359884337399e-03
-3.605235951932251378e-03
-3.764253716199438254e-03
-3.928591362321355585e-03
-4.098488577677853427e-03
-4.273622291928163425e-03
-4.453229259841748333e-03
-4.636398342702525120e-03
-4.822419953829322481e-03
-5.011397929066633422e-03
-5.204204607644319011e-03
-5.401778410144852417e-03
-5.604643270152938513e-03
-5.812766654761281244e-03
-6.025949630240757214e-03
-6.244389377704735906e-03
-6.468474999002627249e-03
-6.698233726384457409e-03
-6.933169913087612775e-03
-7.172597386791703007e-03
-7.416225892750098053e-03
-7.664070872898319856e-03
-7.915833358221506869e-03
-8.170906077775938817e-03
-8.428798189033161886e-03
-8.689424962770357641e-03
-8.952920724116915363e-03
-9.219038374088833407e-03
-9.487379607667673770e-03
-9.758034919375511984e-03
-1.003127912151930388e-02
-1.030717733137967961e-02
-1.058564285687686735e-02
-1.086670049903926821e-02
-1.115076806579564338e-02
-1.143813497961030171e-02
-1.172865678774963859e-02
-1.202245203304358467e-02
-1.231987626987333766e-02
-1.262101612382833873e-02
-1.292581226948106080e-02
-1.323433708421722574e-02
-1.354700500787823191e-02
-1.386421944647877463e-02
-1.418599758843066758e-02
-1.451239922354805381e-02
-1.484335291967042031e-02
-1.517814260240828682e-02
-1.551592388250666414e-02
-1.585639530221880436e-02
-1.619993806069571982e-02
-1.654725878341766973e-02
-1.689903057076995452e-02
-1.725577905807721205e-02
-1.761731950644522884e-02
-1.798278081277094806e-02
-1.835159798808634612e-02
-1.872366827649806290e-02
-1.909880484833814326e-02
-1.947647165017931184e-02
-1.985594212951365817e-02
-2.023663849480135737e-02
-2.061820299265658754e-02
-2.100071107691230468e-02
-2.138448876946945701e-02
-2.176934484262420949e-02
-2.215491123562686807e-02
-2.254138390431741079e-02
-2.292923397925089590e-02
-2.331867210478276789e-02
-2.370956745692977263e-02
-2.410179517594805698e-02
-2.449536001859724949e-02
-2.489032661495575727e-02
-2.528677797390100832e-02
-2.568436623690833684e-02
-2.608253922865987062e-02
-2.648123505056157109e-02
-2.688045504950855452e-02
-2.727973683773597668e-02
-2.767847743946992220e-02
-2.807644882153037882e-02
-2.847371833732860111e-02
-2.887021684569935839e-02
-2.926585104312025634e-02
-2.966055440073188734e-02
-3.005421152627067022e-02
-3.044667935376014697e-02
-3.083739616476582901e-02
-3.122571310567111638e-02
-3.161178328184530845e-02
-3.199645638401753950e-02
-3.238061690127742170e-02
-3.276495027341425753e-02
-3.315003884694934372e-02
-3.353592029868369961e-02
-3.392192922106952030e-02
-3.430754917358541656e-02
-3.469278980373848020e-02
-3.507800697396931677e-02
-3.546347927930055405e-02
-3.584900639976255216e-02
-3.623443049097899160e-02
-3.662009184144912610e-02
-3.700654941995621533e-02
-3.739429035258421546e-02
-3.778376347666161095e-02
-3.817523215177535262e-02
-3.856845815940730671e-02
-3.896333289363505120e-02
-3.936024193668759968e-02
-3.975926804030801426e-02
-4.015991938982953896e-02
-4.056155498018340633e-02
-4.096387566405066544e-02
-4.136689236561118949e-02
-4.177040403204694552e-02
-4.217395632326241539e-02
-4.257716752141285643e-02
-4.297992597332277870e-02
-4.338222266608374872e-02
-4.378410819895552780e-02
-4.418571753161601445e-02
-4.458698378844684618e-02
-4.498806984206570048e-02
-4.538964486721834557e-02
-4.579207106258210980e-02
-4.619503783442109601e-02
-4.659814239987535023e-02
-4.700137553710423410e-02
-4.740482263648562039e-02
-4.780854146610814120e-02
-4.821296164228891512e-02
-4.861886253376534323e-02
-4.902687948301380494e-02
-4.943690065422304269e-02
-4.984812720036217032e-02
-5.025962285817903857e-02
-5.067073362910182871e-02
-5.108142427234898392e-02
-5.149193928335262654e-02
-5.190231748518170374e-02
-5.231257194061431776e-02
-5.272292282902898281e-02
-5.313355698126009247e-02
-5.354459484633427441e-02
-5.395663584178089778e-02
-5.437039470993939444e-02
-5.478583218041407216e-02
-5.520246360989702200e-02
-5.562015593102092453e-02
-5.603923657815597370e-02
-5.645992473260460359e-02
-5.688211391218408325e-02
-5.730561048095613591e-02
-5.773037593031964815e-02
-5.815673823719713642e-02
-5.858516526394066948e-02
-5.901599710076640276e-02
-5.944944773820157180e-02
-5.988571730265307425e-02
-6.032506699494299268e-02
-6.076783317816196461e-02
-6.121454560010928386e-02
-6.166551489342645548e-02
-6.212051860068716624e-02
-6.257942781762827755e-02
-6.304246256571761908e-02
-6.350941169459625724e-02
-6.397928939188975150e-02
-6.445129320301815068e-02
-6.492533940480414711e-02
-6.540161118082510328e-02
-6.588030450281653905e-02
-6.636149009668786125e-02
-6.684493643444019972e-02
-6.733006989049240831e-02
-6.781606383822849637e-02
-6.830202854044810368e-02
-6.878742434948546813e-02
-6.927239896754289195e-02
-6.975752481561640905e-02
-7.024336346389560559e-02
-7.073012151190748165e-02
-7.121761542856165639e-02
-7.170580342399696105e-02
-7.219519027030300851e-02
-7.268623790663228390e-02
-7.317860482708295200e-02
-7.367170817081351852e-02
-7.416528504858165005e-02
-7.465893613358590142e-02
-7.515218656444776213e-02
-7.564501312953396395e-02
-7.613755535528897445e-02
-7.662957541775826387e-02
-7.712073710996568410e-02
-7.761102871524393210e-02
-7.810077682116768616e-02
-7.859036744872445468e-02
-7.907976884662192008e-02
-7.956859848043627836e-02
-8.005665972012107612e-02
-8.054414876591624306e-02
-8.103131654308697029e-02
-8.151801584737582151e-02
-8.200378022274024126e-02
-8.248829426735913850e-02
-8.297149012299946669e-02
-8.345316263379695676e-02
-8.393287936077034606e-02
-8.441051419175335524e-02
-8.488655324761951171e-02
-8.536159507500337695e-02
-8.583622627990715459e-02
-8.631112275882094065e-02
-8.678616472028015394e-02
-8.726043425905682938e-02
-8.773351334354544118e-02
-8.820563083510356284e-02
-8.867703059888662476e-02
-8.914804625179381659e-02
-8.961915870517055127e-02
-9.009071191119792654e-02
-9.056268036104778152e-02
-9.103445118009532988e-02
-9.150532808924231876e-02
-9.197513068818147230e-02
-9.244373454287146963e-02
-9.291049265127784840e-02
-9.337432385477163754e-02
-9.383431332013958404e-02
-9.429022313753053497e-02
-9.474219530001734557e-02
-9.519019948244510088e-02
-9.563418673614382248e-02
-9.607417033595860856e-02
-9.651008570459314317e-02
-9.694210869099316452e-02
-9.737063983160852698e-02
-9.779578028204274909e-02
-9.821720860114094287e-02
-9.863478018829288652e-02
-9.904850458293266990e-02
-9.945815588890624670e-02
-9.986380191488565539e-02
-1.002656967498727208e-01
-1.006635419554293004e-01
-1.010567336762677459e-01
-1.014451762750919889e-01
-1.018293109718717976e-01
-1.022094797466222421e-01
-1.025857989848993068e-01
-1.029586246476566214e-01
-1.033286926227213604e-01
-1.036965119686538844e-01
-1.040617690969877079e-01
-1.044234918841517312e-01
-1.047810530453405498e-01
-1.051344624709892456e-01
-1.054840563444764540e-01
-1.058304875294675540e-01
-1.061741963788142284e-01
-1.065152657229588573e-01
-1.068535220448864342e-01
-1.071887005770859463e-01
-1.075206968878903852e-01
-1.078494410050100799e-01
-1.081750252245338023e-01
-1.084976392425466979e-01
-1.088173309041927106e-01
-1.091341131813822474e-01
-1.094483606631210387e-01
-1.097606805791487422e-01
-1.100718450023417255e-01
-1.103827809606525850e-01
-1.106937889794480240e-01
-1.110044650738529898e-01
-1.113147422474822235e-01
-1.116252853854959454e-01
-1.119360766365552207e-01
-1.122462786448017863e-01
-1.125553043918011420e-01
-1.128628787328372629e-01
-1.131688980389892185e-01
-1.134730942196301856e-01
-1.137752361395980016e-01
-1.140750747134111204e-01
-1.143722674222120012e-01
-1.146665455626256769e-01
-1.149579937889971815e-01
-1.152471453859064549e-01
-1.155342949890290211e-01
-1.158196252407686089e-01
-1.161032120197666717e-01
-1.163848976330147666e-01
-1.166642534372625134e-01
-1.169407506769023219e-01
-1.172138826809095147e-01
-1.174834278606057825e-01
-1.177501526927090814e-01
-1.180151401199025368e-01
-1.182790194527376382e-01
-1.185415880790718218e-01
-1.188023950375598631e-01
-1.190612740488707910e-01
-1.193185070458599589e-01
-1.195745101960514478e-01
-1.198290653036176989e-01
-1.200822813234105335e-01
-1.203346059717392280e-01
-1.205862514905999688e-01
-1.208371177400842378e-01
-1.210876680502132319e-01
-1.213387038558514514e-01
-1.215900296707051464e-01
-1.218413198997339852e-01
-1.220922290385523246e-01
-1.223422838559094367e-01
-1.225911924642849593e-01
-1.228389677414146036e-01
-1.230854396761822400e-01
-1.233302348374626378e-01
-1.235731572961159402e-01
-1.238144122170560246e-01
-1.240548733421979327e-01
-1.242949067693294024e-01
-1.245345354694845225e-01
-1.247736434921868226e-01
-1.250125741970202486e-01
-1.252520421158635211e-01
-1.254925296272781654e-01
-1.257342456314852475e-01
-1.259766169536902514e-01
-1.262195899612345296e-01
-1.264626569837334347e-01
-1.267047703187563767e-01
-1.269452860913507231e-01
-1.271839264144898340e-01
-1.274209827541473716e-01
-1.276566675334313561e-01
-1.278912376664106954e-01
-1.281247390084201132e-01
-1.283565988484820231e-01
-1.285855123780829667e-01
-1.288107550270890800e-01
-1.290323434712939976e-01
-1.292507600093181497e-01
-1.294656731865774235e-01
-1.296762814674953801e-01
-1.298829816567280693e-01
-1.300854170026813084e-01
-1.302839033282096326e-01
-1.304787513699824375e-01
-1.306696105932198260e-01
-1.308562296884053788e-01
-1.310381017073220800e-01
-1.312153182686432717e-01
-1.313874015901782266e-01
-1.315543737750583808e-01
-1.317168461223013620e-01
-1.318750627241592199e-01
-1.320290871040289693e-01
-1.321791168612876100e-01
-1.323255968773205393e-01
-1.324695021926477756e-01
-1.326108760412881282e-01
-1.327491712220033315e-01
-1.328844914782943976e-01
-1.330162749603472638e-01
-1.331453227410372420e-01
-1.332712520644707688e-01
-1.333935468744110731e-01
-1.335119634286947576e-01
-1.336248546666288506e-01
-1.337324858895490021e-01
-1.338345403408501555e-01
-1.339312837254246491e-01
-1.340231904190932744e-01
-1.341103135781561706e-01
-1.341942911193681476e-01
-1.342752870302221790e-01
-1.343523872445356870e-01
-1.344255829537711888e-01
-1.344939872913646917e-01
-1.345580496141477733e-01
-1.346184697310946754e-01
-1.346745917491479205e-01
-1.347279941438461470e-01
-1.347773513566874470e-01
-1.348224683192870144e-01
-1.348642576504989476e-01
-1.349016916423038392e-01
-1.349360746984872850e-01
-1.349658585511593345e-01
-1.349905127545135974e-01
-1.350098377188902465e-01
-1.350230102320308101e-01
-1.350316012975076585e-01
-1.350343469577066635e-01
-1.350312192484065532e-01
-1.350235062296946398e-01
-1.350097635209445701e-01
-1.349909626502881765e-01
-1.349667431505452986e-01
-1.349364740074701363e-01
-1.349016559541436622e-01
-1.348594678267687197e-01
-1.348111561465933916e-01
-1.347566282769447066e-01
-1.346951159540926701e-01
-1.346291453875589905e-01
-1.345558254682600319e-01
-1.344768109174699633e-01
-1.343917243223847757e-01
-1.343000696322109999e-01
-1.342058628971523615e-01
-1.341071026755095985e-01
-1.340059630282347813e-01
-1.339034277297564413e-01
-1.337975947008900879e-01
-1.336916695445529990e-01
-1.335820012672866430e-01
-1.334687805757325263e-01
-1.333539945893797984e-01
-1.332340337517004536e-01
-1.331137458665180018e-01
-1.329908087371522163e-01
-1.328647522706450645e-01
-1.327381147032690722e-01
-1.326060886870695232e-01
-1.324739050365579540e-01
-1.323393078115778221e-01
-1.322008956553363812e-01
-1.320624620488862200e-01
-1.319186376938360772e-01
-1.317737443451428847e-01
-1.316270191140536949e-01
-1.314769167112363191e-01
-1.313291415346150570e-01
-1.311776707115922258e-01
-1.310261893161735192e-01
-1.308749034784217335e-01
