-4.181853577557153060e-05
-1.200628064141141452e-04
-1.390761516344445785e-04
-5.088607487580518206e-05
1.217114044853075398e-04
3.148104516365779655e-04
4.819497463972773348e-04
6.033028145856755018e-04
6.800597280865947059e-04
7.235470203594549562e-04
7.463292157852097989e-04
7.579332563149534423e-04
7.641208901481412550e-04
7.678163856292189284e-04
7.702995961516006379e-04
7.720772754745459801e-04
7.733602396103906196e-04
7.742678435097866824e-04
7.748931131777823814e-04
7.753144761908696515e-04
7.755947060421983404e-04
7.757801445367449884e-04
7.759031118905563781e-04
7.759851802160163499e-04
7.760403939503109343e-04
7.760778253588773972e-04
7.761033625496707245e-04
7.761208715544224259e-04
7.761329241881484431e-04
7.761412502852411488e-04
7.761470223060984094e-04
