4.130196048033251799e+00
1.214381030264444306e+01
1.776385730631439230e+01
1.717377267405469965e+01
1.468140185370356576e+01
1.437670398576351261e+01
1.423614317708981858e+01
1.416857512783276007e+01
1.413714708114800445e+01
1.412302834592395762e+01
1.411680447839689734e+01
1.411405004902532490e+01
1.411279531762764883e+01
1.411219514133711073e+01
1.411189133522605843e+01
1.411172946313825705e+01
1.411163981429504055e+01
1.411158886101962295e+01
1.411155941826056015e+01
1.411154221959484723e+01
1.411153213433670750e+01
1.411152613080039231e+01
1.411152254536991357e+01
1.411152039146330317e+01
1.411151908912328956e+01
1.411151829609661590e+01
1.411151780946715562e+01
1.411151750834163998e+01
1.411151732031391859e+01
1.411151720176723501e+01
1.411151712626034538e+01
