-6.583356063617928911e-03
2.057157059919290099e-02
1.601103416900833687e-01
3.456987487476307908e-01
4.803101933870953522e-01
5.720181248220026493e-01
6.335697966540048132e-01
6.750305881409282005e-01
7.028932689572824355e-01
7.211791196972238138e-01
7.327839467399357432e-01
7.399397172065622641e-01
7.442972052100633729e-01
7.469707327199670566e-01
7.486487344992246440e-01
7.497310882625736195e-01
7.504448229786475633e-01
7.509214020796841638e-01
7.512409060065663446e-01
7.514549026696110134e-01
7.515979016349749742e-01
7.516932745506146318e-01
7.517568942397676590e-01
7.517994121854689737e-01
7.518279215920589120e-01
7.518471171804113062e-01
7.518600991039734449e-01
7.518689173150893135e-01
7.518749324930111833e-01
7.518790522633026496e-01
7.518818851000037551e-01
