9.999999999999961142e-01
9.999346699054693088e-01
9.998276433569556199e-01
9.996856309347662561e-01
9.995177451610971486e-01
9.993297825531645140e-01
9.991274000672326627e-01
9.989167074715766814e-01
9.987039156526421602e-01
9.984947544030110533e-01
9.982940786576904868e-01
9.981057275216969060e-01
9.979325428924783470e-01
9.977764525393808537e-01
9.976385717509925755e-01
9.975193140578629825e-01
9.974185118569411923e-01
9.973355436129740514e-01
9.972694589070514315e-01
9.972190915840115633e-01
9.971831539237123732e-01
9.971603088666662895e-01
9.971492208705277083e-01
9.971485881801057660e-01
9.971571604163806946e-01
9.971737456904035124e-01
9.971972111317060072e-01
9.972264800665303630e-01
9.972605283978236423e-01
9.972983816969042126e-01
9.973391138753686658e-01
9.973818476494881180e-01
9.974257566473661019e-01
9.974700687271444988e-01
9.975140700527881377e-01
9.975571094383738346e-01
9.975986025238132715e-01
9.976380353957372549e-01
9.976749674080767072e-01
9.977090329819022774e-01
9.977399422735566681e-01
9.977674806308790556e-01
