-7.999993977486843328e-06
-2.399993758787421979e-05
-4.800106962047862247e-05
-8.001313242321237752e-05
-1.200626206005371094e-04
-1.681813794071182391e-04
-2.243539175736564313e-04
-2.884333099157906704e-04
-3.600762489666104295e-04
-4.387558105730049126e-04
-5.238722741053950535e-04
-6.149269197876310565e-04
-7.116918127623505586e-04
-8.143168278287433136e-04
-9.233498017099312557e-04
-1.039681335479917482e-03
-1.164445422428733766e-03
-1.298908527849037793e-03
-1.444370188360556478e-03
-1.602086175287491731e-03
-1.773216026091412652e-03
-1.958791712190436924e-03
-2.159702528411050048e-03
-2.376691481476556327e-03
-2.610359338862660618e-03
-2.861173421437797695e-03
-3.129478949921113765e-03
-3.415511286153286377e-03
-3.719407833238584996e-03
-4.041218763073395337e-03
-4.380916173751961060e-03
-4.738401734757145475e-03
-5.113513297365507304e-03
-5.506031247691141675e-03
-5.915685483231183754e-03
-6.342163761213959541e-03
-6.785121815796544761e-03
-7.244195145003485062e-03
-7.719011839687302777e-03
-8.209205386743285635e-03
-8.714426126386412563e-03
-9.234350031957147542e-03
-9.768683709994781944e-03
-1.031716493827232461e-02
-1.087955858763612650e-02
-1.145564831553205071e-02
-1.204522488942186970e-02
-1.264807233411726316e-02
-1.326395326639181506e-02
-1.389259478066316895e-02
-1.453367610368831893e-02
-1.518681898266745038e-02
-1.585158145553035650e-02
-1.652745531933440259e-02
-1.721386730080919081e-02
-1.791018366979925391e-02
-1.861571783859162360e-02
-1.932974036255028644e-02
-2.005149069688464541e-02
-2.078019005963654617e-02
-2.151505478785424585e-02
-2.225530963698329340e-02
-2.300020054866395991e-02
-2.374900648899996858e-02
-2.450105003114101676e-02
-2.525570642070243052e-02
-2.601241092100379723e-02
-2.677066429097784903e-02
-2.753003630569347826e-02
-2.829016729075038011e-02
-2.905076770913876671e-02
-2.981161591085224050e-02
-3.057255422871675218e-02
-3.133348367314083699e-02
-3.209435753765055299e-02
-3.285517427050831801e-02
-3.361596999045145251e-02
-3.437681102365316987e-02
-3.513778681401753118e-02
-3.589900351157898628e-02
-3.666057847787734109e-02
-3.742263586860190144e-02
-3.818530336869312841e-02
-3.894871007056512763e-02
-3.971298540810441063e-02
-4.047825899316292997e-02
-4.124466115076933642e-02
-4.201232391718243142e-02
-4.278138225065736266e-02
-4.355197520903900110e-02
-4.432424686733257152e-02
-4.509834678103716299e-02
-4.587442984283911229e-02
-4.665265542834939189e-02
-4.743318577764262661e-02
-4.821618361019873455e-02
-4.900180901904406527e-02
-4.979021573307067239e-02
-5.058154687339216221e-02
-5.137593035820641613e-02
-5.217347413081723645e-02
-5.297426139601544431e-02
-5.377834605172744642e-02
-5.458574849469977064e-02
-5.539645196288429940e-02
-5.621039955362527180e-02
-5.702749202648450116e-02
-5.784758646569975599e-02
-5.867049584026433340e-02
-5.949598946226865998e-02
-6.032379430867196302e-02
-6.115359713910602235e-02
-6.198504731517442967e-02
-6.281776020588056286e-02
-6.365132104996516771e-02
-6.448528913944122365e-02
-6.531920218993171601e-02
-6.615258077048390140e-02
-6.698493267874801316e-02
-6.781575716480860161e-02
-6.864454892672475217e-02
-6.947080182229506407e-02
-7.029401226246362322e-02
-7.111368227136069531e-02
-7.192932221486268707e-02
-7.274045321325089963e-02
-7.354660926342998506e-02
-7.434733910212845687e-02
-7.514220784395082842e-02
-7.593079842668119805e-02
-7.671271289284174733e-02
-7.748757353033201845e-02
-7.825502388775903984e-02
-7.901472967228219402e-02
-7.976637953053986041e-02
-8.050968570615182895e-02
-8.124438456235637263e-02
-8.197023695444329017e-02
-8.268702843505805478e-02
-8.339456927583860368e-02
-8.409269429072906143e-02
-8.478126245016032181e-02
-8.546015627996997321e-02
-8.612928104498360216e-02
-8.678856372323076607e-02
-8.743795178298317816e-02
-8.807741178063371867e-02
-8.870692780268012168e-02
-8.932649977916116979e-02
-8.993614169889029009e-02
