0.000000000000000000e+00
6.795012828718659762e-08
6.147073117178593009e-08
-1.966538673726933876e-07
-9.519345680952547594e-07
-2.610226697367556584e-06
-5.712192056628176686e-06
-1.089571628365304675e-05
-1.890023599917180935e-05
-3.058097360941141685e-05
-4.691399732605518581e-05
-6.899740363792462861e-05
-9.805010603576053304e-05
-1.354006721765450404e-04
-1.824599591942256162e-04
-2.406785469055207100e-04
-3.114957878844838495e-04
-3.962891892255339236e-04
-4.963314025572232620e-04
-6.127589477221769172e-04
-7.465537503395532461e-04
-8.985367904155186448e-04
-1.069372613286053526e-03
-1.259583348754372270e-03
-1.469570506845606188e-03
-1.699642050343533719e-03
-1.950041440345245090e-03
-2.220974993754955187e-03
-2.512634189230157720e-03
-2.825210447839343175e-03
-3.158901090870299549e-03
-3.513906361702172354e-03
-3.890418337785147163e-03
-4.288603240055905048e-03
-4.708579038876620736e-03
-5.150390449176236486e-03
-5.613983470485961295e-03
-6.099181528156982952e-03
-6.605665112823469465e-03
-7.132956492003888344e-03
-7.680410705130508164e-03
-8.247213549805482158e-03
-8.832386788406683051e-03
-9.434800243685429605e-03
-1.005319001467822916e-02
-1.068618158776842367e-02
-1.133231635444171062e-02
-1.199007987204424135e-02
-1.265793013786658747e-02
-1.333432431178793558e-02
-1.401774247468849481e-02
-1.470670738021051006e-02
-1.539979952647311731e-02
-1.609566722054524279e-02
-1.679303177570848002e-02
-1.749068822528086764e-02
-1.818750229670279203e-02
-1.888240449653953018e-02
-1.957438231294062261e-02
-2.026247154113403753e-02
-2.094574766464540189e-02
-2.162331810518376002e-02
-2.229431598803831294e-02
-2.295789586379563124e-02
-2.361323166328143167e-02
-2.425951687331176498e-02
-2.489596683120326795e-02
-2.552182282333769273e-02
-2.613635761522697595e-02
-2.673888186077394424e-02
-2.732875094775732983e-02
-2.790537168364610326e-02
-2.846820841676213354e-02
-2.901678814764881154e-02
-2.955070428367661747e-02
-3.006961887581094742e-02
-3.057326316642651129e-02
-3.106143640785180571e-02
-3.153400293825608242e-02
-3.199089867603020082e-02
3.492331226081725504e+02
