0.000000000000000000e+00
-1.625415302999420213e-04
-4.311128223963932153e-04
-7.823179073452980010e-04
-1.212811262524620803e-03
-1.731667366915361911e-03
-2.350831645764083540e-03
-3.078751950114257466e-03
-3.918809777486975503e-03
-4.870791430821058698e-03
-5.933056904749933747e-03
-7.103968007413782697e-03
-8.382222772803281374e-03
-9.766428694834629679e-03
-1.125444938459859053e-02
-1.284293255278610123e-02
-1.452718267887826223e-02
-1.630133777171596104e-02
-1.815871311912051547e-02
-2.009217614576481667e-02
-2.209446895216092208e-02
-2.415845257794252063e-02
-2.627728328148859135e-02
-2.844454171057861011e-02
-3.065432968363532990e-02
-3.290133834354199566e-02
-3.518088400397599569e-02
-3.748890685896176522e-02
-3.982193128822256872e-02
-4.217699180626796607e-02
-4.455153305693548837e-02
-4.694329455299852544e-02
-4.935019089993777225e-02
-5.177019699554782917e-02
-5.420124572882948494e-02
-5.664114366260701583e-02
-5.908750838990178139e-02
-6.153772946498883845e-02
-6.398895333230698867e-02
-6.643809110269192908e-02
-6.888184679720950332e-02
-7.131676246068402447e-02
-7.373927586952255808e-02
-7.614578599954585636e-02
-7.853272151417385605e-02
-8.089660767960779597e-02
-8.323412780083108697e-02
-8.554217605140844449e-02
-8.781789936181493006e-02
-9.005872715529043837e-02
-9.226238843338319118e-02
-9.442691668616175205e-02
-9.655064379092985483e-02
-9.863218445300098169e-02
-1.006704133327789991e-01
-1.026644369440665311e-01
-1.046135626659415313e-01
-1.065172668887599400e-01
-1.083751642018185024e-01
-1.101869792202335302e-01
-1.119525221889656891e-01
-1.136716691441070626e-01
-1.153443470180650215e-01
-1.169705236876032589e-01
-1.185502027329953939e-01
-1.200834222394850381e-01
-1.215702569624518281e-01
-1.230108229572315359e-01
-1.244052838334805400e-01
-1.257538576162019750e-01
-1.270568235348976671e-01
-1.283145278955632740e-01
-1.295273885979629225e-01
-1.306958978384159531e-01
-1.318206227044831369e-01
-1.329022036807659679e-01
-1.339413510280293151e-01
-1.349388391563417222e-01
-1.358954991205619800e-01
-1.368122232151808004e-01
-5.949633568501624268e+02
