9.999999999999953371e-01
9.987630821833588524e-01
9.967223449098440158e-01
9.940653587499864718e-01
9.908196892963113678e-01
9.869126099542997466e-01
9.822472120438773269e-01
9.767543457463894185e-01
9.704056855094725931e-01
9.632018955935292004e-01
9.551549689123512987e-01
9.462764751026087051e-01
9.365746760038190510e-01
9.260579181679384764e-01
9.147400197248216625e-01
9.026443214828477890e-01
8.898050080808211915e-01
8.762659539734017899e-01
8.620781566602744306e-01
8.472968428494195292e-01
8.319789313539023290e-01
8.161810782670571029e-01
7.999582331619444764e-01
7.833625444613533384e-01
7.664425007526110001e-01
7.492422859421464798e-01
7.318013893111856571e-01
7.141545213949218596e-01
6.963318551616473062e-01
6.783595642942507054e-01
6.602605902749376643e-01
6.420555477512899234e-01
6.237636754506653558e-01
6.054037496935810170e-01
5.869948942052967134e-01
5.685572376915108972e-01
5.501123867158104197e-01
5.316836974944211258e-01
5.132963438376627607e-01
4.949771927075516942e-01
4.767545101402069219e-01
4.586575310263223404e-01
4.407159321948148634e-01
4.229592525873217546e-01
4.054163029362825021e-01
3.881146049816599497e-01
3.710798932990630461e-01
3.543357049423465077e-01
3.379030740794110588e-01
3.218003385050200449e-01
3.060430580506667275e-01
2.906440366099138362e-01
2.756134338989644772e-01
2.609589501715574023e-01
2.466860632934736175e-01
2.327982988435038370e-01
2.192109197961837896e-01
2.057538597681766723e-01
1.926780179097602186e-01
1.799825910924624517e-01
1.676660683860628498e-01
1.557263976827766294e-01
1.441611097793394358e-01
1.329674017471378644e-01
1.221421832123719964e-01
1.116820922023882695e-01
1.015834870437652554e-01
9.184242200698918002e-02
8.245461355488191424e-02
7.341540481275388164e-02
6.471973308591628948e-02
5.636210598767286278e-02
4.833658862036992881e-02
4.063680417080744317e-02
3.325594898812335443e-02
2.618682108233836084e-02
1.942186139187624533e-02
1.295320619857969792e-02
6.772749136378476004e-03
8.721246981535535781e-04
-1.687197618072370850e+12
