0.000000000000000000e+00
3.570012936950774929e-01
1.103129661914492132e+00
1.906160427789020950e+00
2.755004373831593689e+00
3.643535704418652266e+00
4.567661058420473097e+00
5.524360710196434709e+00
6.511264240719025764e+00
7.526429118177786037e+00
8.568212343769779693e+00
9.635190415981663037e+00
1.072610671342124178e+01
1.183983552725927879e+01
1.297535676618364420e+01
1.413173781656798411e+01
1.530812038746221049e+01
1.650371094715929843e+01
1.771777382612626184e+01
1.894962635327340905e+01
2.019863558034751350e+01
2.146421627293436885e+01
2.274582992957996197e+01
2.404298464702935689e+01
2.535523568835262154e+01
2.668218663737889074e+01
2.802349104110538747e+01
2.937885445407718521e+01
3.074803680687389829e+01
3.213085502602099552e+01
3.352718583575395428e+01
3.493696867379520654e+01
3.636020865408948310e+01
3.779697950970335540e+01
3.924742644903898992e+01
4.071176885830502101e+01
4.219030278300444081e+01
4.368340312101814504e+01
4.519152545989257419e+01
4.671520749124414351e+01
4.825506993602944306e+01
4.981181691609099005e+01
5.138623571029142312e+01
5.297919583805447985e+01
5.459164741960343292e+01
5.622461877066047009e+01
5.787921319960506139e+01
5.955660498277580928e+01
6.125803452817736172e+01
6.298480267657819098e+01
6.473826420634156875e+01
6.651982049475050474e+01
6.833091134238723896e+01
7.017300592577177554e+01
7.204759281868103926e+01
7.395616899082928342e+01
7.590022766285775901e+01
7.788124487691121089e+01
7.990066464180591765e+01
8.195988253969005655e+01
8.406022774434258338e+01
8.620294350368178016e+01
8.838916628034617418e+01
9.061990391900168618e+01
9.289601340697058163e+01
9.521817899996625556e+01
9.758689167674197051e+01
1.000024310414076183e+02
1.024648508849055304e+02
1.049739696241554157e+02
1.075293667393084434e+02
1.101303861135487807e+02
1.127761468418636639e+02
1.154655616222387664e+02
1.181973622982229699e+02
1.209701315290403443e+02
1.237823389884071332e+02
1.266323800185996618e+02
1.295186143783141119e+02
1.324394026896299010e+02
1.353931384417887500e+02
1.383782739270304205e+02
1.413933391951813690e+02
1.444369539088172019e+02
1.475078327328072305e+02
1.506047854836356237e+02
1.537267136112232890e+02
1.568726046544666701e+02
1.600415261184539872e+02
1.632326198267229529e+02
1.664450972923888230e+02
1.696782361231668688e+02
1.729313770162470689e+02
1.762039205815618743e+02
1.794953231027588458e+02
1.828050904218555388e+02
1.861327694030425732e+02
1.894779368515275451e+02
1.928401862659313224e+02
1.962191132961226003e+02
1.996143011585312479e+02
2.030253074284399872e+02
2.064516535163284630e+02
2.098928177345520112e+02
2.133482322387292811e+02
2.168172834201392334e+02
2.202993147021494451e+02
2.237936303110276413e+02
2.272994985427815777e+02
2.308161533330080601e+02
2.343427934668073647e+02
2.378785793921829281e+02
2.414226281648911367e+02
2.449740074334612245e+02
2.485317295131672211e+02
2.520947465097210056e+02
2.556619472007518539e+02
2.592321560533041520e+02
2.628041344295774024e+02
2.663765837698603036e+02
2.699481503689308965e+02
2.735174312824050276e+02
2.770829808966283849e+02
2.806433177461786954e+02
2.841969312423242968e+02
2.877422880640859830e+02
2.912778380471756350e+02
2.948020194775712071e+02
2.983132637532417561e+02
3.018099994199114349e+02
3.052906556166594214e+02
3.087536649867787446e+02
3.121974661206926385e+02
3.156205056024081159e+02
3.190212397303159264e+02
3.223981359784353344e+02
3.257496742563623116e+02
3.290743480165746178e+02
3.323706652472418455e+02
3.356371493783964866e+02
3.388723401197277667e+02
3.420747942401844739e+02
3.452430862930240210e+02
3.483758092850956132e+02
3.514715752860749944e+02
3.545290159715532354e+02
3.575467830935078268e+02
3.605235488720309718e+02
3.634580063034422324e+02
3.663488693814108501e+02
3.691948732295563218e+02
3.719947741458597648e+02
3.747473495609791030e+02
3.774513979142120093e+02
3.801057384522975440e+02
3.827092109574388701e+02
3.852606754119543098e+02
3.877590116077329867e+02
3.902031187093825224e+02
3.925919147803070359e+02
3.949243362814116267e+02
3.971993375522512224e+02
3.994158902845758803e+02
4.015729829981945613e+02
4.036696205289812269e+02
4.057048235385518069e+02
4.076776280549453872e+02
4.095870850530527036e+02
4.114322600831933983e+02
4.132122329554957219e+02
4.149260974871166923e+02
4.165729613185246194e+02
4.181519458042599808e+02
4.196621859825830256e+02
4.211028306275774753e+02
4.224730423861361146e+02
4.237719980013304735e+02
4.249988886225712008e+02
4.261529202020231537e+02
4.272333139756900096e+02
4.282393070267121402e+02
4.291701529276164138e+02
4.300251224574000730e+02
4.308035043887779239e+02
4.315046063402763821e+02
4.321277556874704260e+02
4.326723005272632463e+02
4.331376106889297262e+02
4.335230787853960237e+02
4.338281212983387718e+02
4.340521796905840688e+02
4.341947215394889099e+02
4.342552416851817725e+02
4.342332633877380772e+02
4.341283394877318642e+02
4.339400535649011772e+02
4.336680210900211705e+02
4.333118905654996524e+02
4.328713446505283287e+02
4.323461012670085211e+02
4.313695436214346159e+02
4.313570680458574316e+02
4.313591615099889509e+02
4.313728836325269640e+02
4.314020110439037126e+02
4.314506082273784955e+02
4.315215430353504189e+02
4.316164258747686517e+02
4.317360193191126427e+02
4.318807177481714916e+02
4.320508967987038886e+02
4.322470342378093164e+02
4.324695805628444987e+02
4.327186262715541147e+02
4.329934661501596906e+02
4.332921869313593675e+02
4.336113973369844530e+02
4.339461826976751695e+02
4.342903118420045985e+02
4.346366670544188651e+02
4.349778226104033365e+02
4.353066728727699228e+02
4.356170099077853024e+02
4.359039697459814420e+02
4.361642983346522442e+02
4.363964239816950226e+02
4.366003547412914259e+02
4.367774414683584041e+02
4.369300581331519311e+02
4.370612512457357184e+02
4.371744025688414581e+02
4.372729371149168287e+02
4.373600949741523323e+02
4.374387732578615555e+02
4.375114348638628599e+02
4.375800744302308090e+02
4.376462286055219124e+02
4.377110170580187969e+02
4.377752017243591922e+02
4.378392539151118967e+02
4.379034214286785414e+02
4.379677903228577520e+02
4.380323381781217904e+02
4.380969774274705060e+02
4.381615886022680115e+02
4.382260441953865211e+02
4.382902243483666211e+02
4.383540258113387722e+02
4.384173656791722919e+02
4.384801813368301282e+02
4.385424278991155802e+02
4.386040742393045662e+02
4.386650984927631498e+02
4.387254837127837277e+02
4.387852141583089178e+02
4.388442725148557315e+02
4.389026381949860820e+02
4.389602867351276814e+02
4.390171902019109211e+02
4.390733184424376532e+02
4.391286409583451587e+02
4.391831291516741089e+02
4.392367586803134714e+02
4.392895116708518231e+02
4.393413785648945122e+02
4.393923594190811741e+02
4.394424645350677565e+02
4.394917143594686877e+02
4.395401386595299869e+02
4.395877750428563218e+02
4.396346669432854242e+02
4.396808612360810571e+02
4.397264056706450219e+02
4.397713463172276533e+02
4.398157252156188974e+02
4.398595783909735815e+02
4.399029343673061589e+02
4.399458132667484733e+02
4.399882265359743201e+02
4.400301772939405964e+02
4.400716612504785417e+02
4.401126681061180079e+02
4.401531833121121622e+02
4.401931900476560600e+02
4.402326712602871908e+02
4.402716116156842645e+02
4.403099992148480055e+02
4.403478269587405975e+02
4.403850934713449305e+02
4.404218035291578417e+02
4.404579679851777883e+02
4.404936032152527332e+02
4.405287301506987774e+02
4.405633729904861866e+02
4.405975577070367990e+02
4.406313104701374641e+02
4.406646561137723666e+02
4.406976167612003223e+02
4.407302107058232536e+02
4.407624516212817980e+02
4.407943481460204680e+02
4.408259038574420856e+02
4.408571176212063847e+02
4.408879842739241326e+02
4.409184955745333809e+02
4.409486413420548843e+02
4.409784106866302977e+02
4.410077932369750897e+02
4.410367802710613887e+02
4.410653656674226113e+02
4.410935466110032621e+02
4.411213240088407588e+02
4.411487025948480891e+02
4.411756907280175710e+02
4.412022999120754889e+02
4.412285440853078740e+02
4.412544387451933972e+02
4.412799999826733597e+02
4.413052435047599715e+02
4.413301837215940395e+02
4.413548329659436149e+02
4.413792008998866550e+02
4.414032941468827858e+02
4.414271161685770153e+02
4.414506673862920820e+02
4.414739455285663325e+02
4.414969461695894211e+02
4.415196634101851600e+02
4.415420906438239399e+02
4.415642213456943637e+02
4.415860498231920701e+02
4.416075718713162246e+02
4.416287852857749385e+02
4.416496901992391031e+02
4.416702892213152722e+02
4.416905873786881216e+02
4.417105918678598755e+02
4.417303116469256565e+02
4.417497569045859223e+02
4.417689384526189542e+02
4.417878670921919593e+02
4.418065530044282241e+02
4.418250052116935080e+02
4.418432311487097195e+02
4.418612363725379737e+02
4.418790244285658559e+02
4.418965968769209667e+02
4.419139534711923716e+02
4.419310924698925191e+02
4.419480110515368096e+02
4.419647057973009510e+02
4.419811732012142329e+02
4.419974101671585913e+02
4.420134144543994239e+02
4.420291850386627175e+02
4.420447223636695639e+02
4.420600284673535043e+02
4.420751069775270707e+02
4.420899629821402641e+02
4.421046027889301513e+02
4.421190335974686718e+02
4.421332631124949444e+02
4.421472991310896532e+02
4.421611491368225870e+02
4.421748199323853896e+02
4.421883173377876801e+02
4.422016459751976072e+02
4.422148091538189192e+02
4.422278088599898069e+02
4.422406458492558841e+02
4.422533198293842247e+02
4.422658297166275361e+02
4.422781739424815441e+02
4.422903507850614915e+02
4.423023586982627080e+02
4.423141966129654179e+02
4.423258641876883530e+02
4.423373619908571754e+02
4.423486916028489873e+02
4.423598556327513620e+02
4.423708576516220319e+02
4.423817020505743471e+02
4.423923938376085516e+02
4.424029383913901370e+02
4.424133411929182671e+02
4.424236075569085642e+02
4.424337423839604071e+02
4.424437499521259269e+02
4.424536337627064313e+02
4.424633964503183279e+02
4.424730397618484972e+02
4.424825646033946782e+02
4.424919711489967540e+02
4.425012590003721016e+02
4.425104273832650392e+02
4.425194753637349550e+02
4.425284020666620677e+02
4.425372068793038238e+02
4.425458896244670086e+02
4.425544506908414064e+02
4.425628911118234328e+02
4.425712125885537489e+02
4.425794174574319300e+02
4.425875086067052848e+02
4.425954893506367398e+02
4.426033632726729365e+02
4.426111340511892536e+02
4.426188052821037786e+02
4.426263803124913920e+02
4.426338620978556833e+02
4.426412530934375695e+02
4.426485551868352672e+02
4.426557696757819258e+02
4.426628972911483970e+02
4.426699382617842957e+02
4.426768924145892470e+02
4.426837593007422242e+02
4.426905383372246661e+02
4.426972289520515460e+02
4.427038307216579369e+02
4.427103434900013781e+02
4.427167674606826040e+02
4.427231032558861443e+02
4.427293519387131369e+02
4.427355149985499452e+02
4.427415943019775568e+02
4.427475920144048018e+02
4.427535104996871951e+02
4.427593522064568106e+02
4.427651195506735462e+02
4.427708148037522164e+02
4.427764399949492145e+02
4.427819968351556099e+02
4.427874866673686824e+02
4.427929104467738739e+02
4.427982687509843345e+02
4.428035618185217572e+02
4.428087896115836770e+02
4.428139518972384394e+02
4.428190483400866242e+02
4.428240785986630499e+02
4.428290424179147067e+02
4.428339397106273054e+02
4.428387706217943673e+02
4.428435355715495234e+02
4.428482352739977159e+02
4.428528707314304711e+02
4.428574432052392922e+02
4.428619541667029011e+02
4.428664052322861835e+02
4.428707980890868612e+02
4.428751344167492334e+02
4.428794158120637121e+02
4.428836437221684719e+02
4.428878193912926804e+02
4.428919438247663720e+02
4.428960177725137441e+02
4.429000417326402612e+02
4.429040159741421121e+02
4.429079405762033730e+02
4.429118154805023551e+02
4.429156405518290853e+02
4.429194156420588797e+02
4.429231406522395105e+02
4.429268155880370159e+02
4.429304406043654581e+02
4.429340160361236372e+02
4.429375424130729471e+02
4.429410204583090831e+02
4.429444510709931819e+02
4.429478352953268541e+02
4.429511742786743298e+02
4.429544692225763356e+02
4.429577213307376269e+02
4.429609317582292078e+02
4.429641015658746710e+02
4.429672316832143224e+02
4.429703228826793975e+02
4.429733757666046472e+02
4.429763907676474446e+02
4.429793681620900543e+02
4.429823080945396896e+02
4.429852106116370578e+02
4.429880757018320878e+02
4.429909033378315826e+02
4.429936935183305309e+02
4.429964463056917907e+02
4.429991618568269018e+02
4.430018404450216849e+02
4.430044824713451703e+02
4.430070884651114511e+02
4.430096590737560405e+02
4.430121950432860558e+02
4.430146971912307663e+02
4.430171663744571333e+02
4.430196034546079318e+02
4.430220092639564768e+02
4.430243845743884208e+02
4.430267300718106753e+02
4.430290463378553341e+02
4.430313338400264911e+02
4.430335929308076857e+02
4.430358238554289869e+02
4.430380267674312904e+02
4.430402017504720789e+02
4.430423488444747022e+02
4.430444680738599459e+02
4.430465594756007590e+02
4.430486231248796116e+02
4.430506591563917027e+02
4.430526677798102355e+02
4.430546492883776182e+02
4.430566040602014937e+02
4.430585325524204450e+02
4.430604352889643565e+02
4.430623128430917745e+02
4.430641658163070815e+02
4.430659948154225845e+02
4.430678004296684662e+02
4.430695832096553772e+02
4.430713436497949829e+02
4.430730821754286808e+02
4.430747991355453905e+02
4.430764948014372067e+02
4.430781693712156084e+02
4.430798229796109240e+02
4.430814557121080384e+02
4.430830676221298745e+02
4.430846587498479039e+02
4.430862291410275589e+02
4.430877788644728525e+02
4.430893080267095456e+02
4.430908167828766295e+02
4.430923053430879577e+02
4.430937739739414951e+02
4.430952229952270613e+02
4.430966527722653154e+02
4.430980637046648098e+02
4.430994562124911909e+02
4.431008307210543649e+02
4.431021876455722008e+02
4.431035273769141440e+02
4.431048502695498428e+02
4.431061566325216745e+02
4.431074467241262482e+02
4.431087207505396464e+02
4.431099788683614520e+02
4.431112211907870915e+02
4.431124477967346138e+02
4.431136587421403874e+02
4.431148540724512941e+02
4.431160338352832468e+02
4.431171980922377429e+02
4.431183469289862273e+02
4.431194804628960924e+02
4.431205988476663720e+02
4.431217022747343321e+02
4.431227909714546627e+02
4.431238651963220150e+02
4.431249252317017522e+02
4.431259713747670617e+02
4.431270039273903194e+02
4.431280231858708021e+02
4.431290294312670994e+02
4.431300229211322517e+02
4.431310038832174882e+02
4.431319725115993720e+02
4.431329289654310060e+02
4.431338733703477146e+02
4.431348058223097723e+02
4.431357263934842194e+02
4.431366351396630989e+02
4.431375321085413361e+02
4.431384173481902167e+02
4.431392909150596324e+02
4.431401528808798957e+02
4.431410033379579545e+02
4.431418424025304148e+02
4.431426702159516253e+02
4.431434869437243833e+02
4.431442927725119034e+02
4.431450879054600023e+02
4.431458725562388281e+02
4.431466469423419312e+02
4.431474112781938857e+02
4.431481657686121025e+02
4.431489106031447136e+02
4.431496459516819186e+02
4.431503719616698618e+02
4.431510887570600516e+02
4.431517964390432667e+02
4.431524950884374903e+02
4.431531847694761836e+02
4.431538655346649875e+02
4.431545374302666005e+02
4.431552005019785838e+02
4.431558548003327473e+02
4.431565003854146312e+02
4.431571373305377506e+02
4.431577657246524495e+02
4.431583856732945605e+02
4.431589972981095116e+02
4.431596007350033233e+02
4.431601961311171181e+02
4.431607836409449988e+02
4.431613634218754783e+02
4.431619356295900616e+02
4.431625004136412826e+02
4.431630579135859307e+02
4.431636082559464853e+02
4.431641515522148325e+02
4.431646878980141651e+02
4.431652173734642588e+02
4.431657400446492261e+02
4.431662559660674106e+02
4.431667651838005781e+02
4.431672677391591151e+02
4.431677636724778040e+02
4.431682530267631819e+02
4.431687358509132650e+02
4.431692122022771514e+02
4.431696821483527060e+02
4.431701457675536631e+02
4.431706031489907218e+02
4.431710543913381457e+02
4.431714996008987555e+02
4.431719388890600158e+02
4.431723723693520469e+02
4.431728001543698383e+02
4.431732223527906172e+02
4.431736390667507521e+02
4.431740503897322583e+02
4.431744564051535349e+02
4.431748571857285128e+02
4.431752527936123442e+02
4.431756432813153310e+02
4.431760286932730537e+02
4.431764090679262722e+02
4.431767844401306888e+02
4.431771548436954618e+02
4.431775203138555526e+02
4.431778808894542863e+02
4.431782366147262451e+02
4.431785875404910939e+02
4.431789337247557796e+02
4.431792752326279583e+02
4.431796121356420031e+02
4.431799445105085056e+02
4.431802724374604168e+02
4.431805959983137768e+02
4.431809152744061748e+02
4.431812303445985322e+02
4.431815412834775998e+02
4.431818481599170241e+02
4.431821510360628054e+02
4.431824499668640556e+02
4.431827450001043189e+02
4.431830361769619913e+02
4.431833235330170737e+02
4.431836070996122885e+02
4.431838869054444672e+02
4.431841629782639984e+02
4.431844353465376116e+02
4.431847040409365377e+02
4.431849690955674532e+02
4.431852305488137063e+02
4.431854884437838678e+02
4.431857428283152558e+02
4.431859937545518733e+02
4.431862412781612761e+02
4.431864854572471586e+02
4.431867263510688986e+02
4.431869640186780543e+02
4.431871985175593522e+02
4.431874299024192396e+02
4.431876582241906135e+02
4.431878835293231873e+02
4.431881058594254910e+02
4.431883252512498075e+02
4.431885417370376672e+02
4.431887553451495023e+02
4.431889661009620340e+02
4.431891740279166925e+02
4.431893791486537566e+02
4.431895814861287590e+02
4.431897810646288463e+02
4.431899779106095139e+02
4.431901720533014668e+02
4.431903635250283742e+02
4.431905523612451248e+02
4.431907386002943667e+02
4.431909222828910515e+02
4.431911034514354242e+02
4.431912821491528689e+02
4.431914584191864037e+02
4.431916323036957692e+02
4.431918038430204092e+02
4.431919730750011013e+02
4.431921400344848507e+02
4.431923047530582380e+02
4.431924672590113232e+02
4.431926275775366548e+02
4.431927857311478647e+02
4.431929417402429863e+02
4.431930956238146564e+02
4.431932474001881701e+02
4.431933970877873321e+02
4.431935447058149293e+02
4.431936902748308285e+02
4.431938338171730720e+02
4.431939753571956544e+02
4.431941149213158724e+02
4.431942525378686923e+02
4.431943882367821743e+02
4.431945220491271016e+02
4.431946540065593467e+02
4.431947841407073838e+02
4.431949124825675881e+02
4.431950390619458631e+02
4.431951639069851012e+02
4.431952870438179843e+02
4.431954084963785476e+02
4.431955282863546586e+02
4.431956464333099461e+02
4.431957629549435751e+02
4.431958778674687665e+02
4.431959911860577108e+02
4.431961029253649258e+02
4.431962131000108229e+02
4.431963217250641378e+02
4.431964288164260211e+02
4.431965343911344917e+02
4.431966384675284871e+02
4.431967410653000456e+02
4.431968422054056873e+02
4.431969419098681442e+02
4.431970402014812862e+02
4.431971371034418326e+02
4.431972326389433761e+02
4.431973268307745002e+02
4.431974197009392356e+02
4.431975112703296418e+02
4.431976015584917832e+02
4.431976905834824265e+02
4.431977783618275453e+02
4.431978649085988309e+02
4.431979502375706943e+02
4.431980343614649769e+02
4.431981172922567680e+02
4.431981990415060864e+02
4.431982796206933699e+02
4.431983590415395611e+02
4.431984373162811721e+02
4.431985144578613358e+02
4.431985904800740173e+02
4.431986653975865806e+02
4.431987392259059106e+02
4.431988119812433524e+02
4.431988836803326421e+02
4.431989543401798528e+02
4.431990239778043588e+02
4.431990926099597345e+02
4.431991602528802332e+02
4.431992269220621665e+02
4.431992926320987181e+02
4.431993573965729638e+02
4.431994212280291663e+02
4.431994841380090975e+02
4.431995461371600413e+02
4.431996072353861678e+02
4.431996674420521458e+02
4.431997267662032982e+02
4.431997852167934298e+02
4.431998428028957733e+02
4.431998995338935856e+02
4.431999554196179361e+02
4.432000104704408159e+02
4.432000646973070843e+02
4.432001181117083206e+02
4.432001707256080181e+02
4.432002225513169833e+02
4.432002736013310482e+02
4.432003238881608240e+02
4.432003734241475286e+02
4.432004222212843842e+02
4.432004702910784317e+02
4.432005176444213248e+02
4.432005642915279395e+02
4.432006102419046556e+02
4.432006555043689104e+02
4.432007000871188893e+02
4.432007439978295906e+02
4.432007872437905007e+02
4.432008298320463382e+02
4.432008717695482005e+02
4.432009130633094287e+02
4.432009537205187257e+02
4.432009937486444642e+02
4.432010331555040352e+02
4.432010719492784574e+02
4.432011101385130587e+02
4.432011477320596669e+02
4.432011847390011781e+02
4.432012211685467378e+02
4.432012570299198160e+02
4.432012923322251936e+02
4.432013270843476676e+02
4.432013612948338732e+02
4.432013949718266304e+02
4.432014281230024721e+02
4.432014607555608450e+02
4.432014928762244494e+02
4.432015244912824414e+02
4.432015556066668296e+02
4.432015862280210854e+02
4.432016163608087140e+02
4.432016460104141515e+02
4.432016751822370679e+02
4.432017038817786556e+02
4.432017321147156395e+02
4.432017598869374524e+02
4.432017872045723834e+02
4.432018140739832006e+02
4.432018405017355462e+02
4.432018664945408659e+02
4.432018920592003042e+02
4.432019172025211446e+02
4.432019419312366608e+02
4.432019662519212488e+02
4.432019901709383021e+02
4.432020136943629609e+02
4.432020368279628997e+02
4.432020595771747367e+02
4.432020819471097752e+02
4.432021039425782760e+02
4.432021255681344769e+02
4.432021468281284342e+02
4.432021677267781001e+02
4.432021882682292357e+02
4.432022084566211788e+02
4.432022282961581823e+02
4.432022477911385181e+02
4.432022669460015436e+02
4.432022857653314531e+02
4.432023042538704090e+02
4.432023224164834687e+02
4.432023402581392020e+02
4.432023577838592701e+02
4.432023749986707344e+02
4.432023919075463709e+02
4.432024085153599913e+02
4.432024248268342035e+02
4.432024408464997123e+02
4.432024565786811650e+02
4.432024720274696961e+02
4.432024871967364561e+02
4.432025020901419339e+02
4.432025167111669361e+02
4.432025310631448747e+02
4.432025451493099126e+02
4.432025589728389718e+02
4.432025725368938538e+02
4.432025858446683060e+02
4.432025988994145109e+02
4.432026117044663920e+02
4.432026242632542790e+02
4.432026365793053060e+02
4.432026486562270406e+02
4.432026604976945237e+02
4.432026721074128091e+02
4.432026834890959890e+02
4.432026946464145567e+02
4.432027055829749997e+02
4.432027163022801233e+02
4.432027268077072790e+02
4.432027371024818194e+02
4.432027471896801671e+02
4.432027570722206633e+02
4.432027667528799952e+02
4.432027762343009272e+02
4.432027855190262926e+02
4.432027946095257676e+02
4.432028035082173574e+02
4.432028122175076419e+02
4.432028207398178097e+02
4.432028290775954815e+02
4.432028372333446669e+02
4.432028452096267870e+02
4.432028530090628919e+02
4.432028606343264983e+02
4.432028680881367109e+02
4.432028753732259361e+02
4.432028824923337424e+02
4.432028894481727548e+02
4.432028962434073946e+02
4.432029028806336441e+02
4.432029093623592644e+02
4.432029156909939616e+02
4.432029218688388710e+02
4.432029278980897971e+02
4.432029337808405671e+02
4.432029395190933201e+02
4.432029451147799364e+02
4.432029505697719287e+02
4.432029558859076133e+02
4.432029610650089921e+02
4.432029661089038655e+02
4.432029710194329937e+02
4.432029757984734601e+02
4.432029804479316226e+02
4.432029849697546524e+02
4.432029893659263280e+02
4.432029936384495841e+02
4.432029977893448063e+02
4.432030018206294244e+02
4.432030057343056342e+02
4.432030095323399337e+02
4.432030132166534599e+02
4.432030167891084602e+02
4.432030202514943085e+02
4.432030236055326213e+02
4.432030268528685042e+02
4.432030299950731660e+02
4.432030330336601764e+02
4.432030359700859208e+02
4.432030388057678465e+02
4.432030415420906593e+02
4.432030441804361658e+02
4.432030467221695744e+02
4.432030491686793425e+02
4.432030515213610329e+02
4.432030537816372657e+02
4.432030559509501018e+02
4.432030580307643390e+02
4.432030600225608623e+02
4.432030619278231143e+02
4.432030637480424389e+02
4.432030654846886932e+02
4.432030671392135446e+02
4.432030687130336446e+02
4.432030702075265935e+02
4.432030716240233232e+02
4.432030729638006505e+02
4.432030742280875302e+02
4.432030754180618715e+02
4.432030765348556542e+02
4.432030775795660702e+02
4.432030785532563186e+02
4.432030794569700447e+02
4.432030802917413439e+02
4.432030810585948188e+02
4.432030817585634850e+02
4.432030823926909875e+02
4.432030829620251779e+02
4.432030834676352811e+02
4.432030839106045050e+02
4.432030842920157738e+02
4.432030846129648580e+02
4.432030848745409912e+02
4.432030850778292006e+02
4.432030852238917760e+02
4.432030853137730446e+02
4.432030853484884574e+02
4.432030853290199843e+02
4.432030852563145231e+02
4.432030851312848085e+02
4.432030849548028755e+02
4.432030847277208068e+02
4.432030844508515202e+02
4.432030841249924151e+02
4.432030837509213370e+02
4.432030833294090826e+02
4.432030828612196274e+02
4.432030823471212670e+02
4.432030817878812741e+02
4.432030811842785170e+02
4.432030805370977191e+02
4.432030798471317894e+02
4.432030791151784683e+02
4.432030783420371449e+02
4.432030775285048207e+02
4.432030766753740636e+02
4.432030757834231736e+02
4.432030748534185705e+02
4.432030738860995029e+02
4.432030728821943057e+02
4.432030718423958433e+02
4.432030707673793017e+02
4.432030696577905928e+02
4.432030685142576658e+02
4.432030673373837999e+02
4.432030661277620425e+02
4.432030648859696953e+02
4.432030636125745104e+02
4.432030623081444105e+02
4.432030609732416906e+02
4.432030596084347280e+02
4.432030582142944581e+02
4.432030567913919867e+02
4.432030553403092199e+02
4.432030538616270405e+02
4.432030523559263315e+02
4.432030508237878053e+02
4.432030492657879108e+02
4.432030476824917287e+02
4.432030460744578022e+02
4.432030444422279061e+02
4.432030427863290925e+02
4.432030411072711331e+02
4.432030394055469742e+02
4.432030376816305761e+02
4.432030359359848148e+02
4.432030341690528985e+02
4.432030323812688266e+02
4.432030305730569353e+02
4.432030287448382069e+02
4.432030268970233919e+02
4.432030250300272201e+02
4.432030231442643071e+02
4.432030212401472227e+02
4.432030193180963806e+02
4.432030173785277611e+02
4.432030154218650750e+02
4.432030134485275994e+02
4.432030114589346113e+02
4.432030094535015223e+02
4.432030074326381737e+02
4.432030053967473009e+02
4.432030033462206688e+02
4.432030012814395832e+02
4.432029992027739240e+02
4.432029971105799291e+02
4.432029950052071854e+02
4.432029928869858395e+02
4.432029907562408084e+02
4.432029886132889942e+02
4.432029864584388861e+02
4.432029842919938574e+02
4.432029821142542687e+02
4.432029799255191165e+02
4.432029777260885908e+02
4.432029755162607785e+02
4.432029732963344486e+02
4.432029710666126903e+02
4.432029688273964325e+02
4.432029665789858655e+02
4.432029643216834529e+02
4.432029620557835869e+02
4.432029597815811712e+02
4.432029574993626397e+02
4.432029552094081737e+02
4.432029529119939752e+02
4.432029506073804441e+02
4.432029482958278095e+02
4.432029459775832834e+02
4.432029436528841870e+02
4.432029413219664775e+02
4.432029389850560506e+02
4.432029366423730607e+02
4.432029342941358436e+02
4.432029319405598358e+02
4.432029295818589958e+02
4.432029272182431896e+02
4.432029248499283085e+02
4.432029224771264353e+02
4.432029201000514149e+02
4.432029177189141933e+02
4.432029153339299228e+02
4.432029129453102314e+02
4.432029105532643030e+02
4.432029081579989906e+02
4.432029057597142128e+02
4.432029033586125024e+02
4.432029009548853082e+02
4.432028985487173145e+02
4.432028961402920686e+02
4.432028937297822040e+02
4.432028913173600131e+02
4.432028889031882954e+02
4.432028864874256442e+02
4.432028840702297430e+02
4.432028816517536143e+02
4.432028792321464152e+02
4.432028768115580988e+02
4.432028743901403232e+02
4.432028719680370159e+02
4.432028695453997784e+02
4.432028671223764604e+02
4.432028646991142296e+02
4.432028622757619019e+02
4.432028598524653944e+02
4.432028574293707948e+02
4.432028550066188473e+02
4.432028525843533089e+02
4.432028501627058859e+02
4.432028477418157877e+02
4.432028453218082973e+02
4.432028429028097776e+02
4.432028404849392018e+02
4.432028380683174760e+02
4.432028356530521478e+02
4.432028332392572452e+02
4.432028308270386106e+02
4.432028284164999263e+02
4.432028260077465802e+02
4.432028236008783324e+02
4.432028211959999453e+02
4.432028187932060064e+02
4.432028163926047455e+02
4.432028139942907501e+02
4.432028115983681573e+02
4.432028092049349652e+02
4.432028068140888308e+02
4.432028044259313333e+02
4.432028020405531379e+02
4.432027996580543459e+02
4.432027972785230077e+02
4.432027949020493907e+02
4.432027925287221706e+02
4.432027901586221788e+02
4.432027877918296213e+02
4.432027854284256705e+02
4.432027830684829155e+02
4.432027807120740590e+02
4.432027783592712922e+02
4.432027760101432818e+02
4.432027736647576148e+02
4.432027713231816506e+02
4.432027689854812706e+02
4.432027666517224134e+02
4.432027643219717561e+02
4.432027619962931340e+02
4.432027596747536791e+02
4.432027573574147823e+02
4.432027550443438031e+02
4.432027527356035534e+02
4.432027504312535484e+02
4.432027481313556336e+02
4.432027458359725642e+02
4.432027435451554993e+02
4.432027412589649202e+02
4.432027389774506787e+02
4.432027367006639906e+02
4.432027344286585731e+02
4.432027321614743869e+02
4.432027298991639555e+02
4.432027276417671828e+02
4.432027253893292595e+02
4.432027231418899191e+02
4.432027208994921352e+02
4.432027186621774035e+02
4.432027164299841502e+02
4.432027142029530751e+02
4.432027119811249918e+02
4.432027097645381559e+02
4.432027075532329263e+02
4.432027053472462512e+02
4.432027031466184894e+02
4.432027009513855091e+02
4.432026987615851112e+02
4.432026965772507765e+02
4.432026943984182026e+02
4.432026922251174597e+02
4.432026900573828243e+02
4.432026878952409561e+02
4.432026857387250516e+02
4.432026835878547786e+02
4.432026814426625947e+02
4.432026793031686793e+02
4.432026771694007152e+02
4.432026750413785976e+02
4.432026729191269965e+02
4.432026708026677397e+02
4.432026686920218594e+02
4.432026665872109561e+02
4.432026644882579944e+02
4.432026623951820739e+02
4.432026603080062159e+02
4.432026582267507138e+02
4.432026561514319383e+02
4.432026540820761511e+02
4.432026520186961989e+02
4.432026499613137958e+02
4.432026479099434937e+02
4.432026458646043352e+02
4.432026438253097353e+02
4.432026417920756103e+02
4.432026397649122487e+02
4.432026377438343729e+02
4.432026357288536929e+02
4.432026337199799286e+02
4.432026317172241079e+02
4.432026297205952687e+02
4.432026277301023924e+02
4.432026257457547445e+02
4.432026237675619313e+02
4.432026217955306038e+02
4.432026198296701978e+02
4.432026178699892398e+02
4.432026159164935279e+02
4.432026139691929529e+02
4.432026120280947907e+02
4.432026100932043278e+02
4.432026081645302611e+02
4.432026062420760582e+02
4.432026043258483128e+02
4.432026024158524251e+02
4.432026005120911805e+02
4.432025986145691832e+02
4.432025967232881385e+02
4.432025948382487854e+02
4.432025929594560694e+02
4.432025910869080008e+02
4.432025892206050912e+02
4.432025873605493871e+02
4.432025855067395810e+02
4.432025836591736834e+02
4.432025818178544228e+02
4.432025799827773653e+02
4.432025781539451827e+02
4.432025763313540097e+02
4.432025745150038460e+02
4.432025727048932708e+02
4.432025709010202377e+02
4.432025691033845760e+02
4.432025673119816247e+02
4.432025655268113269e+02
4.432025637478687941e+02
4.432025619751512409e+02
4.432025602086562799e+02
4.432025584483774878e+02
4.432025566943111698e+02
4.432025549464527785e+02
4.432025532047953220e+02
4.432025514693344803e+02
4.432025497400618406e+02
4.432025480169729690e+02
4.432025463000612717e+02
4.432025445893161759e+02
4.432025428847367721e+02
4.432025411863107252e+02
4.432025394940342835e+02
4.432025378078966469e+02
4.432025361278941773e+02
4.432025344540172682e+02
4.432025327862592690e+02
4.432025311246104593e+02
4.432025294690649844e+02
4.432025278196147156e+02
4.432025261762505011e+02
4.432025245389608585e+02
4.432025229077420931e+02
4.432025212825799372e+02
4.432025196634677968e+02
4.432025180503937918e+02
4.432025164433492819e+02
4.432025148423205110e+02
4.432025132473020221e+02
4.432025116582793771e+02
4.432025100752400704e+02
4.432025084981775080e+02
4.432025069270767403e+02
4.432025053619275923e+02
4.432025038027194341e+02
4.432025022494402720e+02
4.432025007020793623e+02
4.432024991606235176e+02
4.432024976250636428e+02
4.432024960953848449e+02
4.432024945715779722e+02
4.432024930536317697e+02
4.432024915415296960e+02
4.432024900352640771e+02
4.432024885348201906e+02
4.432024870401847920e+02
4.432024855513469106e+02
4.432024840682919375e+02
4.432024825910065147e+02
4.432024811194791027e+02
4.432024796536935014e+02
4.432024781936367503e+02
4.432024767392981062e+02
4.432024752906585832e+02
4.432024738477097117e+02
4.432024724104321649e+02
4.432024709788178711e+02
4.432024695528475036e+02
4.432024681325103757e+02
4.432024667177913670e+02
4.432024653086760395e+02
4.432024639051522854e+02
4.432024625072041317e+02
4.432024611148170834e+02
4.432024597279776117e+02
4.432024583466718468e+02
4.432024569708831336e+02
4.432024556005983982e+02
4.432024542358032591e+02
4.432024528764810611e+02
4.432024515226190715e+02
4.432024501741994413e+02
4.432024488312094945e+02
4.432024474936314959e+02
4.432024461614518032e+02
4.432024448346552390e+02
4.432024435132263420e+02
4.432024421971489687e+02
4.432024408864062934e+02
4.432024395809883117e+02
4.432024382808740484e+02
4.432024369860507704e+02
4.432024356965015386e+02
4.432024344122127104e+02
4.432024331331680287e+02
4.432024318593529415e+02
4.432024305907495432e+02
4.432024293273440776e+02
4.432024280691206854e+02
4.432024268160632232e+02
4.432024255681572527e+02
4.432024243253841860e+02
4.432024230877308355e+02
4.432024218551786134e+02
4.432024206277155827e+02
4.432024194053214501e+02
4.432024181879817775e+02
4.432024169756818992e+02
4.432024157684039665e+02
4.432024145661321768e+02
4.432024133688526035e+02
4.432024121765464315e+02
4.432024109891978014e+02
4.432024098067939804e+02
4.432024086293145615e+02
4.432024074567473804e+02
4.432024062890749292e+02
4.432024051262803255e+02
4.432024039683485057e+02
4.432024028152652022e+02
4.432024016670103492e+02
4.432024005235717823e+02
4.432023993849301746e+02
4.432023982510722817e+02
4.432023971219805389e+02
4.432023959976392007e+02
4.432023948780303613e+02
4.432023937631413446e+02
4.432023926529529945e+02
4.432023915474499063e+02
4.432023904466167323e+02
4.432023893504367607e+02
4.432023882588921424e+02
4.432023871719725321e+02
4.432023860896555902e+02
4.432023850119279587e+02
4.432023839387729254e+02
4.432023828701769048e+02
4.432023818061210250e+02
4.432023807465902223e+02
4.432023796915701155e+02
4.432023786410410366e+02
4.432023775949918445e+02
4.432023765534025870e+02
4.432023755162610428e+02
4.432023744835464072e+02
4.432023734552483347e+02
4.432023724313465891e+02
4.432023714118269027e+02
4.432023703966737003e+02
4.432023693858708384e+02
4.432023683794022872e+02
4.432023673772521875e+02
4.432023663794045660e+02
4.432023653858445869e+02
4.432023643965546853e+02
4.432023634115215600e+02
4.432023624307273622e+02
4.432023614541589041e+02
4.432023604817971432e+02
4.432023595136308245e+02
4.432023585496411329e+02
4.432023575898138006e+02
4.432023566341317178e+02
4.432023556825822652e+02
4.432023547351474235e+02
4.432023537918137208e+02
4.432023528525654115e+02
4.432023519173857267e+02
4.432023509862580681e+02
4.432023500591716356e+02
4.432023491361076140e+02
4.432023482170508260e+02
4.432023473019875723e+02
4.432023463909015391e+02
4.432023454837778331e+02
4.432023445806001973e+02
4.432023436813464059e+02
4.432023427860170841e+02
4.432023418945906883e+02
4.432023410070498812e+02
4.432023401233821573e+02
