0.000000000000000000e+00
-2.777036640145169599e-03
-8.402715081494704918e-03
-1.418630217195016030e-02
-2.015467187544572880e-02
-2.632620723120737694e-02
-3.270865612998363758e-02
-3.930206021203730415e-02
-4.610153590755317055e-02
-5.309926417459109871e-02
-6.028578940671991404e-02
-6.765082295049751338e-02
-7.518371541152646387e-02
-8.287371543622157333e-02
-9.071009451184863792e-02
-9.868219012594181550e-02
-1.067794012822105287e-01
-1.149911584077472071e-01
-1.233068820448011138e-01
-1.317159399770844175e-01
-1.402076095818642898e-01
-1.487710506092412288e-01
-1.573952927640220878e-01
-1.660692421397698126e-01
-1.747817104762816598e-01
-1.835214711740036364e-01
-1.922773459025393095e-01
-2.010383252433030066e-01
-2.097937260838307338e-01
-2.185333872383807829e-01
-2.272479030151544066e-01
-2.359288921408051465e-01
-2.445692967905870319e-01
-2.531637035707490213e-01
-2.617086756624757982e-01
-2.702030833340813842e-01
-2.786484192520219949e-01
-2.870490859231722425e-01
-2.954126454724246287e-01
-3.037500267523682851e-01
-3.120756909629562870e-01
-3.204077635333533181e-01
-3.287681453101640727e-01
-3.371826186257749214e-01
-3.456809614633584715e-01
-3.542970748403604375e-01
-3.630691139742339146e-01
-3.720395930827180564e-01
-3.812554132894092618e-01
-3.907677270162821515e-01
-4.006315484389233461e-01
-4.109049848566428409e-01
-4.216479692902339593e-01
-4.329203778881947073e-01
-4.447794377765603713e-01
-4.572763667897561390e-01
-4.704522349484250299e-01
-4.843330956425688782e-01
-4.989244992405019730e-01
-5.142055705275652144e-01
-5.301229027595582011e-01
-5.465845934334083722e-01
-5.634548173427447182e-01
-5.805493935167760355e-01
-5.976328408030440187e-01
-6.144174125538484077e-01
-6.305645317390826676e-01
-6.456888965858524898e-01
-6.593652900828601560e-01
-6.711378237580447603e-01
-6.805310219822331419e-01
-6.870618715447562863e-01
-6.902517890480339702e-01
-6.896374435777943290e-01
-6.847795242488246004e-01
-6.752688277695142460e-01
-6.607293932802349445e-01
-6.408187544625434384e-01
-6.152256544514784764e-01
-5.836657521324468689e-01
-5.458759468695006944e-01
-5.016079846718639601e-01
-4.506220021789886232e-01
-3.926806189922444901e-01
-3.275440941001761530e-01
-2.549669056279526558e-01
-1.746958945873302582e-01
-8.646985345467328443e-02
9.979819426689573447e-03
1.149279862431740185e-01
2.286548545657751674e-01
3.514459688901752088e-01
4.835936685387878242e-01
6.254003411618214159e-01
7.771834845702869643e-01
9.392821958358581469e-01
1.112064246555064528e+00
1.295932419431437665e+00
1.491328371816962317e+00
1.698732108595095269e+00
1.918655353287249454e+00
2.151627806971191603e+00
2.398176453486939863e+00
2.658799517344732521e+00
2.933938080946063565e+00
3.223949344104084958e+00
3.529085750684544109e+00
3.849483576898364845e+00
4.185163159817420819e+00
4.536041037284576305e+00
4.901952290838607951e+00
5.282679765011835116e+00
5.677985908369919343e+00
6.087642893425254442e+00
6.511457360846634401e+00
6.949287365585405496e+00
7.401050553426102852e+00
7.866723952714437473e+00
8.346336801133475092e+00
8.839958437647283063e+00
9.347683480739078732e+00
9.869616365748470344e+00
1.040585693408570478e+01
1.095648826474803172e+01
1.152156740407713187e+01
1.210111915404831961e+01
1.269513266956528241e+01
1.330356032026611501e+01
1.392631809956969846e+01
1.456328680739761694e+01
1.521431327453024096e+01
1.587921101348138109e+01
1.655775984786964727e+01
1.724970426716436123e+01
1.795475045383727775e+01
1.867256211449648617e+01
1.940275539708068209e+01
2.014489327821081588e+01
2.089847984986874962e+01
2.166295492338610984e+01
2.243768930922658456e+01
2.322198103802907099e+01
2.401505267943775834e+01
2.481604980823010465e+01
2.562404057509888844e+01
2.643801627261984777e+01
2.725689274673879936e+01
2.807951249035272667e+01
2.890464726337984303e+01
2.973100110578877775e+01
3.055721364051760247e+01
3.138186359574069684e+01
3.220347250510269532e+01
3.302050856834205206e+01
3.383139066971972397e+01
3.463449255941338834e+01
3.542814720248787808e+01
3.621065129489937817e+01
3.698026993671373930e+01
3.773524144336789732e+01
3.847378226706047144e+01
3.919409199575935077e+01
3.989435839519512683e+01
4.057276246312159174e+01
4.122748347107852851e+01
4.185670397826238798e+01
4.245861481251004932e+01
4.303142002278814005e+01
4.357334181581090604e+01
4.408262549424179610e+01
4.455754441544647193e+01
4.499640498817456091e+01
4.539755171872884887e+01
4.575937231158334839e+01
4.608030281962609820e+01
4.635883283033746238e+01
4.659351066510620853e+01
4.678294856103923394e+01
4.692582779890852862e+01
4.702090373648360355e+01
4.706701070448434621e+01
4.706306672227833587e+01
4.700807799146457455e+01
4.690114312839546074e+01
4.674145710031211820e+01
4.652831483443213756e+01
4.626111447484652217e+01
4.593936026753613078e+01
4.556266506054737420e+01
4.513075241217813982e+01
4.464345830674562876e+01
4.410073248281003089e+01
4.350263938439957201e+01
4.284935874953316670e+01
4.214118585358289693e+01
4.137853142652659244e+01
4.056192126353028016e+01
3.969199554687941145e+01
3.876950789533179886e+01
3.779532415348569430e+01
3.677376264383076432e+01
3.569365708188706776e+01
3.456315457300354410e+01
3.338187888272886994e+01
3.214914883979190563e+01
3.086396971884892082e+01
2.952491739563356532e+01
2.812997064007083736e+01
2.667636250409964305e+01
2.516055642451760832e+01
2.357846229598180798e+01
2.192597069822272715e+01
2.019980301139889889e+01
1.839857403843257089e+01
1.652387494371578214e+01
1.458113871885461776e+01
1.258006563064338934e+01
1.053446081425386183e+01
8.461451173480782018e+00
6.380173932270054138e+00
4.310133043311907386e+00
2.269478301199796988e+00
2.734650199656698533e-01
-1.666696011202475347e+00
-3.544471523799757051e+00
-5.358090365915586517e+00
-7.110134625032287659e+00
-8.806753738249653907e+00
-1.045664789561919861e+01
-1.206996670370449465e+01
-1.365724617385853890e+01
-1.522847203358685420e+01
-1.679232026092483920e+01
-1.835559411632857518e+01
-1.992285486830087393e+01
-2.149623144644283457e+01
-2.307539044251109317e+01
-2.465764887467662447e+01
-2.623821442982216467e+01
-2.781053876280157056e+01
-2.936676741492260589e+01
-3.089826497152273532e+01
-3.239618732387179989e+01
-3.385206613914283480e+01
-3.525836581947362447e+01
-3.660897194254539500e+01
-3.789957331194409562e+01
-3.912790734968234574e+01
-4.029384986725972340e+01
-4.139934388119900177e+01
-4.244817639580332980e+01
-4.344562524889397537e+01
-4.439800874787465546e+01
-4.531217789520349015e+01
-4.619499402009626010e+01
-4.705283362270699854e+01
-4.789115765495239430e+01
-4.871417507582259532e+01
-4.952462126093496408e+01
-5.032366168381827265e+01
-5.111092112339497362e+01
-5.188462925641920265e+01
-5.264186546613007067e+01
-5.337887946671389727e+01
-5.409146016715521910e+01
-5.477532319236865987e+01
-5.542648762671524310e+01
-5.604161471256043114e+01
-5.661828519055859488e+01
-5.715519737958845781e+01
-5.765227455815693247e+01
-5.811067725624025115e+01
-5.853272319695270198e+01
-5.892172433076211746e+01
-5.928175620952652025e+01
-5.961737944274841539e+01
-5.993333586109429234e+01
-6.023424310232508105e+01
-6.052431059604714392e+01
-6.080709746418824579e+01
-6.108532891473441850e+01
-6.136078263915237585e+01
-6.163425095985576263e+01
-6.190557848508103689e+01
-6.217376928697660787e+01
-6.243715255967799749e+01
-6.269359170204324982e+01
-6.294071907071611349e+01
-6.317617741831736566e+01
-6.339784930011580855e+01
-6.360405741854333428e+01
-6.379372178858034204e+01
-6.396646347529940613e+01
-6.412264914245270120e+01
-6.426337539303779067e+01
-6.439039650777931456e+01
-6.450600335177455236e+01
-6.461286462677526288e+01
-6.471384406915206000e+01
-6.481180848871861144e+01
-6.490944165665337096e+01
-6.500907801943264985e+01
-6.511256816098853051e+01
-6.522118505351068052e+01
-6.533557667501395372e+01
-6.545576681735235525e+01
-6.558120215568203548e+01
-6.571084018719841424e+01
-6.584326972710914561e+01
-6.597685347631397690e+01
-6.610988088772285209e+01
-6.624071922282769265e+01
-6.636795129642882785e+01
-6.649048987533478794e+01
-6.660766087940749003e+01
-6.671925023679034439e+01
-6.682551224138967427e+01
-6.692714030746265053e+01
-6.702520387768493038e+01
-6.712105770365917579e+01
-6.721623160680064757e+01
-6.731231002058507329e+01
-6.741081104548482017e+01
-6.751307441274059329e+01
-6.762016670622642778e+01
-6.773281054160895565e+01
-6.785134229757193225e+01
-6.797570061460169200e+01
-6.810544541711419697e+01
-6.823980486536277112e+01
-6.837774558385251567e+01
-6.851805988937360326e+01
-6.865946266466028192e+01
-6.880069005501377433e+01
-6.894059231976734736e+01
-6.907821391187087556e+01
-6.921285510908785454e+01
-6.934411116271530773e+01
-6.947188682296939533e+01
-6.959638608834222850e+01
-6.971807895097845176e+01
-6.983764862602106405e+01
-6.995592413314091118e+01
-7.007380404997775258e+01
-7.019217772167860403e+01
-7.031185016989365977e+01
-7.043347642157891642e+01
-7.055751002967463137e+01
-7.068416927528107863e+01
-7.081342303449355313e+01
-7.094499668926198410e+01
-7.107839688783610654e+01
-7.121295253752873577e+01
-7.134786824688660545e+01
-7.148228560522875341e+01
-7.161534724882881164e+01
-7.174625863299831963e+01
-7.187434279657384195e+01
-7.199908412527508972e+01
-7.212015812526828995e+01
-7.223744541807786845e+01
-7.235102946334814078e+01
-7.246117880089934715e+01
-7.256831577984621617e+01
-7.267297472164068495e+01
-7.277575317683886169e+01
-7.287726033700880635e+01
-7.297806673314721593e+01
-7.307865909707379615e+01
-7.317940371471695471e+01
-7.328052081327393807e+01
-7.338207156761370697e+01
-7.348395826701016631e+01
-7.358593713453024066e+01
-7.368764232168314265e+01
-7.378861878172278921e+01
-7.388836111595571765e+01
-7.398635512723649299e+01
-7.408211872386561936e+01
-7.417523899120772057e+01
-7.426540266539223012e+01
-7.435241786133781261e+01
-7.443622567015790992e+01
-7.451690108474986118e+01
-7.459464356674038754e+01
-7.466975836705296388e+01
-7.474263039465733982e+01
-7.481369294514718149e+01
-7.488339391793169852e+01
-7.495216225064882565e+01
-7.502037718184453752e+01
-7.508834263572407508e+01
-7.515626853729258983e+01
-7.522426025688639584e+01
-7.529231670263141041e+01
-7.536033688282498133e+01
-7.542813410313090117e+01
-7.549545639631094218e+01
-7.556201134515742979e+01
-7.562749318267947274e+01
-7.569160995297966110e+01
-7.575410859292469468e+01
-7.581479603673972179e+01
-7.587355482703924281e+01
-7.593035220313356604e+01
-7.598524218664533691e+01
-7.603836075213359891e+01
-7.608991471010949681e+01
-7.614016540018565138e+01
-7.618940866022853697e+01
-7.623795277577994511e+01
-7.628609621082648573e+01
-7.633410687266120931e+01
-7.638220447936851087e+01
-7.643054729778918954e+01
-7.647922413084961590e+01
-7.652825198895220637e+01
-7.657757941827753712e+01
-7.662709501560561876e+01
-7.667664026955458212e+01
-7.672602555968853721e+01
-7.677504793973173491e+01
-7.682350924134061643e+01
-7.687123306335342932e+01
-7.691807935141935104e+01
-7.696395550985221234e+01
-7.700882329899741308e+01
-7.705270113001677146e+01
-7.709566174518556636e+01
-7.713782563551819749e+01
-7.717935086956390478e+01
-7.722042026587962482e+01
-7.726122701585882169e+01
-7.730195994623625211e+01
-7.734278959522612240e+01
-7.738385616994355587e+01
-7.742526026601774447e+01
-7.746705698099083293e+01
-7.750925376342627260e+01
-7.755181203308802651e+01
-7.759465230978378258e+01
-7.763766232190346273e+01
-7.768070735037190389e+01
-7.772364191483484319e+01
-7.776632183578840340e+01
-7.780861571179082148e+01
-7.785041493182404793e+01
-7.789164149010366600e+01
-7.793225307037141647e+01
-7.797224510086846294e+01
-7.801164973063021080e+01
-7.805053192193690847e+01
-7.808898307382935400e+01
-7.812711277080154559e+01
-7.816503937706715988e+01
-7.820288026145885851e+01
-7.824074243849338473e+01
-7.827871435023587310e+01
-7.831685939670774133e+01
-7.835521166368471313e+01
-7.839377410621943909e+01
-7.843251924429080191e+01
-7.847139222616283405e+01
-7.851031593405696185e+01
-7.854919765726458536e+01
-7.858793675152332980e+01
-7.862643264659664055e+01
-7.866459255963866326e+01
-7.870233831822577031e+01
-7.873961178861418375e+01
-7.877637853285614256e+01
-7.881262947173013345e+01
-7.884838049537029292e+01
-7.888367012749370133e+01
-7.891855549873673681e+01
-7.895310700836591877e+01
-7.898740214351619215e+01
-7.902151897439102868e+01
-7.905552985055044246e+01
-7.908949578868566732e+01
-7.912346196970793244e+01
-7.915745466057171598e+01
-7.919147975226326253e+01
-7.922552297097570317e+01
-7.925955168540929208e+01
-7.929351811003266448e+01
-7.932736360097283068e+01
-7.936102366621082638e+01
-7.939443326874118156e+01
-7.942753199366711669e+01
-7.946026867605769439e+01
-7.949260514389470700e+01
-7.952451881214631157e+01
-7.955600396477052527e+01
-7.958707167025067974e+01
-7.961774838645249019e+01
-7.964807341177504441e+01
-7.967809542499821873e+01
-7.970786841932442712e+01
-7.973744737294464358e+01
-7.976688400690431990e+01
-7.979622296131628900e+01
-7.982549867631428242e+01
-7.985473319786444790e+01
-7.988393504770635900e+01
-7.991309920797937139e+01
-7.994220818056442113e+01
-7.997123399871077254e+01
-8.000014099683926361e+01
-8.002888909232922288e+01
-8.005743730098015476e+01
-8.008574719979969814e+01
-8.011378606516268519e+01
-8.014152944958186708e+01
-8.016896301373333245e+01
-8.019608349518330215e+01
-8.022289876821162125e+01
-8.024942702222040225e+01
-8.027569515511538611e+01
-8.030173653626081887e+01
-8.032758833816035349e+01
-8.035328866272175219e+01
-8.037887369607540222e+01
-8.040437511531774817e+01
-8.042981794266484030e+01
-8.045521899997072524e+01
-8.048058606381403024e+01
-8.050591776243959430e+01
-8.053120419573156141e+01
-8.055642820285379457e+01
-8.058156715413792881e+01
-8.060659510640914505e+01
-8.063148513844453191e+01
-8.065621167522419910e+01
-8.068075261795729602e+01
-8.070509111822002524e+01
-8.072921686902839156e+01
-8.075312682808191767e+01
-8.077682533633253570e+01
-8.080032364451051308e+01
-8.082363890613044077e+01
-8.084679273568804092e+01
-8.086980946183530250e+01
-8.089271422430010716e+01
-8.091553107081188045e+01
-8.093828120417424543e+01
-8.096098151292096645e+01
-8.098364349119333383e+01
-8.100627261958857162e+01
-8.102886823903418190e+01
-8.105142391036679328e+01
-8.107392821348298639e+01
-8.109636590743468787e+01
-8.111871934685291308e+01
-8.114097003359688642e+01
-8.116310017640887509e+01
-8.118509413500646588e+01
-8.120693963898168022e+01
-8.122862869319749279e+01
-8.125015810971217434e+01
-8.127152963777439254e+01
-8.129274969605717160e+01
-8.131382874298515162e+01
-8.133478034780489452e+01
-8.135562004706503103e+01
-8.137636408432467761e+01
-8.139702813747192067e+01
-8.141762613445803254e+01
-8.143816924825944170e+01
-8.145866514400597680e+01
-8.147911752902371063e+01
-8.149952603039253063e+01
-8.151988639822866389e+01
-8.154019100688367416e+01
-8.156042960394597685e+01
-8.158059023901455475e+01
-8.160066029244819674e+01
-8.162062751934990956e+01
-8.164048102574031418e+01
-8.166021210240523942e+01
-8.167981485554628307e+01
-8.169928659202628296e+01
-8.171862793738512210e+01
-8.173784268722681645e+01
-8.175693741324562325e+01
-8.177592086399340587e+01
-8.179480321516393815e+01
-8.181359523418348090e+01
-8.183230742824230219e+01
-8.185094924378643100e+01
-8.186952837894887125e+01
-8.188805025925591963e+01
-8.190651771223099331e+01
-8.192493085947921827e+01
-8.194328722705404289e+01
-8.196158205747644843e+01
-8.197980879156614265e+01
-8.199795967593365731e+01
-8.201602644347644855e+01
-8.203400101061185978e+01
-8.205187613547184355e+01
-8.206964598634999675e+01
-8.208730657883131698e+01
-8.210485605164001299e+01
-8.212229476524680649e+01
-8.213962522178940162e+01
-8.215685181908179402e+01
-8.217398046399682698e+01
-8.219101808105506279e+01
-8.220797205852579737e+01
-8.222484967841319303e+01
-8.224165757553134881e+01
-8.225840126790444629e+01
-8.227508479243806505e+01
-8.229171047141892359e+01
-8.230827882316521027e+01
-8.232478861892047917e+01
-8.234123707611774989e+01
-8.235762016781541206e+01
-8.237393301967404113e+01
-8.239017035983090409e+01
-8.240632698427248215e+01
-8.242239820021279684e+01
-8.243838021325814225e+01
-8.245427042975973109e+01
-8.247006765332673695e+01
-8.248577216389458044e+01
-8.250138567722387961e+01
-8.251691119228280513e+01
-8.253235274261180621e+01
-8.254771507476129955e+01
-8.256300328184261161e+01
-8.257822242267400270e+01
-8.259337715730987384e+01
-8.260847142688930944e+01
-8.262350820185781686e+01
-8.263848931567088130e+01
-8.265341539426594863e+01
-8.266828588325097371e+01
-8.268309916730891018e+01
-8.269785276890092973e+01
-8.271254360771501979e+01
-8.272716829824491924e+01
-8.274172346043587822e+01
-8.275620601849539071e+01
-8.277061346450739165e+01
-8.278494406738798261e+01
-8.279919701255391828e+01
-8.281337246370185312e+01
-8.282747154468756889e+01
-8.284149624576559745e+01
-8.285544926430611667e+01
-8.286933379490471907e+01
-8.288315328744181443e+01
-8.289691119320218604e+01
-8.291061071964281837e+01
-8.292425461292350519e+01
-8.293784498433285535e+01
-8.295138319283648798e+01
-8.296486979089547731e+01
-8.297830453579592813e+01
-8.299168646295936469e+01
-8.300501401342830832e+01
-8.301828520345134166e+01
-8.303149782116838651e+01
-8.304464963397333577e+01
-8.305773858971951995e+01
-8.307076299612174353e+01
-8.308372166483638921e+01
-8.309661401041682893e+01
-8.310944009740376259e+01
-8.312220063436404871e+01
-8.313489691662721270e+01
-8.314753072460825933e+01
-8.316010418702944662e+01
-8.317261962127292918e+01
-8.318507936432581573e+01
-8.319748560797290793e+01
-8.320984025116933935e+01
-8.322214478068099197e+01
-8.323440018833457543e+01
-8.324660693026987701e+01
-8.325876492971190146e+01
-8.327087362174938789e+01
-8.328293203475755035e+01
-8.329493890102253317e+01
-8.330689278661327535e+01
-8.331879222951556585e+01
-8.333063587495951197e+01
-8.334242259716938861e+01
-8.335415159858439438e+01
-8.336582247932381051e+01
-8.337743527269208244e+01
-8.338899044488402978e+01
-8.340048886054159993e+01
-8.341193171771385551e+01
-8.342332045886882952e+01
-8.343465666557199256e+01
-8.344594194590774805e+01
-8.345717782372116744e+01
-8.346836563849944923e+01
-8.347950646327001323e+01
-8.349060104653153758e+01
-8.350164978183806852e+01
-8.351265270649969352e+01
-8.352360952844219355e+01
-8.353451967810292444e+01
-8.354538238038082909e+01
-8.355619674018373644e+01
-8.356696183430972269e+01
-8.357767680230767837e+01
-8.358834092897802748e+01
-8.359895371238872031e+01
-8.360951491255059409e+01
-8.362002457762298491e+01
-8.363048304626204299e+01
-8.364089092695053296e+01
-8.365124905663583377e+01
-8.366155844275044728e+01
-8.367182019385006697e+01
-8.368203544463779053e+01
-8.369220528157666195e+01
-8.370233067506364932e+01
-8.371241242301323382e+01
-8.372245111022994024e+01
-8.373244708594006624e+01
-8.374240046082536537e+01
-8.375231112290373403e+01
-8.376217877048929950e+01
-8.377200295884597381e+01
-8.378178315653599384e+01
-8.379151880647953021e+01
-8.380120938681272946e+01
-8.381085446678889639e+01
-8.382045375331813375e+01
-8.383000712500302143e+01
-8.383951465120389912e+01
-8.384897659540342829e+01
-8.385839340293978239e+01
-8.386776567479239475e+01
-8.387709412993160640e+01
-8.388637955963804416e+01
-8.389562277766970055e+01
-8.390482457041764519e+01
-8.391398565089639305e+01
-8.392310662020929612e+01
-8.393218793912831188e+01
-8.394122991176072901e+01
-8.395023268211502909e+01
-8.395919624340774590e+01
-8.396812045888975717e+01
-8.397700509213939313e+01
-8.398584984406704734e+01
-8.399465439351001805e+01
-8.400341843803096253e+01
-8.401214173166556520e+01
-8.402082411685807983e+01
-8.402946554810773705e+01
-8.403806610583956171e+01
-8.404662599981099902e+01
-8.405514556199568688e+01
-8.406362523006839638e+01
-8.407206552300590374e+01
-8.408046701104262866e+01
-8.408883028265336179e+01
-8.409715591112114907e+01
-8.410544442348066241e+01
-8.411369627417604988e+01
-8.412191182529250000e+01
-8.413009133476748502e+01
-8.413823495316387380e+01
-8.414634272902321754e+01
-8.415441462197691180e+01
-8.416245052237081836e+01
-8.417045027558879156e+01
-8.417841370901760456e+01
-8.418634065931701116e+01
-8.419423099804384947e+01
-8.420208465332325432e+01
-8.420990162643795429e+01
-8.421768200174676622e+01
-8.422542594976198416e+01
-8.423313372316238201e+01
-8.424080564635050905e+01
-8.424844209977845821e+01
-8.425604350018056721e+01
-8.426361027866596487e+01
-8.427114285841105357e+01
-8.427864163366780303e+01
-8.428610695176803347e+01
-8.429353909946894419e+01
-8.430093829444035691e+01
-8.430830468252611354e+01
-8.431563834070016128e+01
-8.432293928531248639e+01
-8.433020748477497364e+01
-8.433744287552121932e+01
-8.434464537985513743e+01
-8.435181492426340810e+01
-8.435895145662937011e+01
-8.436605496108359148e+01
-8.437312546948771796e+01
-8.438016306853205606e+01
-8.438716790231228515e+01
-8.439414017013052671e+01
-8.440108012005896398e+01
-8.440798803868779032e+01
-8.441486423827973340e+01
-8.442170904222575700e+01
-8.442852277009319550e+01
-8.443530572352949548e+01
-8.444205817395572922e+01
-8.444878035311023723e+01
-8.445547244700367173e+01
-8.446213459362729736e+01
-8.446876688458462468e+01
-8.447536937017571290e+01
-8.448194206759353619e+01
-8.448848497139863412e+01
-8.449499806530889146e+01
-8.450148133447635246e+01
-8.450793477702040946e+01
-8.451435841421061923e+01
-8.452075229837828374e+01
-8.452711651795516445e+01
-8.453345119957077713e+01
-8.453975650688039423e+01
-8.454603263656827039e+01
-8.455227981175391960e+01
-8.455849827358463244e+01
-8.456468827156993484e+01
-8.457085005367707709e+01
-8.457698385669380059e+01
-8.458308989800912059e+01
-8.458916836894741209e+01
-8.459521943054437543e+01
-8.460124321171576867e+01
-8.460723981006697159e+01
-8.461320929504768174e+01
-8.461915171324062612e+01
-8.462506709516355841e+01
-8.463095546314798412e+01
-8.463681683940149014e+01
-8.464265125393490052e+01
-8.464845875137780240e+01
-8.465423939644244911e+01
-8.465999327755218928e+01
-8.466572050841728014e+01
-8.467142122751135958e+01
-8.467709559553384224e+01
-8.468274379129047702e+01
-8.468836600605368403e+01
-8.469396243731546292e+01
-8.469953328203814635e+01
-8.470507873029112034e+01
-8.471059895957614572e+01
-8.471609413028090785e+01
-8.472156438266028999e+01
-8.472700983543586517e+01
-8.473243058616185408e+01
-8.473782671316803317e+01
-8.474319827895021717e+01
-8.474854533458074002e+01
-8.475386792497670285e+01
-8.475916609424655235e+01
-8.476443989098424936e+01
-8.476968937296703643e+01
-8.477491461089311997e+01
-8.478011569092382160e+01
-8.478529271590775807e+01
-8.479044580517415852e+01
-8.479557509298570039e+01
-8.480068072587482675e+01
-8.480576285901315714e+01
-8.481082165200666623e+01
-8.481585726449179674e+01
-8.482086985179046223e+01
-8.482585956106845515e+01
-8.483082652823713943e+01
-8.483577087579283216e+01
-8.484069271179464522e+01
-8.484559212994781774e+01
-8.485046921081254823e+01
-8.485532402398780505e+01
-8.486015663096372919e+01
-8.486496708860022409e+01
-8.486975545272434829e+01
-8.487452178163596272e+01
-8.487926613935599107e+01
-8.488398859813833042e+01
-8.488868924031089591e+01
-8.489336815915237366e+01
-8.489802545889563135e+01
-8.490266125374307649e+01
-8.490727566620239486e+01
-8.491186882470901764e+01
-8.491644086084602350e+01
-8.492099190643330076e+01
-8.492552209057544133e+01
-8.493003153710014885e+01
-8.493452036240455527e+01
-8.493898867391328622e+01
-8.494343656939975062e+01
-8.494786413684857962e+01
-8.495227145530134294e+01
-8.495665859616644866e+01
-8.496102562510225198e+01
-8.496537260434274685e+01
-8.496969959502564507e+01
-8.497400665964153177e+01
-8.497829386412502117e+01
-8.498256127966999429e+01
-8.498680898399243233e+01
-8.499103706196069652e+01
-8.499524560566749187e+01
-8.499943471389121896e+01
-8.500360449096388038e+01
-8.500775504526097848e+01
-8.501188648737809217e+01
-8.501599892816318516e+01
-8.502009247679609416e+01
-8.502416723895396444e+01
-8.502822331543484324e+01
-8.503226080105434903e+01
-8.503627978406518650e+01
-8.504028034614043463e+01
-8.504426256276576623e+01
-8.504822650414143936e+01
-8.505217223638987889e+01
-8.505609982307339578e+01
-8.506000932678898607e+01
-8.506390081071617715e+01
-8.506777434015111794e+01
-8.507162998367766704e+01
-8.507546781404244030e+01
-8.507928790867060798e+01
-8.508309034972137397e+01
-8.508687522377681489e+01
-8.509064262114020494e+01
-8.509439263480919635e+01
-8.509812535936066524e+01
-8.510184088954906656e+01
-8.510553931905542413e+01
-8.510922073930453280e+01
-8.511288523842517861e+01
-8.511653290052686316e+01
-8.512016380529655635e+01
-8.512377802792457260e+01
-8.512737563932421381e+01
-8.513095670673010318e+01
-8.513452129448364758e+01
-8.513806946500233153e+01
-8.514160127982802351e+01
-8.514511680076134326e+01
-8.514861609076820059e+01
-8.515209921485859468e+01
-8.515556624069392910e+01
-8.515901723894091901e+01
-8.516245228333843897e+01
-8.516587145053711083e+01
-8.516927481962864022e+01
-8.517266247151849257e+01
-8.517603448814361400e+01
-8.517939095158590135e+01
-8.518273194323364805e+01
-8.518605754291741050e+01
-8.518936782829814547e+01
-8.519266287427899442e+01
-8.519594275278041096e+01
-8.519920753259066259e+01
-8.520245727959286342e+01
-8.520569205703452553e+01
-8.520891192610395137e+01
-8.521211694653334234e+01
-8.521530717736050065e+01
-8.521848267757036410e+01
-8.522164350684010969e+01
-8.522478972602698377e+01
-8.522792139766886521e+01
-8.523103858620038409e+01
-8.523414135803056979e+01
-8.523722978145747220e+01
-8.524030392635472708e+01
-8.524336386379081887e+01
-8.524640966550043686e+01
-8.524944140328534559e+01
-8.525245914849915607e+01
-8.525546297139055696e+01
-8.525845294077191738e+01
-8.526142912354555392e+01
-8.526439158454695644e+01
-8.526734038649556169e+01
-8.527027559001101054e+01
-8.527319725390213989e+01
-8.527610543545586097e+01
-8.527900019090157002e+01
-8.528188157581871565e+01
-8.528474964568363248e+01
-8.528760445628324760e+01
-8.529044606410252527e+01
-8.529327452661948428e+01
-8.529608990252779677e+01
-8.529889225173519662e+01
-8.530168163536575321e+01
-8.530445811555216551e+01
-8.530722175517234973e+01
-8.530997261752543182e+01
-8.531271076592508962e+01
-8.531543626335940189e+01
-8.531814917204837911e+01
-8.532084955320203790e+01
-8.532353746670617056e+01
-8.532621297104992664e+01
-8.532887612318620540e+01
-8.533152697861521574e+01
-8.533416559156103176e+01
-8.533679201508948609e+01
-8.533940630150118523e+01
-8.534200850255365367e+01
-8.534459866982967924e+01
-8.534717685500947937e+01
-8.534974311016162574e+01
-8.535229748795768501e+01
-8.535484004174361417e+01
-8.535737082566674871e+01
-8.535988989460781795e+01
-8.536239730405986847e+01
-8.536489310999968438e+01
-8.536737736860300174e+01
-8.536985013607136352e+01
-8.537231146831413753e+01
-8.537476142070750029e+01
-8.537720004789923678e+01
-8.537962740364150704e+01
-8.538204354064339441e+01
-8.538444851057272444e+01
-8.538684236405310912e+01
-8.538922515075421416e+01
-8.539159691954671416e+01
-8.539395771864997187e+01
-8.539630759588578712e+01
-8.539864659884369757e+01
-8.540097477510732915e+01
-8.540329217246789995e+01
-8.540559883899106808e+01
-8.540789482318268711e+01
-8.541018017399198925e+01
-8.541245494080885692e+01
-8.541471917338606090e+01
-8.541697292174535505e+01
-8.541921623602775071e+01
-8.542144916631309570e+01
-8.542367176248160376e+01
-8.542588407398761774e+01
-8.542808614980003767e+01
-8.543027803818097254e+01
-8.543245978670995555e+01
-8.543463144217753324e+01
-8.543679305063312768e+01
-8.543894465741504973e+01
-8.544108630726657339e+01
-8.544321804444928148e+01
-8.544533991283572050e+01
-8.544745195613916167e+01
-8.544955421794986705e+01
-8.545164674195143562e+01
-8.545372957194365426e+01
-8.545580275196618913e+01
-8.545786632628983170e+01
-8.545992033943832666e+01
-8.546196483612482098e+01
-8.546399986120354697e+01
-8.546602545956511676e+01
-8.546804167600521396e+01
-8.547004855516263433e+01
-8.547204614135591783e+01
-8.547403447851399960e+01
-8.547601361008878484e+01
-8.547798357898386712e+01
-8.547994442755498312e+01
-8.548189619760944424e+01
-8.548383893041295778e+01
-8.548577266678989872e+01
-8.548769744717048980e+01
-8.548961331166810851e+01
-8.549152030024913529e+01
-8.549341845269316309e+01
-8.549530780885515924e+01
-8.549718840852960966e+01
-8.549906029170278998e+01
-8.550092349838075734e+01
-8.550277806877079456e+01
-8.550462404309337217e+01
-8.550646146167423467e+01
-8.550829036478978651e+01
-8.551011079263253123e+01
-8.551192278523990353e+01
-8.551372638240809465e+01
-8.551552162360917464e+01
-8.551730854798393011e+01
-8.551908719425000527e+01
-8.552085760071622644e+01
-8.552261980526748175e+01
-8.552437384539507548e+01
-8.552611975824788715e+01
-8.552785758063089361e+01
-8.552958734913136141e+01
-8.553130910012987442e+01
-8.553302286990208358e+01
-8.553472869463757888e+01
-8.553642661052390395e+01
-8.553811665375792472e+01
-8.553979886056015403e+01
-8.554147326719669309e+01
-8.554313990994398864e+01
-8.554479882507280308e+01
-8.554645004879353110e+01
-8.554809361724301198e+01
-8.554972956638277992e+01
-8.555135793201054639e+01
-8.555297874964185212e+01
-8.555459205454860694e+01
-8.555619788167223305e+01
-8.555779626564469709e+01
-8.555938724078066571e+01
-8.556097084107148021e+01
-8.556254710024040833e+01
-8.556411605175594559e+01
-8.556567772886035073e+01
-8.556723216464388315e+01
-8.556877939206663086e+01
-8.557031944400011980e+01
-8.557185235324550376e+01
-8.557337815259609215e+01
-8.557489687480892826e+01
-8.557640855262673085e+01
-8.557791321877391510e+01
-8.557941090591111788e+01
-8.558090164667066801e+01
-8.558238547353232661e+01
-8.558386241888479162e+01
-8.558533251493781790e+01
-8.558679579368174473e+01
-8.558825228692876408e+01
-8.558970202621583212e+01
-8.559114504282604230e+01
-8.559258136782261772e+01
-8.559401103199718364e+01
-8.559543406591365056e+01
-8.559685049994016026e+01
-8.559826036426215978e+01
-8.559966368890422928e+01
-8.560106050376680287e+01
-8.560245083866266214e+01
-8.560383472332762267e+01
-8.560521218741098437e+01
-8.560658326056977785e+01
-8.560794797234359521e+01
-8.560930635228135088e+01
-8.561065842982736740e+01
-8.561200423436969231e+01
-8.561334379519280446e+01
-8.561467714145237551e+01
-8.561600430216617497e+01
-8.561732530618394321e+01
-8.561864018217761441e+01
-8.561994895862983412e+01
-8.562125166381599684e+01
-8.562254832579560571e+01
-8.562383897246638753e+01
-8.562512363149846806e+01
-8.562640233040769999e+01
-8.562767509656453058e+01
-8.562894195718274659e+01
-8.563020293936369853e+01
-8.563145807010607768e+01
-8.563270737633308727e+01
-8.563395088489232876e+01
-8.563518862255023123e+01
-8.563642061603729871e+01
-8.563764689198387714e+01
-8.563886747698336421e+01
-8.564008239750774010e+01
-8.564129167997259628e+01
-8.564249535064766405e+01
-8.564369343569785542e+01
-8.564488596113903895e+01
-8.564607295284076827e+01
-8.564725443651286696e+01
-8.564843043768621556e+01
-8.564960098175299663e+01
-8.565076609392224327e+01
-8.565192579924894289e+01
-8.565308012264790705e+01
-8.565422908888558595e+01
-8.565537272261917678e+01
-8.565651104839571417e+01
-8.565764409063444873e+01
-8.565877187371540913e+01
-8.565989442191266789e+01
-8.566101175941855672e+01
-8.566212391036265217e+01
-8.566323089881814212e+01
-8.566433274875157622e+01
-8.566542948406640789e+01
-8.566652112856502299e+01
-8.566760770594942187e+01
-8.566868923981530770e+01
-8.566976575363071333e+01
-8.567083727073656974e+01
-8.567190381435773361e+01
-8.567296540753625322e+01
-8.567402207322925278e+01
-8.567507383421843770e+01
-8.567612071317421396e+01
-8.567716273263783933e+01
-8.567819991501175991e+01
-8.567923228261133772e+01
-8.568025985764325014e+01
-8.568128266221663125e+01
-8.568230071836501338e+01
-8.568331404802881934e+01
-8.568432267308219252e+01
-8.568532661532253769e+01
-8.568632589646233555e+01
-8.568732053815722338e+01
-8.568831056196529516e+01
-8.568929598936460934e+01
-8.569027684173056514e+01
-8.569125314035500196e+01
-8.569222490641186596e+01
-8.569319216096698710e+01
-8.569415492498296771e+01
-8.569511321927768677e+01
-8.569606706458807821e+01
-8.569701648150135043e+01
-8.569796149051762768e+01
-8.569890211200424801e+01
-8.569983836624533069e+01
-8.570077027340448694e+01
-8.570169785357302317e+01
-8.570262112673685806e+01
-8.570354011281892781e+01
-8.570445483165178757e+01
-8.570536530298772959e+01
-8.570627154652140689e+01
-8.570717358186379897e+01
-8.570807142855483107e+01
-8.570896510604757168e+01
-8.570985463372744562e+01
-8.571074003088597237e+01
-8.571162131672690521e+01
-8.571249851036668588e+01
-8.571337163081966537e+01
-8.571424069699082793e+01
-8.571510572771364878e+01
-8.571596674169813923e+01
-8.571682375755426619e+01
-8.571767679378535831e+01
-8.571852586883835556e+01
-8.571937100101274609e+01
-8.572021220856117907e+01
-8.572104950963512238e+01
-8.572188292230976003e+01
-8.572271246457933103e+01
-8.572353815436031255e+01
-8.572436000951233837e+01
-8.572517804781364248e+01
-8.572599228696810769e+01
-8.572680274461708905e+01
-8.572760943832872726e+01
-8.572841238557805355e+01
-8.572921160379996763e+01
-8.573000711030999810e+01
-8.573079892235784882e+01
-8.573158705711944094e+01
-8.573237153166428470e+01
-8.573315236298049058e+01
-8.573392956797692932e+01
-8.573470316345719766e+01
-8.573547316616566150e+01
-8.573623959272799766e+01
-8.573700245971758704e+01
-8.573776178361265465e+01
-8.573851758081877961e+01
-8.573926986766309710e+01
-8.574001866041896847e+01
-8.574076397526357596e+01
-8.574150582832533019e+01
-8.574224423565760844e+01
-8.574297921326149208e+01
-8.574371077703881383e+01
-8.574443894286400791e+01
-8.574516372652021801e+01
-8.574588514371691872e+01
-8.574660321009730524e+01
-8.574731794123999862e+01
-8.574802935263005566e+01
-8.574873745968977801e+01
-8.574944227775438321e+01
-8.575014382209531050e+01
-8.575084210788884320e+01
-8.575153715025828660e+01
-8.575222896422826580e+01
-8.575291756476258342e+01
-8.575360296675557947e+01
-8.575428518502894804e+01
-8.575496423434026383e+01
-8.575564012935763003e+01
-8.575631288473971381e+01
-8.575698251501535196e+01
-8.575764903470724221e+01
-8.575831245824122107e+01
-8.575897279998855538e+01
-8.575963007427696994e+01
-8.576028429533630515e+01
-8.576093547737161771e+01
-8.576158363449269473e+01
-8.576222878074543132e+01
-8.576287093014434504e+01
-8.576351009656923452e+01
-8.576414629390842492e+01
-8.576477953591506775e+01
-8.576540983631912241e+01
-8.576603720876266834e+01
-8.576666166682821313e+01
-8.576728322403323546e+01
-8.576790189381415530e+01
-8.576851768957430977e+01
-8.576913062463768256e+01
-8.576974071226970864e+01
-8.577034796566999830e+01
-8.577095239800519266e+01
-8.577155402234939174e+01
-8.577215285175213921e+01
-8.577274889918066947e+01
-8.577334217756492762e+01
-8.577393269975755175e+01
-8.577452047857752859e+01
-8.577510552675232702e+01
-8.577568785698485954e+01
-8.577626748188367856e+01
-8.577684441403152960e+01
-8.577741866592464248e+01
-8.577799025000149413e+01
-8.577855917865838364e+01
-8.577912546421543993e+01
-8.577968911892583037e+01
-8.578025015500952577e+01
-8.578080858460475611e+01
-8.578136441980632299e+01
-8.578191767264945611e+01
-8.578246835512368307e+01
-8.578301647913633587e+01
-8.578356205658053568e+01
-8.578410509926561645e+01
-8.578464561896828400e+01
-8.578518362739100667e+01
-8.578571913622226930e+01
-8.578625215705289975e+01
-8.578678270144155249e+01
-8.578731078090288520e+01
-8.578783640688129708e+01
-8.578835959078389806e+01
-8.578888034393924045e+01
-8.578939867765006966e+01
-8.578991460314421147e+01
-8.579042813160594960e+01
-8.579093927415738108e+01
-8.579144804188069884e+01
-8.579195444579590912e+01
-8.579245849687231384e+01
-8.579296020602134831e+01
-8.579345958412545770e+01
-8.579395664199148541e+01
-8.579445139038728030e+01
-8.579494384005158736e+01
-8.579543400163674960e+01
-8.579592188578556033e+01
-8.579640750305361507e+01
-8.579689086399343978e+01
-8.579737197907024893e+01
-8.579785085872754280e+01
-8.579832751333935903e+01
-8.579880195324972192e+01
-8.579927418874865452e+01
-8.579974423008775375e+01
-8.580021208742459748e+01
-8.580067777093847781e+01
-8.580114129070125273e+01
-8.580160265676954623e+01
-8.580206187914313887e+01
-8.580251896776690046e+01
-8.580297393255614224e+01
-8.580342678335705386e+01
-8.580387753000127304e+01
-8.580432618233339781e+01
-8.580477274989732450e+01
-8.580521724247159909e+01
-8.580565966968140401e+01
-8.580610004112509159e+01
